
Last position-specific scoring matrix computed, weighted observed percentages rounded down, information per position, and relative weight of gapless real matches to pseudocounts
            A   R   N   D   C   Q   E   G   H   I   L   K   M   F   P   S   T   W   Y   V   A   R   N   D   C   Q   E   G   H   I   L   K   M   F   P   S   T   W   Y   V
    1 M    -1  -2  -3  -4  -2  -1  -2  -3  -2   1   2  -2   7   0  -3  -2  -1  -2  -1   1    0   0   0   0   0   0   0   0   0   0   0   0 100   0   0   0   0   0   0   0  0.48 0.04
    2 T    -2   2  -1  -2  -4   0   0  -3  -2  -3  -3   6  -2  -4  -2  -1   1  -4  -3  -3    0   8   0   0   0   0   0   0   0   0   0  80   0   0   0   0  13   0   0   0  0.82 0.18
    3 S    -1  -1   2  -2  -2  -1  -2  -2  -2   1  -1   0   4  -2  -2   1   4  -3  -2   0    0   0  14   0   0   0   0   0   0  14   0   8  19   0   0   7  38   0   0   0  0.30 0.12
    4 L    -3  -3  -5  -5  -2  -3  -4  -5  -4   1   5  -4   1   2  -4  -4  -2  -2  -1   0    0   0   0   0   0   0   0   0   0   0  93   0   0   7   0   0   0   0   0   0  0.85 0.18
    5 I    -1  -3  -4  -4  -2  -3  -3  -4  -4   4   1  -3   0  -1  -3  -2   0  -4  -2   5    0   0   0   0   0   0   0   0   0  26   5   0   0   0   0   0   7   0   0  62  0.58 0.14
    6 A     4  -3  -3  -3  -1  -2  -2  -1  -3   0  -1  -2  -1  -3   1   0   1  -4  -3   2   61   0   0   0   0   0   0   0   0   0   0   0   0   0   5   0   7   0   0  27  0.45 0.14
    7 F    -3  -4  -4  -5  -4  -4  -4  -4  -2  -1   0  -4  -1   8  -5  -4  -3   0   4  -2    0   0   0   0   0   0   0   0   0   0   6   0   0  81   0   0   0   0  13   0  1.29 0.21
    8 L     0  -3  -3  -4   5  -3  -3  -3  -4   1   2  -3   0  -2  -3  -2   0  -3  -2   4    8   0   0   0  15   0   0   0   0   0  18   0   0   0   0   0   7   0   0  51  0.43 0.12
    9 F    -3  -4  -4  -5  -3  -4  -4  -4  -3   0   3  -4   0   6  -4  -4  -3   5   1  -1    0   0   0   0   0   0   0   0   0   0  36   0   0  56   0   0   0   8   0   0  0.88 0.17
   10 T     0  -2  -1  -2  -2  -2  -2  -2  -3  -2  -2  -2  -2  -3  -2   2   6  -4  -3  -1    6   0   0   0   0   0   0   0   0   0   0   0   0   0   0   8  86   0   0   0  0.92 0.21
   11 V    -2  -4  -4  -4  -2  -3  -4  -4  -4   4   2  -3   0   1  -4  -3  -1  -3  -1   4    0   0   0   0   0   0   0   0   0  47  12   0   0   6   0   0   0   0   0  36  0.56 0.12
   12 L    -2  -3  -4  -4  -2  -3  -4  -4  -3   2   4  -3   3   3  -4  -3  -2  -2   0   0    0   0   0   0   0   0   0   0   0  14  58   0   8  19   0   0   0   0   0   0  0.57 0.12
   13 V    -3  -4  -4  -5  -3  -4  -4  -4  -3   0   2  -4   0   7  -4  -3  -3  -1   1   1    0   0   0   0   0   0   0   0   0   0  20   0   0  65   0   0   0   0   0  15  0.85 0.17
   14 I     0  -4  -4  -4  -2  -3  -4   0  -4   5   0  -3   0  -1  -3  -2  -1  -4  -2   3    7   0   0   0   0   0   0   8   0  57   0   0   0   0   0   0   0   0   0  28  0.51 0.14
   15 V    -2  -4  -4  -4  -2  -3  -4  -4  -4   5   1  -3   2  -1  -3  -2   1  -4  -2   3    0   0   0   0   0   0   0   0   0  68   0   0   7   0   0   0  12   0   0  13  0.62 0.15
   16 S     0  -2  -1  -1  -2  -1  -1  -1  -2  -4  -4  -1  -3  -4  -2   6   0  -4  -3  -3    0   0   0   0   0   0   0   0   0   0   0   0   0   0   0 100   0   0   0   0  1.05 0.24
   17 S    -1  -2  -1  -2  -2  -2  -2  -2  -1  -3  -2  -2  -2   4  -3   4   0  -1   4  -2    0   0   0   0   0   0   0   0   0   0   0   0   0  22   0  57   0   0  21   0  0.59 0.17
   18 V     0  -4  -4  -4  -2  -3  -3  -4  -4   2   0  -3   0  -2  -3  -2  -1  -4  -2   6    7   0   0   0   0   0   0   0   0   7   0   0   0   0   0   0   0   0   0  86  0.75 0.18
   19 H    -3  -2  -1  -3  -5  -1  -2  -4  10  -5  -4  -2  -3  -3  -4  -2  -3  -4   0  -5    0   0   0   0   0   0   0   0 100   0   0   0   0   0   0   0   0   0   0   0  2.14 0.31
   20 C    -2  -5  -4  -5  11  -4  -5  -4  -4  -3  -3  -4  -3  -4  -4   0  -2  -4  -4  -2    0   0   0   0  93   0   0   0   0   0   0   0   0   0   0   7   0   0   0   0  2.23 0.30
   21 R    -1   4  -1  -1  -2   1   0  -2   3  -1   1   1  -1  -2  -1  -1  -1  -2  -1  -1    2  42   1   2   1   8   2   2   9   1  18   2   1   1   2   2   2   0   1   2  0.28 0.06
   22 M     0  -1  -1  -1  -1  -1  -1  -1  -1  -1  -1  -1   2  -2   4   1   2  -2  -2  -1    2   1   1   2   1   1   2   2   1   1   3   2  13   1  25  15  24   0   1   2  0.37 0.06
   23 T     0  -1   0  -1  -1  -1  -1  -1  -2  -1  -1  -1  -1  -2  -1   1   5  -2  -2  -1    2   1   1   2   1   1   2   2   1   1   3   2   1   1   2  10  65   0   1   2  0.47 0.10
   24 T     0  -2  -1  -2  -2  -1  -1  -2   2   0  -2  -1  -2   1  -2   3   4  -3  -1  -1    0   0   0   0   0   0   0   0   8   8   0   0   0   8   0  42  34   0   0   0  0.40 0.14
   25 A     2  -2   0   4  -2  -1   0   2  -2  -3  -3   0  -3  -4  -2   1   0  -4  -3  -2   29   0   0  35   0   0   0  15   0   0   0   8   0   0   0   7   6   0   0   0  0.40 0.10
   26 S     0   2   0   0  -2  -1  -1   2  -2  -1  -2  -1  -2  -3   1   3   1  -3  -2  -2    1  15   0   6   0   0   0  21   0   6   1   0   0   0   8  34   6   0   0   0  0.27 0.08
   27 T     1  -1  -1  -1  -1  -1  -1  -1  -2   0  -2   0  -1  -2  -1   3   3  -3  -2   0   15   0   0   0   0   0   0   1   0   8   1   8   0   0   0  28  30   0   0   6  0.26 0.08
   28 P    -1  -2  -2  -2  -3   0  -1  -2  -2  -2   0  -2  -2  -3   7   1  -1  -4  -3  -2    1   0   0   0   0   6   0   1   0   0  12   0   0   0  58  18   0   0   0   0  1.10 0.15
   29 G    -1  -3  -1  -2  -3  -3  -3   6  -3  -4  -1  -2  -3  -4  -3   0  -2  -4  -4  -4    0   0   0   0   0   0   0  84   0   0   8   0   0   0   0   8   0   0   0   0  1.12 0.18
   30 Y    -2  -3  -3  -4  -3  -3  -3  -4  -1   1  -1  -3  -1   5  -4   1  -2   0   6   0    0   0   0   0   0   0   0   0   0  12   0   0   0  26   0  14   0   0  41   7  0.64 0.14
   31 G    -1  -3  -1  -2  -3  -2   0   6  -3  -4  -4  -2  -3  -4  -3  -1  -2  -3  -4  -4    1   0   0   0   0   0   8  86   0   0   1   0   0   0   0   1   0   0   0   0  1.17 0.17
   32 I    -2  -3  -3  -2  -2  -2   1  -4  -3   5   0  -2   2  -1  -3  -2  -1  -3  -2   1    1   0   0   0   0   0  17   1   0  70   1   0   7   0   0   1   0   0   0   0  0.50 0.15
   33 K    -1   0   2  -1  -3   0   1   1   2  -3  -1   3  -2  -3  -2  -1   0  -3  -2  -2    1   0  13   0   0   0   8  15   8   0   8  38   0   0   0   1   5   0   0   0  0.26 0.08
   34 Q    -2   1  -1   2  -4   4   2   0  -1  -3  -1   0  -1   0   1  -1  -2  -3  -2  -3    0   8   0  15   0  30  17   7   0   0   8   0   0   7   7   0   0   0   0   0  0.32 0.09
   35 E    -1   1   3   3  -3   2   2  -2  -1  -3  -3   0  -2  -4  -2   0   2  -4  -3  -3    5   7  15  25   0  13  19   0   0   0   0   0   0   0   0   0  16   0   0   0  0.43 0.09
   36 D    -1   0  -1   3  -3  -1   0   0  -1   0  -2  -1  -2  -1  -2   0   1   5   2  -1    1   8   0  21   0   0   6   8   0   8   1   0   0   0   0   8  13  12  12   1  0.24 0.07
   37 R     0   3  -1  -1  -3   0   1   0   1   0  -2   3  -1  -3  -2  -1  -1  -3  -2   0    7  20   0   0   0   0  14   9   6   8   1  24   0   0   0   1   0   0   0   8  0.19 0.06
   38 L     0   3  -1  -2  -2   3  -1  -3  -2   1   0   2  -1  -2  -2  -1   0  -3  -2   1    7  21   0   0   0  19   0   0   0   8   6  12   0   0   0   0   7   0   0  19  0.20 0.07
   39 C    -2   0  -4  -5  10  -4  -4  -4  -4  -3  -3  -3  -3  -4   1  -2  -2  -4  -4  -2    0   7   0   0  85   0   0   0   0   0   0   0   0   0   8   0   0   0   0   0  1.91 0.27
   40 I    -2  -2  -3  -3  -3  -2   0  -3  -1   0  -1   0  -1   6  -3  -2  -2   0   4   0    1   0   0   0   0   0   8   1   0   7   1   7   0  52   0   1   0   0  12   8  0.52 0.12
   41 Q    -1  -1   0   2  -2   2   0  -2  -1  -1  -2   0  -1  -2  -2   1   3   4  -1   0    1   1   1  15   0  14   1   1   0   1   1   6   0   1   1  13  26   8   0   9  0.24 0.07
   42 G    -1   0  -2  -2   3  -1  -2   0  -2   0   0  -1  -1   1   4  -1   2  -2  -1  -1    1   9   1   1   8   1   1   7   0   7   8   1   0   8  24   1  23   0   0   1  0.29 0.06
   43 Q     0   1  -1   2   2   1   2  -2  -1  -2  -2   1  -2   0   2   0  -1  -3  -1  -2   12   8   0  18   8   7  14   1   0   0   1   7   0   8   9   6   0   0   0   0  0.20 0.05
   44 E     0  -2  -1   1  -2  -1   0   0   2  -3  -3  -1  -2  -2   5   0  -1  -2   1  -2    9   1   1   7   0   1   7   8   6   1   1   1   0   1  37   8   1   0   8   1  0.55 0.08
   45 G     0  -2  -2  -2   7  -2  -2   1  -2  -1  -1  -2  -1   1  -2  -1  -1  -2  -1   0    8   1   1   1  40   1   2  16   1   1   2   1   1   8   1   2   1   0   1  10  0.48 0.08
   46 T    -1  -1  -1   1  -2   0  -1  -2  -1  -1   1  -1   0   3   1   0   1  -1   0  -1    2   1   1   9   0   8   2   2   1   1  16   1   1  24   7   9  13   0   1   2  0.11 0.04
   47 K     1   0   1   0  -2   1   2  -1   0  -2  -2   1  -1   1  -1   0   0  -1   1  -1   17   1   8   1   0   9  17   2   0   1   2  14   0   8   1   2   7   0   7   1  0.13 0.04
   48 L    -1  -1  -1  -1   3  -1  -1   1  -1   0   2  -1   0   0   2  -1  -1  -1   1   0    4   2   2   2   8   2   3  11   1   2  29   3   1   2   9   3   3   1   9   3  0.08 0.02
   49 C    -1  -2  -2  -2   8  -1  -2  -2  -2  -1  -1   0  -1  -2   1  -1  -1  -2  -2  -1    3   2   2   2  53   1   2   3   1   2   3   9   1   1   7   2   2   0   1   2  0.75 0.10
   50 S    -1   0  -1  -1  -2   0   1  -2  -1   0  -2   0  -2  -2   5   0  -1  -2  -2  -1    2   7   1   1   0   1  14   2   1   8   2   7   1   1  39   8   1   0   1   2  0.58 0.07
   51 S     0   3  -1  -1  -2   0  -1   2  -1  -2  -2   3  -2  -2  -2   0  -1  -2   1  -1    8  21   1   1   0   1   1  15   0   1   1  27   0   0   1   7   1   0   7   7  0.21 0.06
   52 G     0   2  -1  -2  -3   1   0   4  -2  -3  -3   0  -2  -3  -2  -1  -2  -3  -3  -1    6  20   0   0   0   9   7  46   0   0   1   0   0   0   0   1   0   0   0   7  0.44 0.09
   53 T    -1  -3  -1   0  -3   1  -2   6  -2  -4  -4  -2  -3  -3  -3  -1   0  -3   1  -4    0   0   0   7   0   8   0  71   0   0   0   0   0   0   0   0   6   0   8   0  0.84 0.15
   54 S    -1  -2   1   2  -3   0   2   1  -2  -1   0  -1   1  -2  -2   0   1  -3  -2   0    0   0   5  14   0   0  20  15   0   0  13   0   8   0   0   6  12   0   0   7  0.15 0.06
   55 R     1   2   1   0  -2   0  -1   0   2   0   0   0  -1   0  -2  -1  -1  -3  -1  -1   22  14   7   5   0   6   0   6   7   8  14   6   0   5   0   0   0   0   0   0  0.06 0.04
   56 D     0  -2  -1   3  -3  -1   0   4  -2  -4  -4   0  -3  -3   1   0  -1  -3   0  -3    7   0   0  20   0   0   5  40   0   0   0   8   0   0   8   7   0   0   5   0  0.44 0.09
   57 C    -2  -5  -4  -5  11  -5  -5  -4  -5  -3  -3  -5  -3  -4  -5  -2  -2  -4  -4  -2    0   0   0   0 100   0   0   0   0   0   0   0   0   0   0   0   0   0   0   0  2.54 0.32
   58 L    -1   0  -1   2  -3   1   2  -3  -2   2   0  -1   1  -2  -2  -1   2  -3  -2   0    0   6   0  14   0   5  20   0   0  22   6   0   6   0   0   0  20   0   0   0  0.19 0.08
   59 N     0   2   1  -1  -2   0   1  -2  -1  -1   0   1   1  -2  -2   0   1  -3  -2   1    6  12   6   0   0   0  14   0   0   0   7  14   6   0   0   7  12   0   0  15  0.12 0.05
   60 F    -3  -3   0  -4  -4  -3  -4  -4  -1  -2  -1  -4  -1   7  -5  -3  -3   4   5  -2    0   0   8   0   0   0   0   0   0   0   0   0   0  65   0   0   0   6  21   0  1.08 0.19
   61 C    -2  -5  -4  -5  11  -5  -5  -4  -5  -3  -3  -5  -3  -4  -5  -2  -2  -4  -4  -2    0   0   0   0 100   0   0   0   0   0   0   0   0   0   0   0   0   0   0   0  2.54 0.32
   62 L    -1   3  -1  -2  -3   0  -1   0   2  -2  -1   2  -1  -3  -2   1   1  -3  -2  -1    0  19   0   0   0   0   0   7   8   0   6  22   0   0   0  19  13   0   0   5  0.22 0.08
   63 I     1   2   1   0  -2   0   1  -2  -1   1  -2   0  -1  -3   1   1   1  -3  -2  -1   12  20   8   6   0   0   8   0   0  18   0   0   0   0   7  13   7   0   0   0  0.15 0.06
   64 R    -1   1   2  -2  -2   0  -1  -2  -2  -1   1   3   3  -2  -2   1  -1  -3  -2   0    0   6  13   0   0   0   0   0   0   0  18  26  14   0   0  14   0   0   0   8  0.17 0.08
   65 G     0  -1   1   0  -3  -1  -1   2   2  -2   0   2  -1   0  -2   1  -1  -3  -1  -2    8   0   7   6   0   0   0  20   8   0  13  20   0   6   0  12   0   0   0   0  0.13 0.06
   66 Y    -2  -3  -2  -3  -2  -2  -3  -3  -1  -1   1  -3   0   5  -3  -1   0   0   4   0    1   0   0   0   0   0   1   1   0   0  12   0   0  40   0   7   8   0  22   6  0.48 0.10
   67 A     1  -1  -1   3  -2  -1   1  -2  -2  -1   2   0   0  -2  -2   0   1  -3  -2  -1   14   0   0  22   0   0   7   0   0   0  29   8   0   0   0   6  13   0   0   0  0.17 0.07
   68 G    -2   0  -1   0  -3  -2  -2   0   3   0  -1  -2  -1   3  -3   0   0   0   5   0    0   7   0   8   0   0   0   6   8   5   0   0   0  19   0   7   6   0  27   6  0.26 0.09
   69 G    -1  -3  -2  -3  -4  -3  -3   7  -3  -5  -5  -3  -4  -3  -3  -1  -3  -3   1  -4    0   0   0   0   0   0   0  92   0   0   0   0   0   0   0   0   0   0   8   0  1.36 0.20
   70 S    -1   0  -1  -1  -2   1   1  -3  -1   1   0   2   0  -1  -2   0   0  -2   2   1    0   0   0   0   0   8  13   0   0   8  13  20   0   0   0   6   6   0  13  12  0.12 0.06
   71 C    -2  -5  -4  -5  11  -5  -5  -4  -5  -3  -3  -5  -3  -4  -5  -2  -2  -4  -4  -2    0   0   0   0 100   0   0   0   0   0   0   0   0   0   0   0   0   0   0   0  2.54 0.32
   72 Y    -1   1   1   2  -2  -1   0  -2  -1   1   0  -1  -1   1  -2  -1   1  -2   1   0    1  14   8  14   0   0   6   1   0  14   6   0   0   6   0   1  14   0   7   9  0.08 0.04
   73 A     0  -1   3   1  -2  -1  -1   2  -1  -3  -3   0  -2  -3  -2   2   1  -3  -2  -2    7   0  22   7   0   0   0  22   0   0   1   8   0   0   0  17  13   0   0   0  0.31 0.07
   74 Y     0   1   0   2  -2   0   2  -1  -1   0  -1   1  -1  -1  -1   0   0  -1   1  -1    9  10   1  13   1   1  17   2   1  10   3   8   1   1   2   8   2   0   8   2  0.10 0.02
   75 T     0   1   1   1  -2   0   0   1  -1  -1  -2   0  -1  -2   3   1   1  -2  -2  -1    2   8   9   9   1   1   2   9   1   1   2   2   1   1  13  16  15   0   1   7  0.18 0.03
   76 L    -1  -1  -1  -1   2   1   0  -2  -1   1   1   0   0  -1  -1  -1  -1  -1  -1   1    3   2   2   2   8   9   9   3   1   9  25   8   1   2   2   3   2   1   1   8  0.05 0.02
   77 D    -1  -1   1   3  -2   0   2   1   2  -2  -2  -1  -2  -1  -1  -1  -1   4   1  -2    2   2   8  19   1   1  16  13   7   2   3   2   1   1   2   2   2   7   8   2  0.22 0.04
   78 Q     0   0  -1  -1   4   2   0  -2   2   0  -1   2  -1  -2  -1  -1  -1  -2  -1   1    9   1   1   1  14  13   1   2   8   6   2  23   0   1   1   2   1   0   1  13  0.14 0.05
   79 C    -2  -5  -4  -5  11  -5  -5  -4  -5  -3  -3  -5  -3  -4  -5  -2  -2  -4  -4  -2    0   0   0   0 100   0   0   0   0   0   0   0   0   0   0   0   0   0   0   0  2.54 0.32
   80 C    -2  -5  -4  -5  11  -5  -5  -4  -5  -3  -3  -5  -3  -4  -4  -2  -2  -4  -4  -2    0   0   0   0 100   0   0   0   0   0   0   0   0   0   0   0   0   0   0   0  2.46 0.29
   81 C    -2  -5  -4  -5  11  -4  -5  -4  -5  -3  -3  -5  -3  -4  -4  -2  -2  -4  -4  -2    0   0   0   0 100   0   0   0   0   0   0   0   0   0   0   0   0   0   0   0  2.37 0.27
   82 R    -1   3   0  -1  -3   3   1  -2   5  -3  -3   3  -1  -3  -2  -1  -1  -3  -1  -3    0  24   0   0   0  23   0   0  25   0   0  28   0   0   0   0   0   0   0   0  0.45 0.02
   83 I    -2  -3  -4  -3  -1  -3  -4  -4  -4   5   2  -3   1   0  -3  -3  -1  -3  -2   3    0   0   0   0   0   0   0   0   0 100   0   0   0   0   0   0   0   0   0   0  0.42 0.01
   84 P    -1  -2  -2  -1  -3  -1  -1  -2  -2  -3  -3  -1  -2  -4   7  -1  -1  -4  -3  -2    0   0   0   0   0   0   0   0   0   0   0   0   0   0   0   0   0   0   0   0  0.00     0.00
   85 P    -1  -2  -2  -1  -3  -1  -1  -2  -2  -3  -3  -1  -2  -4   7  -1  -1  -4  -3  -2    0   0   0   0   0   0   0   0   0   0   0   0   0   0   0   0   0   0   0   0  0.00     0.00
   86 P    -1  -2  -2  -1  -3  -1  -1  -2  -2  -3  -3  -1  -2  -4   7  -1  -1  -4  -3  -2    0   0   0   0   0   0   0   0   0   0   0   0   0   0   0   0   0   0   0   0  0.00     0.00
   87 K    -1   2   0  -1  -3   1   1  -2  -1  -3  -2   5  -1  -3  -1   0  -1  -3  -2  -2    0   0   0   0   0   0   0   0   0   0   0   0   0   0   0   0   0   0   0   0  0.00     0.00
   88 L    -1  -2  -3  -4  -1  -2  -3  -4  -3   2   4  -2   2   0  -3  -2  -1  -2  -1   1    0   0   0   0   0   0   0   0   0   0   0   0   0   0   0   0   0   0   0   0  0.00     0.00
   89 K    -1   2   0  -1  -3   1   1  -2  -1  -3  -2   5  -1  -3  -1   0  -1  -3  -2  -2    0   0   0   0   0   0   0   0   0   0   0   0   0   0   0   0   0   0   0   0  0.00     0.00

                      K         Lambda
Standard Ungapped    0.1397     0.3270
Standard Gapped      0.0367     0.2670
PSI Ungapped         0.1199     0.3169
PSI Gapped           0.0367     0.2670
