
Last position-specific scoring matrix computed, weighted observed percentages rounded down, information per position, and relative weight of gapless real matches to pseudocounts
            A   R   N   D   C   Q   E   G   H   I   L   K   M   F   P   S   T   W   Y   V   A   R   N   D   C   Q   E   G   H   I   L   K   M   F   P   S   T   W   Y   V
    1 M    -1  -1  -2  -3  -2   0  -2  -3  -2   1   2  -1   6   0  -3  -2  -1  -2  -1   1    0   0   0   0   0   0   0   0   0   0   0   0 100   0   0   0   0   0   0   0  0.33 0.00
    2 E    -1   0   0   2  -4   2   5  -2   0  -3  -3   1  -2  -3  -1   0  -1  -3  -2  -3    0   0   0   0   0   0 100   0   0   0   0   0   0   0   0   0   0   0   0   0  0.73 0.00
    3 E    -1   0   4   2  -3   1   4  -1   0  -3  -3   0  -2  -3  -2   0   0  -4  -2  -3    0   0  50   0   0   0  50   0   0   0   0   0   0   0   0   0   0   0   0   0  0.54 0.00
    4 E    -1   0   0   2  -4   2   5  -2   0  -3  -3   1  -2  -3  -1   0  -1  -3  -2  -3    0   0   0   0   0   0 100   0   0   0   0   0   0   0   0   0   0   0   0   0  0.73 0.00
    5 T     0  -1   0  -1  -1  -1  -1  -2  -2  -1  -1  -1  -1  -2  -1   1   5  -3  -2   0    0   0   0   0   0   0   0   0   0   0   0   0   0   0   0   0 100   0   0   0  0.46 0.00
    6 E    -1   0   0   2  -4   2   5  -2   0  -3  -3   1  -2  -3  -1   0  -1  -3  -2  -3    0   0   0   0   0   0 100   0   0   0   0   0   0   0   0   0   0   0   0   0  0.73 0.00
    7 T    -1  -2  -1  -2  -1  -1  -2  -3  -2   1   3  -2   1  -1  -2   0   3  -2  -1   0    0   0   0   0   0   0   0   0   0   0  50   0   0   0   0   0  50   0   0   0  0.24 0.01
    8 R    -2   6   0  -2  -4   1   0  -3   0  -3  -2   2  -1  -3  -2  -1  -1  -3  -2  -3    0 100   0   0   0   0   0   0   0   0   0   0   0   0   0   0   0   0   0   0  0.74 0.00
    9 V     0  -3  -3  -3  -1  -2  -3  -3  -3   3   1  -2   1  -1  -3  -2   0  -3  -1   4    0   0   0   0   0   0   0   0   0   0   0   0   0   0   0   0   0   0   0 100  0.34 0.00
   10 F    -1  -3  -3  -4  -2  -3  -3  -3  -2   2   1  -3   0   5  -3  -2  -1   0   2   3    0   0   0   0   0   0   0   0   0   0   0   0   0  50   0   0   0   0   0  50  0.34 0.01
   11 L    -1   0  -1  -2  -2   4   0  -3  -1   0   2   0   1  -1  -2  -1  -1  -2  -1   0    0   0   0   0   0  50   0   0   0   0  50   0   0   0   0   0   0   0   0   0  0.25 0.00
   12 S     0   0   0   0  -2   4   1  -1   0  -3  -2   1  -1  -3  -1   3   1  -3  -2  -2    0   0   0   0   0  50   0   0   0   0   0   0   0   0   0  50   0   0   0   0  0.40 0.00
   13 N    -2   4   4   0  -3   1   0  -1   0  -3  -3   1  -2  -3  -2   0  -1  -3  -2  -3    0  50  50   0   0   0   0   0   0   0   0   0   0   0   0   0   0   0   0   0  0.51 0.00
   14 E    -1   0   0   2  -4   2   5  -2   0  -3  -3   1  -2  -3  -1   0  -1  -3  -2  -3    0   0   0   0   0   0 100   0   0   0   0   0   0   0   0   0   0   0   0   0  0.73 0.00
   15 Q    -1   1   0   1  -4   4   4  -2   0  -3  -3   1  -1  -3  -1   0  -1  -3  -2  -3    0   0   0   0   0  50  50   0   0   0   0   0   0   0   0   0   0   0   0   0  0.60 0.00
   16 H    -1  -1   0  -1  -3   0  -1   4   6  -4  -3  -1  -2  -2  -2  -1  -2  -3   0  -3    0   0   0   0   0   0   0  50  50   0   0   0   0   0   0   0   0   0   0   0  0.61 0.00
   17 Q    -1   0   0   1  -4   4   5  -2   0  -3  -3   1  -2  -3  -1   0  -1  -3  -2  -3    0   0   0   0   0  28  72   0   0   0   0   0   0   0   0   0   0   0   0   0  0.64 0.01
   18 E    -1   3   0   3  -4   1   4  -2   0  -3  -3   1  -2  -3  -2   0  -1  -3  -2  -3    0  28   0  23   0   0  50   0   0   0   0   0   0   0   0   0   0   0   0   0  0.54 0.01
   19 E    -1   0   0   2  -4   2   6  -2   0  -4  -3   1  -2  -4  -1   0  -1  -3  -2  -3    0   0   0   0   0   0 100   0   0   0   0   0   0   0   0   0   0   0   0   0  0.78 0.02
   20 E    -1   0   0   3  -3   3   3  -1   0  -3  -3   0  -2  -3  -1   2   0  -3  -2  -3    0   0   0  28   0  28  22   0   0   0   0   0   0   0   0  23   0   0   0   0  0.44 0.01
   21 E    -1   0   0   3  -3   3   3  -2  -1  -2  -3   0  -2  -3  -1   0   2  -3  -2  -2    0   0   0  28   0  23  22   0   0   0   0   0   0   0   0   0  28   0   0   0  0.40 0.01
   22 E    -1  -1  -1  -1  -3   0   2  -3   5   0  -1  -1  -1  -2   4  -1  -1  -3   0   1    0   0   0   0   0   0  22   0  28   0   0   0   0   0  23   0   0   0   0  28  0.36 0.01
   23 E    -1  -1  -2  -1  -2   2   2  -3  -1   2   2   0   1  -1  -2  -1  -1  -2  -2   1    0   0   0   0   0  23  22   0   0  28  28   0   0   0   0   0   0   0   0   0  0.17 0.01
   24 E     2  -1   3   0  -2   0   2   3  -1  -3  -3   0  -2  -3  -2   0  -1  -3  -2  -2   28   0  23   0   0   0  22  28   0   0   0   0   0   0   0   0   0   0   0   0  0.33 0.01
   25 E     2  -1  -1   0  -2   1   4  -1  -1  -3  -3   0  -2  -3   4   0  -1  -3  -2  -2   28   0   0   0   0   0  50   0   0   0   0   0   0   0  23   0   0   0   0   0  0.52 0.01
   26 E     0  -1  -1   0  -2   0   2  -2  -2  -2  -2   0  -1  -3   4   1   4  -3  -2  -1    0   0   0   0   0   0  22   0   0   0   0   0   0   0  23   0  55   0   0   0  0.49 0.01
   27 P    -1  -2  -2  -2  -3  -2  -1  -2  -2  -3  -3  -1  -3  -4   8  -1  -1  -4  -3  -3    0   0   0   0   0   0   0   0   0   0   0   0   0   0 100   0   0   0   0   0  2.09 0.03
   28 S     4  -1  -1  -2  -1  -1  -1   0  -2  -2  -2  -1  -1  -3  -1   2   0  -3  -2  -1   78   0   0   0   0   0   0   0   0   0   0   0   0   0   0  22   0   0   0   0  0.38 0.01
   29 L    -2  -2  -2  -3  -2  -1  -2  -3   5   0   2  -2   1   1  -3  -2  -2   0   4  -1    0   0   0   0   0   0   0   0  28   0  45   0   0   0   0   0   0   0  28   0  0.33 0.01
   30 P    -1   2  -2  -2  -3  -1  -1  -2  -2  -3  -3   0  -2  -4   7  -1  -1  -4  -3  -3    0  23   0   0   0   0   0   0   0   0   0   0   0   0  77   0   0   0   0   0  1.50 0.02
   31 R     1   4  -1  -1  -3   1   2  -2  -1  -3  -2   3  -2  -3  -1   0  -1  -3  -2  -2   22  33   0   0   0   0  22   0   0   0   0  24   0   0   0   0   0   0   0   0  0.36 0.02
   32 S     2   2   0  -1  -2   0  -1   2  -1  -3  -3   0  -2  -3  -1   3   0  -3  -2  -2   22  17   0   0   0   0   0  22   0   0   0   0   0   0   0  40   0   0   0   0  0.31 0.02
   33 M     1  -2  -3  -3  -1  -1  -2  -2  -2   1   2  -2   4   2  -2  -1  -1  -1   0   0   24   0   0   0   0   0   0   0   0   0  22   0  38  17   0   0   0   0   0   0  0.21 0.02
   34 V    -1   0   2  -1  -2  -1  -1  -2   0   0  -1   2  -1   0  -2  -1  -1  -1   3   2    0   0  22   0   0   0   0   0   0   0   0  24   0   0   0   0   0   0  22  33  0.14 0.02
   35 I    -1  -2  -2  -2  -1  -2  -2  -2  -2   3   1  -2   1   3  -2  -2  -1  -1   1   2    2   1   1   1   0   1   1   2   0  34   2   1   0  24   1   2   1   0   1  23  0.17 0.01
   36 S     2  -1  -1  -2  -1  -1  -1  -1  -1   0   1  -1   0   0  -1   1   0  -1   2   0   35   1   1   1   0   1   1   1   0   1  23   1   0   1   1  15   1   0  15   1  0.12 0.01
   37 L    -2  -3  -4  -4  -2  -3  -3  -4  -3   2   4  -3   2   0  -3  -3  -2  -2  -1   1    0   0   0   0   0   0   0   0   0  10  90   0   0   0   0   0   0   0   0   0  0.55 0.06
   38 Y    -2  -2  -3  -4  -3  -2  -3  -4   1  -2  -2  -2  -2   3  -4  -2  -2   2   8  -2    0   0   0   0   0   0   0   0   0   0   0   0   0   0   0   0   0   0 100   0  1.24 0.10
   39 L     2  -2  -3  -3  -1  -2  -2  -2  -3   1   2  -2   1  -1  -2  -1  -1  -3  -2   2   40   0   0   0   0   0   0   0   0   0  28   0   0   0   0   0   0   0   0  32  0.22 0.04
   40 G     1  -2   0  -1  -2  -1  -2   5  -2  -3  -3  -1  -2  -3  -2   2  -1  -3  -3  -3   14   0   0   0   0   0   0  60   0   0   0   0   0   0   0  27   0   0   0   0  0.64 0.05
   41 Y    -2  -2  -1  -3   6  -1  -2  -3   6  -2  -2  -2  -2   0  -3  -2  -2   0   5  -2    0   0   0   0  27   0   0   0  40   0   0   0   0   0   0   0   0   0  33   0  0.73 0.07
   42 F     0  -2  -2  -3  -2  -2  -2  -2  -2   0   2  -2   1   4  -3   1  -1  -1   1   0   10   0   0   0   0   0   0   0   0   0  40   0   0  31   0  18   0   0   0   0  0.23 0.03
   43 L     0  -3  -3  -4  -1  -2  -3  -3  -3   1   3  -3   1   2  -3  -2  -1  -2   0   1   14   0   0   0   0   0   0   0   0   0  60   0   0  13   0   0   0   0   0  14  0.30 0.03
   44 A     2  -2  -1  -1  -2  -1  -1   4  -2  -3  -3  -1  -2  -3  -2   2   0  -3  -3  -2   31   0   0   0   0   0   0  40   0   0   0   0   0   0   0  29   0   0   0   0  0.48 0.04
   45 R    -1   3   4   0  -3   0  -1  -2   0  -3  -3   0  -2  -3  -2   0   2  -3  -2  -2    0  31  40   0   0   0   0   0   0   0   0   0   0   0   0   0  29   0   0   0  0.45 0.05
   46 W     0  -3  -4  -4  -2  -2  -3  -3  -3  -1   1  -3   0   0  -4  -2  -2  10   1  -2   14   0   0   0   0   0   0   0   0   0  27   0   0   0   0   0   0  60   0   0  1.34 0.08
   47 G     0  -2  -1  -2  -2  -2  -2   4  -2   0  -2  -2  -1  -3  -2   1   1  -3  -2   1    0   0   0   0   0   0   0  49   0   0   0   0   0   0   0  10  14   0   0  27  0.38 0.04
   48 A     2  -1   0   4  -3   1   4  -1  -1  -3  -3   0  -2  -3  -1   0  -1  -4  -3  -2   31   0   0  29   0   0  40   0   0   0   0   0   0   0   0   0   0   0   0   0  0.46 0.04
   49 R    -2   5  -1  -1  -4   4   1  -3   0  -3  -3   2  -1  -4  -2  -1  -1  -3  -2  -3    0  60   0   0   0  40   0   0   0   0   0   0   0   0   0   0   0   0   0   0  0.72 0.07
   50 T    -1  -2  -2  -3  -2  -1  -2  -3  -2   1   3  -2   5   0  -3  -1   2  -2  -1   0    0   0   0   0   0   0   0   0   0   0  40   0  40   0   0   0  20   0   0   0  0.35 0.05
   51 W    -3  -4  -5  -5  -3  -3  -4  -3  -3  -3  -2  -4  -2   0  -5  -4  -3  12   2  -4    0   0   0   0   0   0   0   0   0   0   0   0   0   0   0   0   0 100   0   0  2.85 0.14
   52 E    -2  -1   5   1  -4   1   3  -1   4  -4  -4   0  -2  -3  -2   0  -1  -4  -1  -3    0   0  51   0   0   0  31   0  18   0   0   0   0   0   0   0   0   0   0   0  0.59 0.06
   53 F    -3  -3  -4  -4  -3  -4  -4  -4  -2  -1   0  -4   0   7  -4  -3  -3   1   3  -1    0   0   0   0   0   0   0   0   0   0   0   0   0 100   0   0   0   0   0   0  1.06 0.09
   54 S     3  -1  -1  -1  -1  -1  -1   0  -2  -2  -2  -1  -1  -3  -1   3   2  -3  -2  -1   55   0   0   0   0   0   0   0   0   0   0   0   0   0   0  31  14   0   0   0  0.38 0.05
   55 V    -1  -3  -4  -4  -2  -3  -3  -3  -3   1   0  -3   0   0  -3  -3  -1   9   0   4    0   0   0   0   0   0   0   0   0   0   0   0   0   0   0   0   0  40   0  60  0.95 0.08
   56 A     2  -2  -1  -2  -2  -1  -1   1  -2  -3  -3  -1  -2  -3   5   2   0  -3  -3  -2   30   0   0   0   0   0   0  11   0   0   0   0   0   0  40  18   0   0   0   0  0.73 0.04
   57 L     2  -2  -2  -3  -1  -2  -2  -2  -3   1   2  -2   1  -1  -2   1   0  -3  -2   2   27   0   0   0   0   0   0   0   0   0  31   0   0   0   0  14   0   0   0  29  0.17 0.03
   58 Y     2  -2  -2  -3  -2  -2  -2  -2   0  -1  -1  -2  -1   4  -2  -1  -1   0   5  -1   40   0   0   0   0   0   0   0   0   0   0   0   0  29   0   0   0   0  31   0  0.41 0.05
   59 M    -1  -2  -3  -4  -2  -2  -3  -4  -3   2   3  -2   4   0  -3  -2  -1  -2  -1   2    0   0   0   0   0   0   0   0   0  14  42   0  31   0   0   0   0   0   0  14  0.38 0.04
   60 I     3  -3  -3  -3  -1  -2  -2  -2  -3   3   0  -2   0  -1  -2  -1   0  -3  -2   3   40   0   0   0   0   0   0   0   0  31   0   0   0   0   0   0   0   0   0  29  0.25 0.04
   61 Y    -1   1  -1  -1  -3   0   2  -3   2   1   0   0   2  -1  -2  -1  -1  -2   2   1    0  11   0   0   0   0  29   0  10  13   0   0  14   0   0   0   0   0  10  14  0.14 0.03
   62 L    -2  -3  -4  -4  -2  -3  -3  -4  -3   2   4  -3   2   0  -3  -3  -2  -2  -1   1    0   0   0   0   0   0   0   0   0  11  89   0   0   0   0   0   0   0   0   0  0.54 0.05
   63 W    -2  -2  -2  -3  -3  -1  -2  -3   5  -3  -2  -2  -2   1  -4  -2  -2   8   6  -3    0   0   0   0   0   0   0   0  27   0   0   0   0   0   0   0   0  31  42   0  1.10 0.08
   64 P    -1  -3  -2  -2  -3  -2  -2   3  -3  -4  -4  -2  -3  -4   7  -1  -2  -4  -4  -3    0   0   0   0   0   0   0  29   0   0   0   0   0   0  71   0   0   0   0   0  1.50 0.07
   65 N     1  -1   5   0  -2   0  -1   2   0  -2  -2   0  -2  -2  -1   0   0  -2  -2  -2   16   1  49   1   1   1   2  13   1   1   2   2   1   1   1   2   2   0   1   2  0.31 0.03
   66 S     1  -1   0  -1  -1  -1  -1   1  -1  -3  -3  -1  -2  -3  -1   5   1  -3  -2  -2    0   0   0   0   0   0   0   9   0   0   0   0   0   0   0  91   0   0   0   0  0.56 0.07
   67 L    -2  -3  -4  -4  -2  -3  -3  -4  -3   2   4  -3   2   0  -3  -3  -1  -2  -1   1    0   0   0   0   0   0   0   0   0  14  86   0   0   0   0   0   0   0   0   0  0.53 0.05
   68 F    -2  -3  -4  -4  -2  -3  -3  -4  -3   1   4  -3   2   2  -3  -3  -2  -2  -1   0    0   0   0   0   0   0   0   0   0   0  90   0   0  10   0   0   0   0   0   0  0.54 0.06
   69 L    -2  -3  -3  -3  -2  -2  -2  -3  -3   0   3  -2   1  -1   5  -2  -2  -3  -2   0    0   0   0   0   0   0   0   0   0   0  60   0   0   0  40   0   0   0   0   0  0.74 0.05
   70 T     1  -2  -1  -2  -1  -2  -2  -2  -3   1  -1  -2   0  -2  -2   0   4  -3  -2   3   10   0   0   0   0   0   0   0   0   0   0   0   0   0   0   0  49   0   0  40  0.31 0.05
   71 A     5  -2  -2  -2  -1  -1  -1   0  -2  -2  -2  -1  -1  -3  -1   1   0  -3  -2  -1  100   0   0   0   0   0   0   0   0   0   0   0   0   0   0   0   0   0   0   0  0.58 0.07
   72 M    -1  -3  -3  -4  -1  -3  -3  -4  -3   3   1  -3   2  -1  -3  -2  -1  -3  -2   4    0   0   0   0   0   0   0   0   0  23   0   0  10   0   0   0   0   0   0  67  0.42 0.05
   73 Y    -2  -2  -3  -4  -2  -2  -3  -4   0   0   1  -2   2   2  -3  -2  -2   1   6   1    0   0   0   0   0   0   0   0   0   0  14   0  14   0   0   0   0   0  60  13  0.55 0.06
   74 G     0  -3  -1  -2  -3  -2  -3   6  -3  -4  -4  -2  -3  -4  -3  -1  -2  -3  -4  -4    0   0   0   0   0   0   0 100   0   0   0   0   0   0   0   0   0   0   0   0  1.23 0.07
   75 V     0  -3  -3  -4  -2  -3  -3  -3  -2   1   2  -3   1   4  -3  -2  -1  -1   1   2   10   0   0   0   0   0   0   0   0   0  29   0   0  40   0   0   0   0   0  21  0.33 0.04
   76 V    -1  -3  -3  -4  -2  -3  -3  -4  -3   2   1  -3   0   4  -3  -2  -1  -2   0   4    0   0   0   0   0   0   0   0   0  10   0   0   0  27   0   0   0   0   0  63  0.38 0.05
   77 E    -1  -1  -1  -1  -2   0   3  -3  -2   0  -1  -1  -1  -2  -2   0   3  -3  -2   2    0   0   0   0   0   0  31   0   0   0   0   0   0   0   0   0  40   0   0  29  0.27 0.05
   78 S     3   0  -1  -1  -2   0   0  -1  -1  -2  -2   3  -2  -3  -1   2   0  -3  -2  -1   40   0   0   0   0   0   0   0   0   0   0  40   0   0   0  20   0   0   0   0  0.32 0.04
   79 G     0  -2  -1  -2  -2  -2  -2   4  -3  -1   2  -2   0  -1  -3   0  -1  -3  -2  -1    0   0   0   0   0   0   0  48   0   0  40   0   0   0   0  11   0   0   0   0  0.37 0.04
   80 S     2  -1   0  -1  -1  -1  -1  -1  -2  -1  -2  -1  -1  -2  -1   4   1  -3  -2   1   25   0   0   0   0   0   0   0   0   0   0   0   0   0   0  61   0   0   0  14  0.34 0.05
   81 A     1  -3  -3  -3  -1  -2  -3  -3  -3   3   0  -2   0  -1  -2  -1   1  -3  -2   4   10   0   0   0   0   0   0   0   0  14   0   0   0   0   0   0  10   0   0  67  0.32 0.05
   82 T     1  -2  -3  -3  -2  -2  -3  -2  -2   1   2  -2   1   3  -3  -1   0  -1   0   0   21   0   0   0   0   0   0   0   0  14  29   0   0  27   0   0  10   0   0   0  0.20 0.03
   83 L     2  -2  -3  -3  -1  -2  -2  -2  -3   2   2  -2   1  -1  -2  -1  -1  -3  -2   2   39   0   0   0   0   0   0   0   0  23  20   0   0   0   0   0   0   0   0  18  0.21 0.03
   84 F     1  -3  -2  -3  -2  -2  -3   3  -2   0   2  -2   0   3  -3  -1  -2  -1   0  -1   14   0   0   0   0   0   0  27   0   0  40   0   0  20   0   0   0   0   0   0  0.23 0.03
   85 G     1  -3  -1  -2  -3  -2  -2   6  -2  -4  -4  -2  -3  -4  -2   0  -2  -3  -3  -3   13   0   0   0   0   0   0  87   0   0   0   0   0   0   0   0   0   0   0   0  1.00 0.06
   86 P     2  -2  -2  -2  -2  -2  -1  -2  -3  -3  -3  -1  -2  -4   7   0  -1  -4  -3  -2   29   0   0   0   0   0   0   0   0   0   0   0   0   0  71   0   0   0   0   0  1.42 0.07
   87 I    -2  -3  -4  -4  -2  -3  -4  -4  -4   5   2  -3   1   0  -3  -3  -1  -3  -2   3    0   0   0   0   0   0   0   0   0  73  14   0   0   0   0   0   0   0   0  14  0.47 0.05
   88 V    -1  -3  -3  -4  -1  -3  -3  -4  -4   4   1  -3   1  -1  -3  -2  -1  -3  -2   4    0   0   0   0   0   0   0   0   0  29   0   0   0   0   0   0   0   0   0  71  0.47 0.06
   89 G     0  -3  -1  -2  -3  -2  -3   6  -3  -4  -4  -2  -3  -4  -3  -1  -2  -3  -4  -4    0   0   0   0   0   0   0 100   0   0   0   0   0   0   0   0   0   0   0   0  1.23 0.07
   90 Q     0   0   0   3  -3   3   2  -2  -1  -3  -3   2  -2  -4  -1   0  -1  -3  -2  -3   11   0   0  29   0  20  14   0   0   0   0  27   0   0   0   0   0   0   0   0  0.41 0.03
   91 M    -2  -3  -4  -4  -2  -2  -3  -3  -3   0   2  -3   2   3  -4  -3  -2   9   1   1    0   0   0   0   0   0   0   0   0   0  27   0  10  14   0   0   0  39   0  11  0.85 0.06
   92 I    -1  -3  -3  -4  -1  -2  -3  -4  -3   3   1  -3   4  -1  -3  -2  -1  -3  -2   4    0   0   0   0   0   0   0   0   0  23   0   0  27   0   0   0   0   0   0  50  0.38 0.05
   93 D    -1  -2   1   6  -4   0   2  -2  -1  -4  -4  -1  -3  -4  -2   1  -1  -4  -3  -3    0   0   0  76   0   0  10   0   0   0   0   0   0   0   0  14   0   0   0   0  0.83 0.06
   94 G    -1   2   0  -1  -3   0   0   2   3  -3  -3   2  -2  -1  -2   1  -1  -2   2  -3    0  11   0   0   0   0   0  20  13   0   0  29   0   0   0  14   0   0  14   0  0.26 0.03
   95 M    -1  -2   3  -1  -2  -1  -2  -2  -1   0   2  -1   3   2  -3   1  -1  -2  -1  -1    0   0  29   0   0   0   0   0   0   0  25   0  20  13   0  14   0   0   0   0  0.17 0.04
   96 S     2  -2  -1   1  -2  -1  -1  -1  -2  -3  -3  -1  -2  -3   6   1  -1  -4  -3  -2   30   0   0  10   0   0   0   0   0   0   0   0   0   0  51  10   0   0   0   0  0.92 0.05
   97 Y    -2   5  -1  -2  -3   0  -1  -2   0  -2  -2   1  -1   0  -2  -1  -1   0   4  -2    1  57   1   1   0   1   1   1   0   1   1   1   0   1   1   1   1   0  31   1  0.50 0.05
   98 V    -1  -2  -3  -3  -1  -2  -2  -3  -3   2   3  -2   1   0  -2  -2  -1  -2  -1   3    1   1   1   1   0   1   1   1   0  15  41   1   0   1   1   1   1   0   0  34  0.26 0.02
   99 K    -1   1  -1  -1  -3   2   0  -2  -1  -3  -2   4  -2  -3   4  -1  -1  -3  -2  -2    1   1   1   1   0  12   1   1   0   1   1  49   0   1  28   1   1   0   0   1  0.57 0.04
  100 V     1  -2  -2  -2  -1  -2  -2  -2  -2   2   0  -2   0  -1  -2   0   1  -3  -1   3   15   1   1   1   0   1   1   1   0   1   1   1   0   1   1   1  14   0   0  60  0.21 0.03
  101 L     2  -2  -2  -2  -1  -1  -2  -2   0   0   2  -2   0   1  -2  -1  -1   0   4   0   30   1   1   1   0   1   1   1   0   1  32   1   0   1   1   1   1   0  28   1  0.19 0.03
  102 R    -2   5  -1  -2  -3   3   0  -3  -1   0  -2   1  -1  -3  -2  -1  -1  -3  -2  -1    0  58   0   0   0  29   0   0   0  14   0   0   0   0   0   0   0   0   0   0  0.52 0.06
  103 L     0  -2  -1  -2  -1  -1  -2  -2  -2   1   2  -1   0  -1  -2   2   3  -3  -2   0    0   0   0   0   0   0   0   0   0  13  31   0   0   0   0  27  29   0   0   0  0.20 0.03
  104 W    -1  -2  -2  -2  -2  -2  -2  -2  -2  -1   1  -2   0  -1   2   2  -1   8   0  -1    0   0   0   0   0   0   0   0   0   0  27   0   0   0  13  29   0  31   0   0  0.61 0.05
  105 L     0  -2   1  -2  -2  -2  -2  -2  -2   1   3  -2   3   0  -3  -1  -1  -2  -2   0   14   0  14   0   0   0   0   0   0   0  60   0  13   0   0   0   0   0   0   0  0.24 0.04
  106 V     1  -3  -3  -3  -1  -2  -3  -3  -2   2   2  -2   1   0  -3  -1  -1  -2   2   3   14   0   0   0   0   0   0   0   0   0  21   0   0   0   0   0   0   0  13  52  0.24 0.04
  107 T    -1  -3  -2  -3  -1  -2  -3  -3  -3   3   1  -2   1   1  -3  -1   2  -2  -1   3    0   0   0   0   0   0   0   0   0  27  11   0   0  10   0   0  23   0   0  29  0.24 0.03
  108 Q    -1   0   0  -1  -4   6   1   1   0  -4  -3   1  -1  -4  -2  -1  -1  -3  -2  -3    0   0   0   0   0  87   0  13   0   0   0   0   0   0   0   0   0   0   0   0  0.75 0.09
  109 N     1  -1   4   0  -2  -1  -1   1  -1  -2   0  -1  -1  -2  -2   0   1  -3  -2  -2   14   0  48   0   0   0   0  11   0   0  13   0   0   0   0   0  14   0   0   0  0.30 0.04
  110 L     2  -2   1  -2  -1  -1  -1  -1  -2   0   1  -1   0  -2  -2   1   0  -3  -2   1   39   0  13   0   0   0   0   0   0   0  20   0   0   0   0  10   0   0   0  18  0.14 0.03
  111 S     3  -1  -1  -1  -1  -1  -1   0  -2  -2  -2  -1  -2  -3  -1   3   1  -3  -2  -1   51   0   0   0   0   0   0   0   0   0   0   0   0   0   0  49   0   0   0   0  0.44 0.05
  112 F    -1  -2  -2  -3  -2   1  -1  -3   3   1   0  -2   0   3  -3  -2  -1  -1   3   2    0   0   0   0   0  14   0   0  14   0   0   0   0  21   0   0   0   0  10  42  0.22 0.04
  113 I    -1  -2  -2  -3  -2   1  -2  -3  -3   3   2  -2   1  -1  -3  -1   1  -3  -2   3    0   0   0   0   0  13   0   0   0  38  14   0   0   0   0   0  10   0   0  25  0.23 0.03
  114 V     0  -3  -3  -4  -1  -2  -3  -3  -3   2   3  -2   1   0  -3  -2  -1  -3  -1   3   11   0   0   0   0   0   0   0   0  10  42   0   0   0   0   0   0   0   0  36  0.30 0.03
  115 A     3  -2  -1  -2   6  -1  -2  -1  -2  -2  -2  -1  -2  -3  -2   2   0  -3  -2  -1   44   0   0   0  29   0   0   0   0   0   0   0   0   0   0  27   0   0   0   0  0.47 0.05
  116 G     1  -2  -1  -2  -2  -2  -2   5  -2  -1  -2  -2  -2  -3  -2   0   1  -3  -3   0   14   0   0   0   0   0   0  60   0   0   0   0   0   0   0   0  13   0   0  14  0.52 0.04
  117 G     2  -1  -1  -1  -1   1  -1   3  -1  -1  -2  -1  -1  -2  -1   0  -1  -2  -2   0   26   1   1   1   0  14   1  34   0   1   2   1   0   1   1   1   1   0   1  13  0.24 0.02
  118 A     1  -1  -1  -2  -1  -1  -1  -1  -2   0   2  -1   2  -1  -1   1   1  -2  -1   0   21   1   1   1   0   1   1   1   0   1  25   1  14   1   1  13  15   0   1   1  0.11 0.02
  119 V    -1  -2  -2  -3  -1  -2  -2  -3  -3   3   2  -2   1   0  -2  -2  -1  -2  -1   3    1   1   1   1   0   1   1   1   0  41  12   1   0   1   1   1   1   0   1  32  0.24 0.02
  120 V    -1  -2  -2  -2  -1  -2  -2  -3  -3   3   1  -2   2  -1  -2   1   2  -3  -2   2    0   0   0   0   0   0   0   0   0  42   0   0  10   0   0  13  25   0   0  10  0.22 0.04
  121 A     3  -1  -2  -2  -2  -1  -1  -1   3   1  -1   0  -1  -1  -2   0  -1  -2   2   0   44   0   0   0   0   0   0   0  14  18   0  10   0   0   0   0   0   0  14   0  0.17 0.04
  122 L     2  -2  -3  -3  -1  -2  -2  -2  -3   1   3  -2   1  -1  -2  -1  -1  -2  -2   1   40   0   0   0   0   0   0   0   0   0  49   0   0   0   0   0   0   0   0  10  0.25 0.04
  123 L    -2  -2  -3  -4  -2  -2  -3  -4  -1   1   3  -3   4   4  -3  -2  -2   0   3   0    0   0   0   0   0   0   0   0   0   0  31   0  31  24   0   0   0   0  14   0  0.39 0.05
  124 V     1  -2  -2  -3  -1   1  -1  -2  -2   1   1  -1   3  -1  -2  -1   1  -3  -2   2   14   0   0   0   0  10   0   0   0   0  10   0  18   0   0   0  14   0   0  34  0.16 0.03
  125 V    -1  -3  -3  -4  -1  -3  -3  -4  -2   3   1  -3   0   2  -3  -2  -1  -1   2   4    0   0   0   0   0   0   0   0   0  13   0   0   0  10   0   0   0   0  11  65  0.35 0.05
  126 P     0  -1  -1  -2  -2  -1  -1  -2   3  -2  -2   0  -1   3   4   0  -1  -1   3  -2   11   0   0   0   0   0   0   0  14   0   0  10   0  18  23  10   0   0  13   0  0.36 0.03
  127 D     1   3   0   2  -2   1   0  -2  -1  -1   0   0  -1  -2  -2   1  -1  -3  -2  -1   13  25   0  20   0  10   0   0   0   0  18   0   0   0   0  14   0   0   0   0  0.18 0.03
  128 L     0  -1  -1  -2  -2   1  -1  -2   4   0   2  -1   2  -1  -2  -1   1  -2  -1   0   14   0   0   0   0  10   0   0  18   0  31   0  13   0   0   0  14   0   0   0  0.15 0.03
  129 K     2   1  -1  -1  -2   0   0  -1  -1  -2  -1   4  -1  -3  -1   1   0  -3  -2  -1   25   0   0   0   0   0   0   0   0   0  10  51   0   0   0  14   0   0   0   0  0.26 0.04
  130 S     3  -1   3  -1  -1   0  -1   0   2  -2  -3  -1  -2  -3  -1   2   0  -3  -2  -2   39   0  22   0   0   0   0   0   9   0   0   0   0   0   0  30   0   0   0   0  0.32 0.04
  131 Q     2   1  -1  -1  -2   1   2  -1  -1  -1  -2   0  -1  -3  -1   2   0  -3  -2   0   25  10   0   0   0  10  18   0   0   0   0   0   0   0   0  24   0   0   0  13  0.20 0.03
  132 N     0  -1   2  -1  -2  -1  -1   1  -1  -1   1  -1   1  -2  -2   2   1  -3  -2  -1    0   0  20   0   0   0   0  11   0   0  18   0  10   0   0  27  13   0   0   0  0.16 0.03
  133 F    -2  -2  -3  -3  -2  -2  -3  -4   3   2   3  -3   1   3  -3  -2  -2  -1   3   0    0   0   0   0   0   0   0   0  13  14  42   0   0  21   0   0   0   0  10   0  0.31 0.03
  134 P    -1  -2   1   1  -3  -1  -1  -2  -2  -3  -3  -1  -3  -4   7  -1   0  -4  -3  -3    0   0   9  10   0   0   0   0   0   0   0   0   0   0  71   0   9   0   0   0  1.39 0.07
  135 V     0  -3  -4  -4  -2  -2  -3  -3  -3   1   1  -3   0   0  -3  -2  -1   9   0   2   11   0   0   0   0   0   0   0   0   0  10   0   0   0   0   0   0  40   0  38  0.82 0.06
  136 F    -2  -3  -4  -4  -3  -3  -4  -4  -2   0   2  -3   0   6  -4  -3  -2   0   2  -1    0   0   0   0   0   0   0   0   0   0  29   0   0  71   0   0   0   0   0   0  0.69 0.06
  137 A     2  -2  -2  -2  -1  -2  -2  -2  -2   1   0  -2   0   2  -2   0   2  -2  -1   1   34   0   0   0   0   0   0   0   0  13   0   0   0  14   0   0  29   0   0  11  0.18 0.03
  138 T     2  -2  -2  -2  -1  -1  -2  -1  -2   1  -1  -1   0  -2  -2   1   2  -3  -2   2   38   0   0   0   0   0   0   0   0  10   0   0   0   0   0   9  20   0   0  23  0.21 0.03
  139 L    -1  -3  -4  -4   6  -3  -4  -4  -3   1   4  -3   1   0  -3  -2  -1  -2  -2   0    0   0   0   0  29   0   0   0   0   0  71   0   0   0   0   0   0   0   0   0  0.56 0.06
  140 V    -1  -3  -3  -4  -2  -2  -3  -4  -1   2   1  -3   0   1  -3  -2  -1  -1   4   3    0   0   0   0   0   0   0   0   0  10  14   0   0   0   0   0   0   0  29  48  0.34 0.04
  141 V     2  -2  -2  -2  -1  -2  -2  -2  -2   3   0  -2   0  -1  -2  -1   0  -2  -1   3   28   1   1   1   0   1   1   1   0  29   1   1   0   1   1   1   1   0   0  32  0.18 0.03
  142 L     0  -1  -1  -2  -1  -1  -1  -2  -2   1   2  -1   2   0  -1   0   0  -1  -1   1    2   1   1   1   1   1   2   2   1   1  40   2  11   1   1  16   2   0   1  13  0.11 0.01
  143 T     0  -1  -1  -1  -1  -1  -1  -2  -2   2   0  -1   0  -1  -1   0   3  -2  -1   1    2   1   1   1   1   1   2   2   1  20   2   2   1   1   1   2  46   0   1  12  0.18 0.02
  144 N    -1  -1   3   0  -1  -1  -1  -1  -1   2   0  -1   0  -1  -1   0   0  -2  -1   0    3   2  33   2   1   2   3   3   1  31   4   2   1   2   2   3   2   1   1   3  0.10 0.02
  145 L     0  -1  -1  -1  -1  -1  -1  -2  -1   0   1  -1   0   2  -1   1   2  -1   0   1    2   1   1   1   1   1   2   2   1   1  22   2   1  15   1  12  20   0   1  13  0.08 0.01
  146 S     2  -2  -1  -2  -1  -1  -1  -1  -2   2   0  -1   0  -1  -1   2   0  -2  -2   1   38   1   1   1   0   1   1   1   0  29   1   1   0   1   1  22   1   0   0   1  0.15 0.03
  147 G     2  -2  -1  -1  -2  -1  -2   5  -2  -3  -3  -1  -2  -3  -1   0  -1  -2  -2  -2   30   1   1   1   0   1   1  58   0   1   1   1   0   1   1   1   1   0   0   1  0.56 0.04
  148 A     4  -1   3  -1  -1  -1  -1   0  -1  -2  -2  -1  -2  -3  -1   1   0  -3  -2  -1   71   0  29   0   0   0   0   0   0   0   0   0   0   0   0   0   0   0   0   0  0.42 0.06
  149 I    -2  -3  -4  -4  -2  -3  -4  -4  -4   5   2  -3   1   0  -3  -3  -1  -3  -2   3    0   0   0   0   0   0   0   0   0  75  11   0   0   0   0   0   0   0   0  14  0.48 0.05
  150 G     2  -2   0   3  -2   0   1   2  -2  -3  -3  -1  -2  -3  -2   0  -1  -3  -3  -2   40   0   0  27   0   0  13  20   0   0   0   0   0   0   0   0   0   0   0   0  0.36 0.04
  151 V     1   3   3  -1  -2   0  -1  -1  -1  -1  -2   0  -1  -3  -2   1   0  -3  -2   1   11  27  29   0   0   0   0   0   0   0   0   0   0   0   0  14   0   0   0  20  0.22 0.03
  152 L    -2  -3  -4  -4  -2  -3  -3  -4  -3   1   5  -3   2   0  -3  -3  -2  -2  -1   1    0   0   0   0   0   0   0   0   0   0 100   0   0   0   0   0   0   0   0   0  0.61 0.06
  153 S     4  -2  -1  -2   4  -1  -1   0  -2  -2  -2  -1  -1  -3  -1   3   0  -3  -2  -1   56   0   0   0  14   0   0   0   0   0   0   0   0   0   0  31   0   0   0   0  0.40 0.05
  154 T     0  -2   0  -1   4  -1  -1   3  -2  -2  -2  -1  -2  -3  -2   2   3  -3  -2  -2    0   0   0   0  14   0   0  27   0   0   0   0   0   0   0  29  31   0   0   0  0.38 0.04
  155 L    -1  -2  -2  -3  -1  -2  -2  -3  -3   2   3  -2   1  -1  -3  -1   2  -2  -2   2    0   0   0   0   0   0   0   0   0  14  44   0   0   0   0   0  29   0   0  14  0.27 0.03
  156 A     5  -2  -2  -2  -1  -1  -1   0  -2  -2  -2  -1  -1  -3  -1   1   0  -3  -2  -1  100   0   0   0   0   0   0   0   0   0   0   0   0   0   0   0   0   0   0   0  0.58 0.07
  157 G     0  -2  -1  -2  -2  -1  -2   3  -2   0   1  -2   2  -1  -2   1   1  -2  -2  -1    0   0   0   0   0   0   0  31   0   0  27   0  10   0   0  14  18   0   0   0  0.21 0.03
  158 T     2  -2  -1  -1  -2  -1  -1   4  -2  -2  -3  -1  -2  -3  -2   1   3  -3  -3  -1   18   0   0   0   0   0   0  40   0   0   0   0   0   0   0  10  31   0   0   0  0.43 0.04
  159 V    -1  -3  -4  -4  -1  -3  -3  -4  -4   4   1  -3   1  -1  -3  -3  -1  -3  -2   4    0   0   0   0   0   0   0   0   0  64   0   0   0   0   0   0   0   0   0  36  0.48 0.05
  160 L     2  -2  -2  -2  -1  -2  -2  -2  -2   1   2  -2   1  -1  -2   0   2  -3  -2   1   27   0   0   0   0   0   0   0   0  14  31   0   0   0   0   0  29   0   0   0  0.19 0.03
  161 I     0  -3  -3  -3  -1  -2  -3  -3  -3   4   1  -3   3  -1  -3  -2  -1  -3  -2   2   14   0   0   0   0   0   0   0   0  73   0   0  13   0   0   0   0   0   0   0  0.36 0.06
  162 E    -1   0  -1   1  -4   4   5  -3   0  -4  -3   1  -2  -4  -2   0  -1  -3  -2  -3    0   0   0   0   0  29  71   0   0   0   0   0   0   0   0   0   0   0   0   0  0.77 0.07
  163 R    -2   7  -1  -2  -4   1  -1  -3  -1  -4  -3   2  -2  -3  -3  -1  -2  -3  -2  -3    0 100   0   0   0   0   0   0   0   0   0   0   0   0   0   0   0   0   0   0  1.01 0.09
  164 D    -2  -2   1   6  -4   0   2  -2  -1  -4  -4  -1  -4  -4  -2  -1  -1  -5  -4  -4    0   0   0  89   0   0  11   0   0   0   0   0   0   0   0   0   0   0   0   0  1.04 0.07
  165 W    -3  -3  -4  -5  -3  -3  -4  -3  -3  -3  -2  -4  -2   3  -5  -3  -3  11   2  -3    0   0   0   0   0   0   0   0   0   0   0   0   0  14   0   0   0  86   0   0  2.38 0.12
  166 V     1  -3  -3  -3  -1  -3  -3  -3  -3   3   1  -3   0  -1  -3  -2   0  -3  -2   4   10   0   0   0   0   0   0   0   0  18   0   0   0   0   0   0   0   0   0  72  0.38 0.05
  167 V    -1  -3  -3  -4  -1  -3  -3  -4  -4   2   0  -3   0  -1  -3  -2   0  -3  -2   5    0   0   0   0   0   0   0   0   0   0   0   0   0   0   0   0   0   0   0 100  0.54 0.07
  168 V    -1  -2  -3  -3  -1   1  -2  -4  -3   2   2  -2   1  -1  -3  -2  -1  -3  -2   4    0   0   0   0   0  14   0   0   0   0  27   0   0   0   0   0   0   0   0  60  0.28 0.04
  169 M    -1  -3  -3  -4  -1  -2  -3  -4  -3   2   3  -3   3   0  -3  -2  -1  -2  -1   3    0   0   0   0   0   0   0   0   0  11  40   0  20   0   0   0   0   0   0  29  0.36 0.04
  170 S     4  -2  -1  -2  -1  -1  -1   0  -2  -2  -2  -1  -1  -3  -1   2   0  -3  -2  -1   80   0   0   0   0   0   0   0   0   0   0   0   0   0   0  20   0   0   0   0  0.48 0.06
  171 E     0  -1   0   0  -2   0   2   4  -1  -2  -2  -1  -2  -2  -1   0  -1  -2  -2  -2    2   1   1   2   1   1  21  54   1   1   3   2   1   1   1   2   2   0   1   2  0.43 0.02
  172 G     1  -2  -1  -2  -2  -2  -2   5  -2   0  -2  -2  -2  -3  -2   0   1  -3  -3  -1   14   0   0   0   0   0   0  60   0  14   0   0   0   0   0   0  13   0   0   0  0.51 0.04
  173 H    -1  -1   3   2  -3   2   2   1   4  -4  -3   0  -2  -3  -2   0  -1  -3  -1  -3    0   0  27  10   0  11  18  14  20   0   0   0   0   0   0   0   0   0   0   0  0.41 0.03
  174 S    -1   4   1   2  -3   0   0  -2  -1  -3  -3   1  -2  -4   4   0  -1  -4  -3  -3    0  40   9  19   0   0   0   0   0   0   0   0   0   0  21  10   0   0   0   0  0.52 0.04
  175 P     0   3  -2  -2  -3  -1  -1  -2  -2  -3  -3   0  -2  -4   7  -1  -1  -4  -3  -3   11  29   0   0   0   0   0   0   0   0   0   0   0   0  60   0   0   0   0   0  1.15 0.06
  176 A     2  -2  -1  -2  -1  -1  -1  -1  -2   1  -1  -1   0  -2  -2   2   0  -3  -2   2   31   0   0   0   0   0   0   0   0  14   0   0   0   0   0  29   0   0   0  27  0.20 0.03
  177 V     3   1  -2  -2  -1  -1  -1  -1  -2   0  -1   2  -1  -2  -2   0   0  -3  -2   2   40   9   0   0   0   0   0   0   0   0   0  19   0   0   0   0   0   0   0  31  0.18 0.04
  178 L    -2  -3  -4  -4  -2  -3  -3  -4  -3   1   5  -3   2   0  -3  -3  -2  -2  -1   1    0   0   0   0   0   0   0   0   0   0 100   0   0   0   0   0   0   0   0   0  0.61 0.06
  179 T     4  -2  -1  -2  -1  -1  -1  -1  -2  -1  -2  -1  -1  -3  -1   1   3  -3  -2   0   69   0   0   0   0   0   0   0   0   0   0   0   0   0   0   0  31   0   0   0  0.42 0.06
  180 R    -1   2   2   2  -3   3   1   1  -1  -3  -3   2  -2  -4  -2   0  -1  -3  -2  -3    0  10   9  20   0  27   0  11   0   0   0  24   0   0   0   0   0   0   0   0  0.37 0.03
  181 M     3  -2  -2  -3  -1  -1  -2  -2  -2   1   1  -2   5  -1  -2  -1  -1  -2  -2   0   40   0   0   0   0   0   0   0   0  11   0   0  48   0   0   0   0   0   0   0  0.30 0.06
  182 N    -2  -1   7   1  -3   0  -1  -1   0  -4  -4  -1  -3  -4  -3   0   0  -4  -3  -4    0   0 100   0   0   0   0   0   0   0   0   0   0   0   0   0   0   0   0   0  1.01 0.09
  183 S     4  -2  -1  -2  -1  -1  -1   0  -2  -2  -2  -1  -1  -3  -1   3   0  -3  -2  -1   69   0   0   0   0   0   0   0   0   0   0   0   0   0   0  31   0   0   0   0  0.45 0.06
  184 V     0  -2  -2  -3  -1  -2  -2  -3  -3   1   0  -2   0  -2  -2   0   3  -3  -2   4    0   0   0   0   0   0   0   0   0   0   0   0   0   0   0   0  43   0   0  57  0.35 0.06
  185 I    -2  -3  -4  -4  -2  -3  -3  -4  -3   4   3  -3   1   0  -3  -3  -1  -3  -2   2    0   0   0   0   0   0   0   0   0  49  40   0   0   0   0   0   0   0   0  10  0.42 0.04
  186 R    -1   5   2  -1  -3   0   0  -2   3  -3  -3   1  -2  -3  -2   1  -1  -3  -1  -3    0  60  13   0   0   0   0   0  14   0   0   0   0   0   0  14   0   0   0   0  0.53 0.05
  187 G    -1   5  -1  -2  -3   0  -1   2  -1  -1  -2   1  -2  -3  -3  -1  -2  -3  -2  -2    0  70   0   0   0   0   0  20   0  10   0   0   0   0   0   0   0   0   0   0  0.53 0.06
  188 I    -2  -3  -4  -4  -2  -3  -4  -4  -4   5   2  -3   1   0  -3  -3  -1  -3  -2   3    0   0   0   0   0   0   0   0   0  73  13   0   0   0   0   0   0   0   0  14  0.47 0.05
  189 D    -2  -2   1   7  -4  -1   1  -2  -2  -4  -4  -1  -4  -4  -2  -1  -2  -5  -4  -4    0   0   0 100   0   0   0   0   0   0   0   0   0   0   0   0   0   0   0   0  1.17 0.09
  190 L    -2  -1  -2  -3  -2   3  -1  -3  -2   1   4  -1   1  -1  -3  -2  -1  -2  -2   0    0   0   0   0   0  29   0   0   0   0  71   0   0   0   0   0   0   0   0   0  0.36 0.05
  191 S     0  -2  -2  -2  -1  -2  -2  -2  -2   1   3  -2   1  -1  -2   2   0  -2  -2   1    0   0   0   0   0   0   0   0   0   0  56   0   0   0   0  31   0   0   0  13  0.23 0.04
  192 S     0  -2  -1  -2   8  -2  -2  -2  -3  -2  -2  -2  -2  -3  -2   2   3  -3  -3  -1    0   0   0   0  52   0   0   0   0   0   0   0   0   0   0  20  29   0   0   0  0.72 0.07
  193 K    -1   1   3   1  -4   1   4  -2   0  -4  -3   3  -2  -4  -2   0  -1  -4  -2  -3    0   0  29   0   0   0  40   0   0   0   0  31   0   0   0   0   0   0   0   0  0.51 0.05
  194 L    -1  -3  -2  -3  -1  -2  -3  -3  -3   3   2  -2   1  -1  -3  -1   2  -3  -2   1    0   0   0   0   0   0   0   0   0  42  31   0   0   0   0   0  27   0   0   0  0.29 0.04
  195 L     0  -3  -3  -4  -1  -2  -3  -3  -3   2   3  -2   1   0  -3  -2  -1  -2  -1   2   14   0   0   0   0   0   0   0   0   0  60   0   0   0   0   0   0   0   0  27  0.32 0.04
  196 S     3  -2  -1  -2  -1  -1  -1   4  -2  -3  -3  -1  -2  -3  -2   2   0  -3  -3  -2   40   0   0   0   0   0   0  40   0   0   0   0   0   0   0  20   0   0   0   0  0.49 0.04
  197 P     2  -2  -2  -2  -2  -1  -1  -2  -2  -2  -3  -1  -2  -3   7   0   1  -4  -3  -2   27   0   0   0   0   0   0   0   0   0   0   0   0   0  60   0  14   0   0   0  1.11 0.06
  198 V     0  -2  -2  -2  -1  -1  -2  -2  -2   1   1  -2   5  -1  -2   2   0  -3  -2   2    0   0   0   0   0   0   0   0   0   0   0   0  42   0   0  27   0   0   0  31  0.25 0.06
  199 I     1  -3  -3  -3  -1  -2  -3  -3  -3   3   3  -2   1   0  -3  -2  -1  -3  -2   2   18   0   0   0   0   0   0   0   0  34  35   0   0   0   0   0   0   0   0  13  0.27 0.03
  200 T    -1  -2  -2  -3  -2  -2  -2  -3  -2   1   0  -2   0   4  -3   0   2  -1   1   2    0   0   0   0   0   0   0   0   0   0   0   0   0  40   0  11  20   0   0  29  0.27 0.04
  201 G     1  -3  -1  -2  -3  -2  -2   6  -2  -4  -4  -2  -3  -4  -2   0  -2  -3  -3  -3   14   0   0   0   0   0   0  86   0   0   0   0   0   0   0   0   0   0   0   0  0.99 0.06
  202 L    -2  -1  -2  -3  -2   3  -1  -3  -2   1   3  -1   1   2  -3  -2  -1  -2  -1   0    0   0   0   0   0  29   0   0   0  14  47   0   0  11   0   0   0   0   0   0  0.24 0.04
  203 I    -2  -3  -4  -4  -2  -3  -4  -4  -3   4   3  -3   1   2  -3  -3  -1  -2  -1   2    0   0   0   0   0   0   0   0   0  48  40   0   0  11   0   0   0   0   0   0  0.40 0.04
  204 I    -2  -3  -3  -4  -2  -2  -3  -4  -3   3   3  -3   4   0  -3  -3  -1  -2  -1   1    0   0   0   0   0   0   0   0   0  31  40   0  29   0   0   0   0   0   0   0  0.41 0.05
  205 S     1  -1   0  -1  -1  -1  -1  -1  -1  -2  -3  -1  -2  -3  -1   4   3  -3  -2  -1   10   0   0   0   0   0   0   0   0   0   0   0   0   0   0  71  18   0   0   0  0.47 0.06
  206 F    -1  -1  -2  -2  -2  -1  -1  -2  -1  -1   0   1   0   6  -2  -1  -1   0   2  -1    2   1   1   1   1   1   2   2   1   1   2  15   1  61   1   2   2   0   1   2  0.34 0.03
  207 V     0  -2  -1  -2  -1  -1  -2   3  -1   0  -1  -1  -1   0  -1  -1  -1  -1   2   2    2   1   1   1   1   1   2  31   1   1   2   2   1   1   1   2   2   0  14  33  0.15 0.02
  208 S     0  -1   0   2  -1   0   0   0  -1  -2  -2   0  -1  -2  -1   4   1  -2  -2  -2    2   1   1  15   1   1   2   2   1   1   2   2   1   1   1  61   2   0   1   2  0.30 0.03
  209 L    -1  -1  -1  -1  -1  -1  -1  -1   2   0   1  -1   2  -1   3  -1  -1  -1  -1   0    3   2   2   2   1   2   3   3  11   2  23   2  12   2  20   3   2   1   1   3  0.19 0.01
  210 R    -1   2  -1  -1  -3   0   1  -2  -1  -1  -1   3  -1   1   3  -1  -1  -3  -1   0    0  10   0   0   0   0  11   0   0   0   0  37   0  10  14   0   0   0   0  18  0.24 0.03
  211 A     2  -2   1  -2  -1  -2  -2  -2  -1   2   0  -2   0   0  -2   0  -1  -2   2   2   31   0  14   0   0   0   0   0   0  29   0   0   0   0   0   0   0   0  13  14  0.13 0.03
  212 S     0  -1   2  -1  -2  -1  -1   3   3  -3  -3  -1  -2  -3  -2   2   1  -3  -2  -2    0   0  14   0   0   0   0  29  13   0   0   0   0   0   0  31  14   0   0   0  0.36 0.03
  213 A     2  -3  -3  -3   7  -2  -2  -2  -3  -2  -2  -2  -2  -3   4   0  -1  -3  -3  -1   31   0   0   0  42   0   0   0   0   0   0   0   0   0  27   0   0   0   0   0  0.80 0.06
  214 I     0  -3  -2  -3  -2  -2  -3   3  -3   2   2  -2   0  -1  -3  -1  -1  -3  -2   1   11   0   0   0   0   0   0  29   0  20  27   0   0   0   0   0   0   0   0  13  0.21 0.02
  215 T     0  -1  -1  -2  -2  -1  -1  -2  -2  -1  -1   1  -1   3  -2   0   3  -1   0  -1   11   0   0   0   0   0   0   0   0   0   0  14   0  29   0   0  47   0   0   0  0.25 0.05
  216 F    -2  -3  -3  -4   6  -3  -4  -4  -3   2   1  -3   0   4  -4  -2  -2  -1   1   1    0   0   0   0  27   0   0   0   0  29  11   0   0  33   0   0   0   0   0   0  0.45 0.05
  217 A     3  -2  -1  -2  -1  -1  -1  -1  -2   1   0  -1   0  -2  -2   2   0  -3  -2   0   44   0   0   0   0   0   0   0   0  14  13   0   0   0   0  29   0   0   0   0  0.21 0.04
  218 A     3   0  -1  -2  -2   0  -1   3  -2  -3  -3   2  -2  -3  -1   0  -1  -3  -2  -2   44   0   0   0   0   0   0  29   0   0   0  27   0   0   0   0   0   0   0   0  0.36 0.04
  219 W    -2  -3  -3  -4  -2  -2  -3  -3  -3   1   1  -3  -1   0  -4  -2   1  10   1  -1    0   0   0   0   0   0   0   0   0  13  14   0   0   0   0   0  14  60   0   0  1.32 0.08
  220 A     2  -1   4   0  -2  -1  -1  -1  -1  -2   0  -1  -1  -2  -2   1   0  -3  -2  -1   33   0  40   0   0   0   0   0   0   0  14   0   0   0   0  14   0   0   0   0  0.27 0.04
  221 T    -1  -2  -2  -3   6  -2  -3  -3  -3   0   3  -2   3  -1  -3  -1   2  -2  -2   0    0   0   0   0  27   0   0   0   0   0  40   0  14   0   0   0  20   0   0   0  0.37 0.04
  222 I     1  -3  -3  -3  -1  -2  -3   1  -3   2   0  -2   0   1  -3  -1  -1  -2  -1   3   11   0   0   0   0   0   0  13   0  20   0   0   0  10   0   0   0   0   0  46  0.20 0.03
  223 T     1  -2  -1  -2  -1  -1  -1   1  -2   1   0  -1   0  -2  -2   2   2  -3  -2   0   11   0   0   0   0   0   0  14   0  14  13   0   0   0   0  29  20   0   0   0  0.16 0.02
  224 V     1  -2  -1  -2  -1  -1  -2  -2  -2   1   1  -1   5  -1  -2   2   0  -3  -2   2   10   0   0   0   0   0   0   0   0   0   0   0  42   0   0  27   0   0   0  21  0.22 0.05
  225 W    -2  -3  -4  -4   6  -3  -4  -3  -3   1   2  -3   0   0  -4  -2  -2   8   0   0    0   0   0   0  29   0   0   0   0  13  27   0   0   0   0   0   0  31   0   0  0.81 0.06
  226 I    -1  -3  -3  -3   6  -3  -3  -3  -3   2   1  -3   0  -1   2  -2  -1  -3  -2   3    0   0   0   0  27   0   0   0   0  10  10   0   0   0  14   0   0   0   0  40  0.41 0.04
  227 E     1  -1   0   0  -2   2   4  -2  -1  -3  -3   0  -2  -3  -1   1   1  -3  -2  -2   14   0   0   0   0  11  48   0   0   0   0   0   0   0   0  13  14   0   0   0  0.40 0.04
  228 Y    -2  -2  -3  -4  -3  -2  -3  -4   0  -1   1  -2   2   3  -3  -2  -2   1   6  -1    0   0   0   0   0   0   0   0   0   0  14   0  14  13   0   0   0   0  60   0  0.65 0.06
  229 W    -2  -3  -3  -3  -2  -2  -2  -3  -2  -1  -1  -2  -1   3   4  -1   1   8   1   0    0   0   0   0   0   0   0   0   0   0   0   0   0  20  27   0  14  31   0   9  0.84 0.06
  230 L     0  -2  -3  -4  -1  -2  -3  -3  -3   1   4  -3   2   0  -3  -2  -1  -2  -1   1   14   0   0   0   0   0   0   0   0   0  73   0   0   0   0   0   0   0   0  13  0.37 0.04
  231 F    -2  -3  -4  -4  -2  -3  -3  -4  -3   1   4  -3   1   4  -4  -3  -2  -1   1   0    0   0   0   0   0   0   0   0   0   0  69   0   0  31   0   0   0   0   0   0  0.50 0.05
  232 I    -2  -3  -4  -4  -2  -3  -3  -4  -3   4   0  -3   0   0  -3  -3  -1   8   0   3    0   0   0   0   0   0   0   0   0  47   0   0   0   0   0   0   0  29   0  24  0.70 0.06
  233 S     0   0  -1  -2  -2   0  -1  -2  -2  -1  -1   2  -1   2  -2   2   0   6   0   0    0   0   0   0   0   0   0   0   0   0   0  29   0  14   0  31   0  14   0  13  0.25 0.04
  234 V    -1  -3  -4  -4  -1  -3  -3  -4  -3   2   3  -3   1  -1  -3  -2  -1  -3  -1   4    0   0   0   0   0   0   0   0   0   0  40   0   0   0   0   0   0   0   0  60  0.40 0.05
  235 Y    -1  -2  -2  -3   4  -2  -2   1   0  -2  -2  -2  -2   2  -3  -1   1   1   6  -2    0   0   0   0  14   0   0  13   0   0   0   0   0   0   0   0  14   0  60   0  0.55 0.06
  236 N     1   0   3   0  -3   4   0   1   0  -3  -3   0  -1  -3  -2   1  -1  -3  -2  -2   11   0  23   0   0  42   0  14   0   0   0   0   0   0   0  10   0   0   0   0  0.38 0.04
  237 G    -1   1   0   0  -3   0   2   3  -1  -3  -3   3  -2  -3  -1   0  -1  -3  -2  -2    1   1   1   1   0   1  15  32   0   1   1  43   0   1   1   1   1   0   0   1  0.35 0.03
  238 V    -1  -2  -2  -2  -1  -1  -2  -2  -2   1   0  -2   2   3  -2   0   2  -1   0   1    1   1   1   1   0   1   1   1   0   1   1   1  14  25   1   1  29   0   0  20  0.17 0.03
  239 P    -1  -2   2  -1  -2  -1  -1  -2  -1  -3  -3  -1  -2  -3   7   1  -1  -3  -2  -2    1   1  15   1   0   1   1   1   0   1   1   1   0   1  60  14   1   0   0   1  1.08 0.05
  240 A     3   1  -1  -1  -1   0  -1   0  -1  -2  -2   0  -1  -2  -1   2   0  -2  -2  -1   61  15   1   1   0   1   1   1   0   1   1   1   0   1   1  14   1   0   0   1  0.28 0.03
  241 I    -1  -3  -3  -4  -2  -3  -3   1  -3   2   4  -3   1   0  -3  -2  -1  -2  -2   1    0   0   0   0   0   0   0  14   0  20  67   0   0   0   0   0   0   0   0   0  0.34 0.04
  242 V     2  -2  -2  -2  -1  -2  -2  -1  -2   2   0  -2   0  -2  -2   1   1  -3  -2   2   33   0   0   0   0   0   0   0   0  13   0   0   0   0   0  11  10   0   0  32  0.19 0.03
  243 Q    -1   1   2   2  -3   3   3  -2   0  -2   0   0  -1  -3  -2   0  -1  -3  -2  -2    0  10  13  14   0  20  30   0   0   0  14   0   0   0   0   0   0   0   0   0  0.33 0.03
  244 S     0   2   0   2  -3   0   2   1  -1  -3  -3   1  -2  -3  -2   1   1  -3  -2  -2    0  13   0  14   0   0  18  14   0   0   0  10   0   0   0  20  11   0   0   0  0.27 0.02
  245 D    -1   1   1   2  -2  -1   0  -2  -1   0  -1   0  -1   1  -2   1   1  -2  -1  -1    0  14  10  20   0   0   0   0   0  14   0   0   0  13   0  21   9   0   0   0  0.13 0.02
  246 E    -1  -1  -1   2  -3   2   3  -2  -1  -3  -2   0  -2   1   3   1  -1  -2  -1  -2    0   0   0  10   0  11  38   0   0   0   0   0   0  14  14  13   0   0   0   0  0.38 0.03
  247 R    -1   2   0   3   4   0   0  -2  -1  -1   0   1  -1  -2  -2  -1  -1  -3  -2  -1    1  20   1  25  13   0   1   1   0   1  19  14   0   0   1   1   1   0   0   1  0.18 0.02
  248 R    -1   3   0  -1   4   2   0  -2   5  -3  -2   2  -1  -2  -2  -1  -1  -2   0  -2    1  20   1   1  14  11   1   1  27   1   1  19   0   0   1   1   1   0   0   1  0.34 0.03
  249 S     1  -1   0   0  -1   2   1  -1  -1   0  -2   0  -1  -2  -1   2   0  -2  -2  -1   14   1   1   1   0  19  11   1   0  11   1   1   0   0   1  38   1   0   0   1  0.21 0.03
  250 L    -1  -2  -2  -2  -1  -2  -2  -2  -2   1   4  -2   2   0  -2  -2  -1  -1  -1   0    2   1   1   1   0   1   2   2   1   1  77   1   1   1   1   2   1   0   1   2  0.30 0.03
  251 R    -1   3   2   2  -3   1   2  -2  -1  -3  -2   2  -2  -3  -1   0   1  -3  -2  -2    1  20  14  14   0   0  15   1   0   1   1  20   0   0   1   1  10   0   0   1  0.29 0.02
  252 S     0  -1   2   1  -2   0   0  -1   3  -3  -3   0  -2  -2  -1   3   1  -3  -1  -2    1   1  14  10   0   0   1   1  11   1   1   1   0   0   1  56   1   0   0   1  0.34 0.04
  253 S     0   1  -1  -1   4  -1  -1  -2  -2  -1   0  -1  -1  -2   2   2   2  -2  -2  -1    1  11   1   1  14   0   1   1   0   1  11   1   0   0  10  23  24   0   0   1  0.21 0.02
  254 Q     0   2   2   0  -2   2   1  -1  -1  -2  -2   1  -1  -3  -1   1   2  -2  -2  -2    1  14  11   1   0  10  10   1   0   1   1  10   0   0   1  14  25   0   0   1  0.23 0.02
  255 S     1  -1   0  -1  -1   0  -1  -1  -1   0  -1   1  -1  -2   2   2   1  -2  -2   0   15   1   1   1   0   1   1   2   0  11   2  11   0   1  10  25  14   0   1   1  0.16 0.01
  256 Q    -1   0   0   0  -3   3   2  -2   3  -2  -2   1  -1  -2   3   0  -1  -2  -1  -2    2   1   1   1   0  31  15   2  14   1   2  10   0   1  14   1   1   0   1   1  0.36 0.03
  257 A     2  -1  -1  -1  -1  -1  -1   2  -1  -1  -1   1  -1  -2   2   1   0  -2  -2   0   25   1   1   1   0   1   1  15   0   1   2  12   0   1  10  14   1   0   1  11  0.16 0.01
  258 E    -1   0   0   1  -2   1   4  -2  -1  -2  -1   0  -1  -2  -1   1   0  -2  -2  -2    2   1   1   1   0   1  58   2   0   1  11   1   0   1   1  15   1   0   1   1  0.34 0.03
  259 E    -1   2   0   2  -3   1   3   1  -1  -1  -2   2  -1  -2  -1  -1  -1  -3  -2  -1    1  14   1  10   0   0  32  11   0  11   1  15   0   0   1   1   1   0   0   1  0.22 0.02
  260 T     0   1   0  -1  -1  -1  -1   2  -1  -2  -2   0  -1  -2  -1   2   3  -2  -2  -1    1  11   1   1   0   0   1  20   0   1   1   1   0   0   1  14  47   0   0   1  0.29 0.03
  261 D    -1  -1   3   3  -2   0   1  -1  -1   0  -1   0  -1  -2  -1   0   1  -2  -2  -1    2   1  25  21   0   1  11   2   1  14   2   1   1   1   1   2  11   0   1   2  0.19 0.02
  262 S     1  -1   0  -1   4  -1  -1  -1   2  -1  -1  -1  -1  -2   2   1   2  -2  -1  -1   12   1   1   1  13   1   2   2  10   1   2   1   1   1  11  11  25   0   1   2  0.20 0.02
  263 A     1  -1  -1   2  -2   0   1  -1  -1  -1   0   1  -1  -2   2   0  -1  -2  -2  -1   24   1   1  15   0   1  12   2   1   1  11  11   1   1  11   2   1   0   1   2  0.15 0.01
  264 S     0  -1   2  -1  -2  -1  -1  -1  -1   1  -1  -1   1  -2   2   3   0  -3  -2   0    0   0  13   0   0   0   0   0   0  11   0   0   9   0   9  47   0   0   0  10  0.21 0.04
  265 S     0  -1   0  -1  -1  -1  -1   1  -2   0   0  -1  -1  -2   2   3   0  -2  -2   0    1   1   1   1   0   1   1  10   0  14  10   1   0   1  11  46   1   0   0   1  0.18 0.03
  266 F    -1   1  -2  -2  -2  -1   0  -3  -1   1   0  -1   0   4  -2  -2  -1  -1   1   2    1  12   1   1   0   1  10   1   0   1   1   1   0  37   1   1   1   0   0  30  0.17 0.03
  267 Y     0   2   0   0  -2   0   1   1   0  -2  -2   1  -1  -1  -1   2   0  -1   1  -2    2  13   1   1   1   1  12  11   1   1   2  11   1   1   1  26   2   0  10   2  0.14 0.01
  268 V     0   1  -1   1  -1  -1  -1  -1  -1   2   0   0   0  -1  -1   0   1  -2  -1   1   12  13   1  10   1   1   2   2   1  25   2   2   1   1   1   2  11   0   1  11  0.04 0.01
  269 P     1   2   0  -1  -1   0   0  -1   2  -1  -1   0  -1  -2   2   1   0  -2  -1   0   13  15   1   1   1   1   2   2  10   1   2   2   1   1  11  21   2   0   1  12  0.14 0.01
  270 L    -1   0   1   1  -2   1   0  -2  -1  -1   1   1   0  -1   2  -1  -1  -2  -2  -1    1   1  10  12   0  11   1   1   0   1  33  15   0   1  11   1   1   0   0   1  0.13 0.02
  271 L    -1  -2  -1   1  -2  -1  -1   0  -2   1   2  -2   2  -1  -2  -1   1  -2  -1   0    1   1   1  12   0   1   1  11   0  10  34   1   9   1   1   1  15   0   0   1  0.09 0.02
  272 H    -1  -1   0   3  -2  -1   0   0   4  -1  -1  -1   1  -2  -2   0   1  -2  -1   0    1   1   1  25   0   1   1  10  19   1   1   1  11   1   1   1  11   0   0  15  0.14 0.02
  273 E    -1  -1  -1   1  -2   1   4  -2  -1  -1  -2   0  -1  -2  -1   0   1  -3  -2   0    1   1   1   1   0   1  64   1   0   1   1   1   0   1   1   1  11   0   0  14  0.39 0.04
  274 E     0   2  -1   0  -2   1   4  -2  -1  -2  -1   1  -1  -2  -1   0  -1  -2  -2  -2   12  14   1   1   0   1  45   1   0   1  10  10   0   1   1   1   1   0   0   1  0.27 0.03
  275 E     2   0   0   1  -2   0   2   1  -1  -2  -2   1  -2  -3  -1   1   0  -3  -2  -2   26   1   1  10   0   1  19  11   0   1   1  14   0   1   1  11   1   0   0   1  0.21 0.02
  276 S     1  -1   0  -1  -1  -1  -1  -1   2   0  -1  -1  -1  -1  -1   2   2  -1   2   0   12   1   1   1   0   1   1   1   9  14   1   1   0   1   1  30  15   0  11   1  0.13 0.02
  277 Y     1  -1   1  -1  -1   0   0  -1  -1   0  -1  -1   0  -1  -1   0   1  -1   1   2   13   1  10   1   0   1  11   2   1   1   2   1   1   1   1   2  11   0  10  28  0.06 0.01
  278 R     0   3  -1  -1  -2   3   1   1  -1  -1  -2   1  -1  -2  -1   0  -1  -2  -2  -1   12  24   1   1   0  23  11  11   0  10   1   1   0   1   1   1   1   0   0   1  0.19 0.02
  279 N    -1   1   4   0  -3   2   1  -1   0  -3  -3   0  -2  -3   2   0  -1  -3  -2  -2    1  10  47   1   0  12  10   1   0   1   1   1   0   1  11   1   1   0   0   1  0.41 0.03
  280 T     0  -1  -1  -1  -2   0   1   1  -1  -2  -2   1  -2  -2   5   0   1  -2  -2  -2    2   1   1   1   1   1  11  15   1   1   2  12   1   1  32   2  11   0   1   2  0.44 0.02
  281 Q    -1   0  -1  -1  -2   2   0  -2  -1  -1   1   1   0  -1   2   0   1  -2  -1  -1    2   1   1   1   1  22   2   2   1   1  25  12   1   1  12   2  11   0   1   2  0.14 0.01
  282 S     0   0   0   2   3   0   1  -1  -1  -2  -2   1  -1  -2  -1   2   0  -2  -2  -1    2   1   1  12  10   1  11   2   1   1   2  13   1   1   1  35   2   0   1   2  0.18 0.02
  283 R     1   2  -1  -1   3   0  -1  -1  -1   0  -1   0  -1  -2  -1   0   1  -2  -1   0   24  21   1   1  10   1   2   2   1   1   2   2   1   1   1   2  12   0   1  13  0.11 0.01
  284 S     0  -1   0   0  -1   0   2   1  -1   0  -1   0  -1  -2  -1   1   1  -2  -1   0    2   1   1   1   1   1  22  12   1  14   2   2   1   1   1  21  12   0   1   2  0.11 0.01
  285 R    -1   4   0  -1   3   2   0   1  -1  -2  -2   1  -1  -2  -1   0  -1  -2  -1  -2    2  35   1   1  11  19   2  12   1   1   2   2   1   1   1   2   2   0   1   2  0.24 0.02
  286 I    -1  -1  -1  -1   3  -1   0  -2  -1   2   1  -1   2  -1  -1  -1   0  -1  -1   1    3   2   2   2  11   2  12   3   1  22  15   2  10   2   2   3   2   1   1   3  0.05 0.01
  287 L     0  -1  -1  -1  -1  -1  -1  -1  -1   0   1  -1   0   0   2  -1  -1   5   2   0   12   2   2   2   1   2   3   3   1   2  23   2   1   2  11   3   2  12  12   3  0.18 0.01
  288 R     0   1   0  -1  -1   2   1  -1  -1   0   0   0   1  -1  -1   0   1  -1  -1   0    3  12   2   2   1  12  12   3   1   2   4   2  12   2   2   3  12   1   1  13  0.07 0.01
  289 I     0  -1  -1  -1   3  -1  -1  -1  -1   1   0  -1   2  -1   2   0   1  -1  -1   1    3   2   2   2  10   2   3   3   1  22   4   2  11   2  11   3  14   1   1   3  0.09 0.01
  290 L     1  -1  -1  -1  -1  -1  -1  -1  -1   0   1  -1   2   1  -1   0   0  -1   0   0   23   2   2   2   1   2   3   3   1   2  23   2  12  11   2   3   2   1   1   3  0.05 0.01
  291 E     0   1   0   2  -2   0   2  -1  -1  -1   0   0  -1  -1  -1   1   0  -1  -1  -1    3  11   2  12   1   2  22   3   1   2  15   2   1   2   2  12   2   1   1   3  0.11 0.01
  292 R    -1   2   0   2  -2   1   0  -1  -1  -2  -2   0  -1  -2   4   0  -1  -2  -1  -2    3  21   2  15   1  11   2   3   1   2   3   2   1   1  24   3   2   0   1   2  0.34 0.01
  293 I    -1  -2  -2  -2   3  -1  -2  -2  -2   3   1  -1   2   0  -1  -1  -1  -1  -1   1    3   2   2   2  12   2   2   3   1  44   3   2  11   1   2   3   2   0   1   2  0.12 0.02
  294 S     1  -1   0  -1  -1   0  -1   2  -1  -1  -1  -1  -1  -1  -1   1   0   5   0  -1   13   2   2   2   1   2   3  17   1   2   4   3   1   2   2  23   3  12   1   3  0.19 0.01
  295 E     0   0   0   0  -2   1   3  -1   0  -1  -1   1   2  -1   0   0   0  -1  -1  -1    4   2   2   2   1   2  33   3   1   2   4  13  15   2   2   3   3   1   1   3  0.14 0.01
  296 S     0   2   0   0  -1   1   2  -1   0  -2  -2   1  -1  -2  -1   2   0  -2  -1  -1    3  21   2   2   1   2  16   3   1   2   3   2   1   1   2  33   2   0   1   2  0.19 0.02
  297 S     0  -1   0  -1  -1   0   0  -1  -1  -1  -1   0  -1  -1   0   2   3  -1  -1   0    3   2   2   2   1   2   2   3   1   2   3   2   1   1   2  22  44   1   1   2  0.22 0.02
  298 F    -1  -2  -2  -2  -1  -2  -2  -2  -1   1   0  -2   0   5  -1  -1  -1   0   2   0    3   2   2   2   1   2   2   3   1  15   3   2   1  50   2   3   2   1   1   2  0.23 0.02
  299 V     0   3  -1  -1  -1   0   0  -1  -1   0  -1   2   0  -1  -1   0   0  -2  -1   1    3  20   2   2   1   2   2   3   1   2   3  26   1   1   2   3   2   1   1  22  0.11 0.01
  300 S    -1  -1   2   3  -2  -1   0   1  -1  -1   0  -1  -1  -2  -1   1   0  -2  -2  -1    2   1  14  30   0   1   2  12   1   1  16   1   1   1   1  11   1   0   1   2  0.18 0.01
  301 A     2  -2  -1  -1  -2  -2  -2   5  -2  -3  -3  -1  -2  -3  -2   0  -1  -2  -3  -2   20   1   1   1   0   0   1  70   0   1   1   1   0   0   1   1   1   0   0   1  0.70 0.04
  302 W    -3  -4  -5  -5  -3  -3  -4  -3  -3  -3  -2  -4  -2   0  -5  -4  -3  12   2  -4    0   0   0   0   0   0   0   0   0   0   0   0   0   0   0   0   0 100   0   0  2.85 0.14
  303 R     1   2   1  -1  -2   0  -1  -2  -1   0  -1   1  -1  -2  -2   1   0  -3  -2   1   11  20  13   0   0   0   0   0   0   0   0  14   0   0   0  14   0   0   0  29  0.14 0.02
  304 N     1  -1   1   0  -2   0   3  -2  -1   0  -2   0  -1  -2  -2   1   0  -3  -2   0   10   0  10   0   0   0  40   0   0  10   0   0   0   0   0  18   0   0   0  11  0.22 0.03
  305 Y    -2  -2  -3  -4  -3  -2  -3  -4   1  -2  -2  -2  -2   3  -4  -2  -2   2   8  -2    0   0   0   0   0   0   0   0   0   0   0   0   0   0   0   0   0   0 100   0  1.24 0.10
  306 L     0  -1  -2  -3  -2  -1  -2  -3   0   1   1   0   2   2  -3  -1  -1   0   4   0   11   0   0   0   0   0   0   0   0  14  10  13  14  10   0   0   0   0  29   0  0.20 0.03
  307 N    -2   3   5   0  -3   3   0  -2   0  -4  -3   1  -2  -4  -2   0  -1  -3  -2  -3    0  25  48   0   0  27   0   0   0   0   0   0   0   0   0   0   0   0   0   0  0.56 0.06
  308 Q    -1   1   0  -1  -4   7   2  -2   0  -3  -3   1  -1  -4  -2  -1  -1  -3  -2  -3    0   0   0   0   0 100   0   0   0   0   0   0   0   0   0   0   0   0   0   0  0.95 0.10
  309 E    -1  -1  -1   0  -3   0   3  -2  -2  -3  -3   0  -2  -4   6   1   1  -4  -3  -2    0   0   0   0   0   0  31   0   0   0   0   0   0   0  46  10  13   0   0   0  0.87 0.05
  310 I    -1  -2  -3  -3  -1  -2  -2  -3  -3   3   1  -2   1  -1  -2  -2   0  -3  -1   4    1   1   1   1   0   1   1   1   0  21   1   1   0   1   1   1   1   0   0  67  0.32 0.04
  311 V    -1  -3  -4  -4  -2  -3  -3  -4  -3   2   2  -3   1   4  -3  -2  -1  -1   1   3    0   0   0   0   0   0   0   0   0   0  27   0   0  29   0   0   0   0   0  45  0.35 0.04
  312 L    -2  -3  -3  -3  -2  -2  -3  -4  -3   1   3  -2   1   2   4  -2  -2  -2  -1   0    0   0   0   0   0   0   0   0   0   0  63   0   0  10  27   0   0   0   0   0  0.52 0.05
  313 P     3  -2  -2  -2  -2  -1  -1  -1  -2  -2  -2  -1  -2  -3   6   0  -1  -4  -3  -1   55   0   0   0   0   0   0   0   0   0   0   0   0   0  45   0   0   0   0   0  0.89 0.06
  314 G     0  -2   0  -1  -2  -1  -1   5  -2  -3  -3  -1  -2  -3  -2   2   0  -2  -2  -2    1   1   1   1   0   1   1  61   0   1   1   1   0   1   1  28   1   0   0   1  0.59 0.04
  315 V     1  -2  -3  -3  -1  -2  -2  -3  -3   2   2  -2   4  -1  -3  -1  -1  -3  -2   3   14   0   0   0   0   0   0   0   0   0  14   0  29   0   0   0   0   0   0  44  0.27 0.04
  316 S     3  -2   0  -1  -1  -1  -1   2  -2  -2  -3  -1  -2  -3  -1   3   0  -3  -2  -1   38   0   0   0   0   0   0  18   0   0   0   0   0   0   0  44   0   0   0   0  0.40 0.04
  317 L    -2  -2  -3  -4  -2  -2  -3  -4  -2   1   4  -2   1   1  -3  -2   1  -1   2   0    0   0   0   0   0   0   0   0   0   0  73   0   0   0   0   0  13   0  14   0  0.37 0.05
  318 A     4  -2  -2  -3  -1  -1  -2  -1  -2   0  -1  -1  -1  -2  -2   0   0  -3  -2   2   73   0   0   0   0   0   0   0   0   0   0   0   0   0   0   0   0   0   0  27  0.36 0.05
  319 L    -2  -3  -3  -4  -2  -3  -3  -4  -1   0   2  -3   1   5  -4  -3  -2   0   4  -1    0   0   0   0   0   0   0   0   0   0  33   0   0  53   0   0   0   0  14   0  0.57 0.05
  320 L    -2  -3  -4  -4  -2  -3  -3  -4  -3   2   4  -3   2   0  -3  -3  -1  -2  -1   2    0   0   0   0   0   0   0   0   0   0  86   0   0   0   0   0   0   0   0  14  0.51 0.05
  321 F    -2  -2   1  -3  -3  -2  -3  -3   1  -1  -1  -2  -1   5  -4  -2  -2   1   6  -2    0   0  13   0   0   0   0   0   0   0   0   0   0  34   0   0   0   0  53   0  0.71 0.06
  322 F    -2  -3  -3  -4  -3  -3  -3  -4  -2   0   1  -3   4   6  -4  -3  -2   0   2  -1    0   0   0   0   0   0   0   0   0   0   0   0  29  71   0   0   0   0   0   0  0.71 0.08
  323 T    -1  -1   4   0  -2  -1  -1  -1  -1  -2  -2  -1  -2  -3  -2   1   4  -3  -2  -1    0   0  40   0   0   0   0   0   0   0   0   0   0   0   0   0  60   0   0   0  0.53 0.07
  324 V    -1  -3  -3  -4  -1  -3  -3  -4  -4   2   0  -3   0  -1  -3  -2   0  -3  -2   5    0   0   0   0   0   0   0   0   0   0   0   0   0   0   0   0   0   0   0 100  0.54 0.07
  325 L    -2  -3  -4  -4  -2  -3  -3  -4  -3   1   5  -3   2   0  -3  -3  -2  -2  -1   1    0   0   0   0   0   0   0   0   0   0 100   0   0   0   0   0   0   0   0   0  0.61 0.06
  326 S     2  -2   0  -1  -1  -1  -1   3  -2  -2  -3  -1  -2  -3  -1   2   2  -3  -2  -1   27   0   0   0   0   0   0  29   0   0   0   0   0   0   0  31  14   0   0   0  0.38 0.03
  327 F    -2  -3  -3  -3  -3  -3  -3  -3  -2  -1  -1  -3  -1   6   5  -2  -2  -1   2  -2    0   0   0   0   0   0   0   0   0   0   0   0   0  60  40   0   0   0   0   0  0.94 0.07
  328 G    -1  -3   0   3  -3  -2  -1   5  -2  -4  -4  -2  -3  -4  -2  -1  -2  -3  -4  -4    0   0   0  29   0   0   0  71   0   0   0   0   0   0   0   0   0   0   0   0  0.85 0.06
  329 T     2  -2  -1  -2   6  -1  -2  -1  -2  -2  -2  -1  -1  -3  -2   2   3  -3  -2  -1   27   0   0   0  29   0   0   0   0   0   0   0   0   0   0  14  31   0   0   0  0.43 0.05
  330 L    -2  -3  -4  -4  -2  -3  -3  -4  -3   3   4  -3   2   0  -3  -3  -1  -2  -1   2    0   0   0   0   0   0   0   0   0  42  58   0   0   0   0   0   0   0   0   0  0.46 0.05
  331 M    -1  -2  -2  -3  -2  -1  -2  -3  -2   0   1  -2   7  -1  -3  -1   3  -2  -2   0    0   0   0   0   0   0   0   0   0   0   0   0  71   0   0   0  29   0   0   0  0.48 0.09
  332 T     0  -2   0  -2  -1  -1  -1  -2  -2  -1  -2  -1  -1  -3  -2   1   6  -3  -2   0    0   0   0   0   0   0   0   0   0   0   0   0   0   0   0   0 100   0   0   0  0.71 0.09
  333 A     3  -2  -1  -2  -1  -1  -1   3  -2  -2  -2  -1  -2  -3  -1   1   1  -3  -2  -1   57   0   0   0   0   0   0  29   0   0   0   0   0   0   0   0  14   0   0   0  0.42 0.04
  334 T    -1  -2  -2  -3  -2  -2  -2  -3   0  -1   1  -2   0   4  -3  -1   2   0   4  -1    0   0   0   0   0   0   0   0   0   0  13   0   0  27   0   0  31   0  29   0  0.38 0.05
  335 L     2  -2  -3  -3  -1  -2  -3  -2  -3   1   4  -2   1   0  -3  -1  -1  -2  -2   0   29   0   0   0   0   0   0   0   0   0  71   0   0   0   0   0   0   0   0   0  0.33 0.05
  336 E    -1  -1  -1   1  -2   1   1  -3   0   1  -1  -1   2   0  -2  -1   1   0   4   0    0   0   0  11   0  10  10   0   0  14   0   0  13   0   0   0  14   0  29   0  0.17 0.03
  337 W    -2  -1  -1  -2  -3   2  -1  -2   5  -3  -2  -1  -1  -1  -2  -1   2   8   1  -2    0   0   0   0   0  14   0   0  27   0   0   0   0   0   0   0  29  31   0   0  0.74 0.06
  338 K    -1   3   0   0  -4   4   3  -2   0  -3  -3   2  -1  -4  -2  -1  -1  -3  -2  -3    0  27   0   0   0  43  21   0   0   0   0  10   0   0   0   0   0   0   0   0  0.57 0.05
  339 G     0  -3  -1  -2   4  -2  -3   6  -3  -4  -4  -2  -3  -4  -3  -1  -2  -3  -4  -3    0   0   0   0  14   0   0  86   0   0   0   0   0   0   0   0   0   0   0   0  1.02 0.07
  340 I    -1  -3  -4  -4  -1  -3  -3  -4  -4   4   3  -3   1   0  -3  -3  -1  -3  -2   3    0   0   0   0   0   0   0   0   0  44  29   0   0   0   0   0   0   0   0  27  0.40 0.04
  341 P     0   1   3   0  -2   0  -1  -1  -1  -3  -3   0  -2  -3   5   2   0  -4  -3  -3    0  14  24   0   0   0   0   0   0   0   0   0   0   0  31  31   0   0   0   0  0.60 0.04
  342 T     1  -2  -1  -2  -2  -2  -2   3  -2  -3  -3  -1  -2  -3   5   0   2  -3  -3  -2   11   0   0   0   0   0   0  29   0   0   0   0   0   0  40   0  20   0   0   0  0.76 0.04
  343 Y     0  -1   0  -1  -2  -1  -1  -1   0  -2  -2  -1  -2   0  -2   4   0  -1   4  -2    0   0   0   0   0   0   0   0   0   0   0   0   0   0   0  69   0   0  31   0  0.46 0.07
  344 I    -1  -3  -4  -4  -1  -3  -3  -4  -4   4   1  -3   1  -1  -3  -2  -1  -3  -2   4    0   0   0   0   0   0   0   0   0  51   0   0   0   0   0   0   0   0   0  49  0.46 0.05
  345 I    -1  -3  -4  -4  -1  -3  -3  -4  -4   4   3  -3   1   0  -3  -3  -1  -3  -2   3    0   0   0   0   0   0   0   0   0  58  29   0   0   0   0   0   0   0   0  13  0.43 0.04
  346 G     0  -2   0  -1  -2  -1  -2   5  -2  -4  -4  -1  -3  -3  -2   3   0  -3  -3  -3    0   0   0   0   0   0   0  60   0   0   0   0   0   0   0  40   0   0   0   0  0.69 0.05
  347 I     2  -2  -2  -3  -1  -2  -2   1  -3   2   2  -2   1  -1  -2  -1  -1  -3  -2   1   27   0   0   0   0   0   0  14   0  29  22   0   0   0   0   0   0   0   0   9  0.17 0.02
  348 G     0  -3  -3  -3  -2  -3  -3   2  -2   0   2  -3   0   4  -3  -2  -2  -1   1  -1   11   0   0   0   0   0   0  20   0   0  29   0   0  40   0   0   0   0   0   0  0.29 0.04
  349 R     0   3  -1  -2  -2   0  -1   1  -1  -1  -1   0   3  -2  -2   2   0  -3  -2  -1    0  31   0   0   0   0   0  14   0   0   0   0  29   0   0  27   0   0   0   0  0.23 0.05
  350 G     0  -3  -1  -2  -3  -2  -3   6  -3  -4  -4  -2  -3  -4  -3  -1  -2  -3  -4  -4    0   0   0   0   0   0   0 100   0   0   0   0   0   0   0   0   0   0   0   0  1.23 0.07
  351 I     2  -2  -2  -3  -1  -2  -2  -2  -2   2   2  -2   1  -1  -2   1   0  -3  -2   1   29   0   0   0   0   0   0   0   0  20  27   0   0   0   0  14   0   0   0  11  0.16 0.02
  352 S     1  -2   0  -1   6  -1  -1  -1  -2  -3  -3  -1  -2  -3  -2   4   1  -3  -2  -2    0   0   0   0  27   0   0   0   0   0   0   0   0   0   0  73   0   0   0   0  0.57 0.07
  353 A     4  -2  -1  -2  -1  -1  -1   2  -2  -2  -2  -1  -2  -3  -1   2   0  -3  -2  -1   73   0   0   0   0   0   0  14   0   0   0   0   0   0   0  13   0   0   0   0  0.44 0.05
  354 G     2  -2  -2  -3  -1  -2  -2   0  -3   3   0  -2   0  -1  -2   0   1  -3  -2   2   25   0   0   0   0   0   0  10   0  31   0   0   0   0   0   0  10   0   0  24  0.17 0.03
  355 V     0  -2  -2  -3  -1  -1  -2  -3  -2   1   1  -2   4  -1  -2   0   2  -3  -2   3    0   0   0   0   0   0   0   0   0   0   0   0  27   0   0  10  18   0   0  45  0.24 0.05
  356 G     0  -3  -1  -2  -3  -2  -3   6  -3  -4  -4  -2  -3  -4  -3  -1  -2  -3  -4  -4    0   0   0   0   0   0   0 100   0   0   0   0   0   0   0   0   0   0   0   0  1.23 0.07
  357 L    -1  -3  -4  -4  -1  -3  -3  -4  -4   4   3  -3   1   0  -3  -3  -1  -3  -2   3    0   0   0   0   0   0   0   0   0  54  33   0   0   0   0   0   0   0   0  14  0.42 0.04
  358 A     3  -2  -2  -3   3  -1  -2  -1  -2   0   1  -2   3  -1  -2   0  -1  -3  -2   1   44   0   0   0  10   0   0   0   0   0  14   0  18   0   0   0   0   0   0  13  0.22 0.04
  359 A     4  -2  -2  -2  -1  -1  -2   3  -2  -2  -2  -1  -2  -3  -1   1  -1  -3  -3  -1   71   0   0   0   0   0   0  29   0   0   0   0   0   0   0   0   0   0   0   0  0.50 0.05
  360 T     0  -2   0  -2  -1  -1  -1  -2  -2  -1  -2  -1  -1  -3  -2   1   6  -3  -2   0    0   0   0   0   0   0   0   0   0   0   0   0   0   0   0   0 100   0   0   0  0.71 0.09
  361 V    -2  -3  -4  -4  -2  -3  -3  -4  -3   1   1  -3   0   5  -3  -3  -1   5   1   2    0   0   0   0   0   0   0   0   0   0  10   0   0  40   0   0   0  11   0  38  0.46 0.05
  362 L     3  -2  -3  -3  -1  -2  -2  -2  -3   2   2  -2   0  -1  -2   0  -1  -3  -2   2   43   0   0   0   0   0   0   0   0  13  23   0   0   0   0   0   0   0   0  21  0.21 0.03
  363 Y    -1  -2  -1  -2  -2  -2  -2  -2   0  -1  -1  -2  -1   4  -2   2   1   0   5  -1    0   0   0   0   0   0   0   0   0   0   0   0   0  29   0  27  14   0  31   0  0.39 0.05
  364 P     2  -2  -1  -2  -1  -1  -1  -1  -2  -2  -2  -1  -2  -3   5   1   3  -3  -2  -1   27   0   0   0   0   0   0   0   0   0   0   0   0   0  31  13  29   0   0   0  0.58 0.04
  365 L     0   1   1  -2  -2  -1  -2  -2  -2  -1   1  -1  -1  -1  -3   1  -1   8   0  -2   11  14  14   0   0   0   0   0   0   0  20   0   0   0   0  13   0  29   0   0  0.46 0.04
  366 M     0  -2  -3  -4  -1  -2  -3  -3  -3   2   4  -2   3   0  -3  -2  -1  -2  -1   1   11   0   0   0   0   0   0   0   0  10  59   0  20   0   0   0   0   0   0   0  0.35 0.04
  367 Q    -1   3  -1  -2  -2   2   0  -3   3   0  -1   0   0  -2  -2  -1  -1  -3  -1   2    0  29   0   0   0  20   0   0  11   0   0   0   0   0   0   0   0   0   0  40  0.24 0.04
  368 S     1   3   0  -1  -3   1   2  -1  -1  -3  -3   3  -2  -3  -1   1   0  -3  -2  -2   11  18   0   0   0   0  13   0   0   0   0  38   0   0   0  20   0   0   0   0  0.35 0.03
  369 R    -1   5  -1  -1  -4   1   2  -2  -1  -3  -3   3  -2  -3  -2  -1  -1  -3  -2  -3    0  57   0   0   0   0  14   0   0   0   0  29   0   0   0   0   0   0   0   0  0.64 0.05
  370 I    -1  -3  -3  -4   6  -3  -3  -4  -3   2   2  -3   1  -1  -3  -2  -1  -3  -2   3    0   0   0   0  29   0   0   0   0  10  24   0   0   0   0   0   0   0   0  38  0.43 0.04
  371 S     0  -2   0  -1  -2  -2  -2   5  -2  -4  -4  -1  -3  -3  -2   2  -1  -3  -3  -3    0   0   0   0   0   0   0  69   0   0   0   0   0   0   0  31   0   0   0   0  0.77 0.06
  372 P    -1  -3  -2  -3  -2  -2  -3  -3  -3   3   2  -2   1  -1   2  -1   2  -3  -2   1    0   0   0   0   0   0   0   0   0  40  29   0   0   0  10   0  21   0   0   0  0.27 0.04
  373 L    -1  -3  -4  -4  -1  -3  -3  -4  -3   2   4  -3   2   0  -3  -3  -1  -2  -1   2    0   0   0   0   0   0   0   0   0  10  71   0   0   0   0   0   0   0   0  18  0.45 0.04
  374 R    -2   5  -1  -2  -4   1   0  -2  -1  -3  -3   4  -2  -3  -2  -1  -1  -3  -2  -3    0  60   0   0   0   0   0   0   0   0   0  40   0   0   0   0   0   0   0   0  0.71 0.06
  375 T     3  -2  -1  -2  -1  -1  -1  -1  -2  -1  -2  -1  -1  -3  -1   1   4  -3  -2   0   52   0   0   0   0   0   0   0   0   0   0   0   0   0   0   0  48   0   0   0  0.41 0.06
  376 G     0  -3  -1  -2  -3  -2  -3   6  -3  -4  -4  -2  -3  -4  -3  -1  -2  -3  -4  -4    0   0   0   0   0   0   0 100   0   0   0   0   0   0   0   0   0   0   0   0  1.23 0.07
  377 V     2  -2  -3  -3  -1  -2  -2  -2  -2   1   2  -2   1   2  -2  -1  -1  -2  -1   1   40   0   0   0   0   0   0   0   0   0  40   0   0  10   0   0   0   0   0  10  0.20 0.03
  378 W     1  -3  -3  -3  -2  -2  -3  -2  -3   2   0  -2   0   2  -3  -1  -1   8   1   1   27   0   0   0   0   0   0   0   0  19   0   0   0   9   0   0   0  31   0  14  0.57 0.05
  379 S     1  -2   0  -1  -2  -1  -1   4  -2  -3  -3  -1  -2  -3  -2   3   0  -3  -3  -2   10   0   0   0   0   0   0  40   0   0   0   0   0   0   0  49   0   0   0   0  0.52 0.05
  380 F    -1  -3  -2  -3  -2  -3  -3   3  -3   1   2  -3   1   3  -3  -2  -2  -1   0   0    0   0   0   0   0   0   0  29   0  11  40   0   0  20   0   0   0   0   0   0  0.26 0.03
  381 W    -2  -3  -4  -4  -2  -3  -3  -4  -3   2   2  -3   0   2  -4  -3  -2   8   1   1    0   0   0   0   0   0   0   0   0  27  18   0   0  14   0   0   0  31   0  10  0.68 0.05
  382 S     3  -2  -1  -2  -1  -1  -1  -1  -2  -1  -1  -1  -1   2  -2   2   1  -2  -1   1   44   0   0   0   0   0   0   0   0   0   0   0   0  14   0  20  10   0   0  13  0.20 0.03
  383 Q    -1   1   0  -1  -4   7   2  -2   0  -3  -3   1  -1  -4  -2  -1  -1  -3  -2  -3    0   0   0   0   0 100   0   0   0   0   0   0   0   0   0   0   0   0   0   0  0.95 0.10
  384 W     2  -2  -2  -3  -2  -2  -2  -2  -2  -1   1  -2   0   0  -2   1  -1   8   0  -1   27   0   0   0   0   0   0   0   0   0  29   0   0   0   0  14   0  31   0   0  0.56 0.05
  385 T     2  -1   0  -1   4  -1  -1  -1  -2  -2  -2  -1  -2  -3  -1   4   2  -3  -2  -1   14   0   0   0  11   0   0   0   0   0   0   0   0   0   0  65  10   0   0   0  0.42 0.05
  386 C    -1  -3  -4  -4   8  -3  -4  -4  -4   0   2  -3   0  -1  -3  -2  -1  -3  -2   0    0   0   0   0  60   0   0   0   0   0  40   0   0   0   0   0   0   0   0   0  0.86 0.07
  387 L    -2  -3  -4  -4  -2  -3  -3  -4  -3   1   5  -3   2   0  -3  -3  -2  -2  -1   1    0   0   0   0   0   0   0   0   0   0 100   0   0   0   0   0   0   0   0   0  0.61 0.06
  388 L     1  -2  -2  -3  -1  -2  -2  -2  -3   2   2  -2   1  -1  -2   1   1  -3  -2   2   14   0   0   0   0   0   0   0   0  18  31   0   0   0   0  13  10   0   0  14  0.16 0.02
  389 V    -1  -3  -4  -4  -1  -3  -3  -4  -4   2   2  -3   1  -1  -3  -2  -1  -3  -2   4    0   0   0   0   0   0   0   0   0   0  29   0   0   0   0   0   0   0   0  71  0.41 0.05
  390 C     2  -3  -3  -3   8  -3  -3  -2  -3  -1  -1  -3  -1  -3  -3  -1  -1  -3  -3   1   27   0   0   0  60   0   0   0   0   0   0   0   0   0   0   0   0   0   0  14  0.80 0.07
  391 V    -1  -3  -3  -4  -1  -3  -3  -4  -2   2   1  -3   1   0  -3  -2  -1  -2   2   4    0   0   0   0   0   0   0   0   0   0  13   0   0   0   0   0   0   0  14  73  0.37 0.05
  392 G     1  -2  -2  -2  -1  -2  -2   2  -2   2   1  -2   0  -1  -2  -1  -1  -2  -2   1   23   1   1   1   0   1   1  21   0  19  15   1   0   1   1   1   1   0   0  14  0.12 0.01
  393 S     2  -1   0  -1  -1  -1  -1  -1  -2  -1  -2  -1  -1  -2  -1   4   2  -3  -2   0   14   0   0   0   0   0   0   0   0   0   0   0   0   0   0  60  14   0   0  13  0.33 0.05
  394 I    -1  -3  -3  -3  -2  -3  -3   1  -2   3   0  -3   0   0  -3  -2  -1  -2   2   3    0   0   0   0   0   0   0  14   0  20   0   0   0   0   0   0   0   0  13  53  0.25 0.04
  395 W     0  -3  -3  -4  -2  -2  -3  -3  -1  -2  -1  -3  -1   4  -4  -2  -2   9   4  -2   14   0   0   0   0   0   0   0   0   0   0   0   0  29   0   0   0  44  14   0  1.12 0.07
  396 V     1  -3  -2  -3   4  -2  -2  -2  -3   2   0  -2   0  -2  -2   0   1  -3  -2   3   22   0   0   0  14   0   0   0   0  18   0   0   0   0   0   0  13   0   0  34  0.23 0.03
  397 E     0   0   0   0  -3   2   2   3   2  -3  -3   1  -2  -3  -2   2   0  -3  -2  -3    0   0   0   0   0   9  20  24   9   0   0  10   0   0   0  27   0   0   0   0  0.32 0.03
  398 K     1   2   0  -1  -2   0   1   2  -1  -3  -3   2  -2  -3  -2   2   0  -3  -2  -2   10  14   0   0   0   0   9  20   0   0   0  20   0   0   0  27   0   0   0   0  0.29 0.03
  399 E     0   2   0   2  -3   2   3  -2   3  -3  -3   0  -2  -3   2   0  -1  -3  -1  -3   11  14   0  10   0  13  28   0  14   0   0   0   0   0  10   0   0   0   0   0  0.37 0.03
  400 K     2   2  -1  -1  -2   0   0  -1  -1  -3  -2   3  -2  -3   2   1   0  -3  -2  -2   34  13   0   0   0   0   0   0   0   0   0  33   0   0  10   9   0   0   0   0  0.32 0.03
  401 I     1  -2  -1  -2  -1  -2  -2   1  -3   2   0  -2   0  -2  -2   1   1  -3  -2   2   11   0   0   0   0   0   0  14   0  29   0   0   0   0   0  14  13   0   0  20  0.14 0.02
  402 A     2  -2  -1  -1  -2  -1   1  -1  -2  -2  -2  -1  -2  -3   4   2   1  -3  -2  -1   34   0   0   0   0   0  10   0   0   0   0   0   0   0  27  21   9   0   0   0  0.49 0.03
  403 S     1  -2  -1  -2  -1  -1  -1  -2  -2   0   2  -1   0  -1   2   2   0  -3  -2  -1   11   0   0   0   0   0   0   0   0   0  40   0   0   0   9  39   0   0   0   0  0.21 0.04
  404 Y    -2  -2  -3  -4  -2  -2  -3  -3   0  -1   1  -3   0   4  -3  -2   0   6   5  -1    0   0   0   0   0   0   0   0   0   0  13   0   0  27   0   0   9  11  39   0  0.61 0.05
  405 M     0  -2  -3  -3  -2  -1  -3  -3  -2   2   2  -2   5   2  -3  -2  -1  -2   0   1   14   0   0   0   0   0   0   0   0  13   9   0  50  14   0   0   0   0   0   0  0.30 0.05
  406 L    -2  -3  -4  -4  -2  -3  -3  -4  -2   1   3  -3   1   5  -4  -3  -2  -1   1   0    0   0   0   0   0   0   0   0   0   0  60   0   0  40   0   0   0   0   0   0  0.52 0.05
  407 M    -2  -2  -3  -4  -2  -2  -3  -4  -2   1   3  -3   4   4  -3  -3  -2  -1   1   0    0   0   0   0   0   0   0   0   0   0  40   0  31  29   0   0   0   0   0   0  0.43 0.05
  408 A     4  -2  -1  -2  -1  -1  -1   3  -2  -2  -2  -1  -2  -3  -1   2   0  -3  -2  -1   61   0   0   0   0   0   0  25   0   0   0   0   0   0   0  14   0   0   0   0  0.44 0.05
  409 G     1  -2  -1  -2  -2  -2  -2   5  -2  -1   0  -2   2  -2  -2  -1  -1  -3  -3  -1   13   0   0   0   0   0   0  60   0   0  14   0  14   0   0   0   0   0   0   0  0.50 0.04
  410 V    -1  -3  -4  -4  -1  -3  -3  -4  -4   4   1  -3   1  -1  -3  -2  -1  -3  -2   4    0   0   0   0   0   0   0   0   0  40   0   0   0   0   0   0   0   0   0  60  0.46 0.05
  411 A     3  -2  -3  -3  -1  -2  -2  -2  -3   3   0  -2   0  -1  -2   0   0  -3  -2   3   44   0   0   0   0   0   0   0   0  29   0   0   0   0   0   0   0   0   0  27  0.25 0.04
  412 A     4  -2  -2  -3  -1  -1  -2  -1  -2  -1   1  -1   0  -2  -2   0  -1  -3  -2   0   73   0   0   0   0   0   0   0   0   0  27   0   0   0   0   0   0   0   0   0  0.33 0.05
  413 S     3  -1   0  -1  -1  -1  -1   0  -1  -2  -3  -1  -2  -3  -1   4   1  -3  -2  -2   29   0   0   0   0   0   0   0   0   0   0   0   0   0   0  71   0   0   0   0  0.48 0.06
  414 R    -2   7  -1  -2  -4   1  -1  -3  -1  -4  -3   2  -2  -3  -3  -1  -2  -3  -2  -3    0 100   0   0   0   0   0   0   0   0   0   0   0   0   0   0   0   0   0   0  1.01 0.09
  415 L     0  -3  -3  -4  -1  -2  -3  -3  -3   2   3  -3   1   0  -3  -2  -1  -2  -1   2   14   0   0   0   0   0   0   0   0  18  57   0   0   0   0   0   0   0   0  10  0.32 0.03
  416 G     0  -3  -1  -2  -3  -2  -3   6  -3  -4  -4  -2  -3  -4  -3  -1  -2  -3  -4  -4    0   0   0   0   0   0   0 100   0   0   0   0   0   0   0   0   0   0   0   0  1.23 0.07
  417 L    -2  -2  -2  -3  -2  -1  -2  -3   6   0   3  -2   1   0  -3  -2  -2  -2   0  -1    0   0   0   0   0   0   0   0  40   0  60   0   0   0   0   0   0   0   0   0  0.45 0.06
  418 W    -2  -3  -4  -4  -3  -2  -3  -3  -3  -1   0  -3   5   0  -4  -3  -2  10   1  -1    0   0   0   0   0   0   0   0   0   0   0   0  40   0   0   0   0  60   0   0  1.52 0.10
  419 M     1  -1  -1  -1  -1  -1  -1  -1  -2  -1   0  -1   4  -2  -2   3   0  -3  -2  -1   14   0   0   0   0   0   0   0   0   0   0   0  31   0   0  55   0   0   0   0  0.30 0.06
  420 F    -3  -3  -3  -4  -3  -3  -3  -4   0  -1   0  -3  -1   6  -4  -3  -2   1   6  -1    0   0   0   0   0   0   0   0   0   0   0   0   0  60   0   0   0   0  40   0  0.89 0.07
  421 D    -1  -2   1   6  -3  -1   1   1  -2  -4  -4  -1  -3  -4  -2   1  -1  -4  -3  -3    0   0   0  73   0   0   0  14   0   0   0   0   0   0   0  14   0   0   0   0  0.75 0.06
  422 L     1  -2  -3  -4  -1  -2  -3  -3  -3   2   3  -2   1   0  -3  -2  -1  -2  -1   2   14   0   0   0   0   0   0   0   0   0  60   0   0   0   0   0   0   0   0  27  0.32 0.04
  423 A     2  -2  -2  -2  -1  -2  -2  -2  -3   2   0  -2   0  -2  -2   0   2  -3  -2   2   31   0   0   0   0   0   0   0   0  14   0   0   0   0   0   0  29   0   0  27  0.22 0.03
  424 V     0  -3  -2  -3  -2  -2  -3   4  -3   1  -1  -2  -1  -2  -3  -1  -1  -3  -2   3    0   0   0   0   0   0   0  40   0   0   0   0   0   0   0   0   0   0   0  60  0.38 0.05
  425 I     1  -2  -2  -2  -1  -1  -2  -2  -2   2   1  -2   2  -1  -2   0   3  -3  -2   1   14   0   0   0   0   0   0   0   0  20  14   0  11   0   0   0  42   0   0   0  0.21 0.04
  426 Q    -1   1   0  -1  -4   7   2  -2   0  -3  -3   1  -1  -4  -2  -1  -1  -3  -2  -3    0   0   0   0   0 100   0   0   0   0   0   0   0   0   0   0   0   0   0   0  0.95 0.10
  427 Q    -1  -2  -3  -3  -2   2  -1  -4  -2   3   3  -2   1  -1  -3  -2  -1  -2  -1   2    0   0   0   0   0  20   0   0   0  27  40   0   0   0   0   0   0   0   0  14  0.25 0.03
  428 M    -1  -2  -3  -4  -2  -2  -3  -4  -3   2   3  -2   4   0  -3  -2  -1  -2  -1   2    0   0   0   0   0   0   0   0   0  10  45   0  31   0   0   0   0   0   0  14  0.39 0.04
  429 Q    -1   1   0  -1  -4   7   2  -2   0  -3  -3   1  -1  -4  -2  -1  -1  -3  -2  -3    0   0   0   0   0 100   0   0   0   0   0   0   0   0   0   0   0   0   0   0  0.95 0.10
  430 D    -1  -1   0   4  -3   0   3  -2  -1  -2  -3   0  -2  -3  -2   0   3  -4  -3  -2    0   0   0  31   0   0  29   0   0   0   0   0   0   0   0   0  40   0   0   0  0.47 0.05
  431 L    -1  -2   3  -1  -3  -2  -2   4  -1  -2   0  -2  -1  -2  -3  -1  -1  -3  -3  -2    0   0  29   0   0   0   0  52   0   0  20   0   0   0   0   0   0   0   0   0  0.47 0.04
  432 V    -1  -3   1  -2  -1  -2  -3  -3  -3   3   0  -2   0  -1  -3  -2   0  -3  -2   4    0   0  14   0   0   0   0   0   0  14   0   0   0   0   0   0   0   0   0  73  0.33 0.05
  433 P    -1  -3  -2  -2  -3  -2  -2  -3  -3   2  -1  -2  -1  -3   7   0  -1  -4  -3   0    0   0   0   0   0   0   0   0   0  29   0   0   0   0  61  10   0   0   0   0  1.07 0.06
  434 E     2  -1  -1   1  -2   1   4  -1  -1  -3  -3   0  -2  -3  -1   1   0  -3  -2  -2   27   0   0   0   0   0  60   0   0   0   0   0   0   0   0  14   0   0   0   0  0.48 0.05
  435 S     1  -1   0  -1  -1  -1  -1  -1  -1  -3  -3  -1  -2  -3  -1   5   1  -3  -2  -2    0   0   0   0   0   0   0   0   0   0   0   0   0   0   0 100   0   0   0   0  0.64 0.08
  436 D    -1   1   0   4  -4   1   3  -2  -1  -3  -3   3  -2  -4  -2   0  -1  -4  -3  -3    0   0   0  31   0   0  29   0   0   0   0  40   0   0   0   0   0   0   0   0  0.54 0.05
  437 R     3   5  -1  -2  -2   0  -1  -1  -1  -3  -2   1  -2  -3  -2   0  -1  -3  -2  -2   40  60   0   0   0   0   0   0   0   0   0   0   0   0   0   0   0   0   0   0  0.50 0.06
  438 C    -1  -1   3  -1   6  -1  -2   3  -1  -3  -3   1  -2  -3  -3   0  -1  -3  -3  -2    0   0  27   0  31   0   0  29   0   0   0  14   0   0   0   0   0   0   0   0  0.48 0.05
  439 V    -1  -3  -4  -4  -1  -3  -3  -4  -3   3   3  -3   1   0  -3  -2  -1  -3  -1   3    0   0   0   0   0   0   0   0   0  18  40   0   0   0   0   0   0   0   0  41  0.38 0.04
  440 V    -1  -3  -4  -4  -1  -3  -3  -4  -4   5   1  -3   1  -1  -3  -3  -1  -3  -2   3    0   0   0   0   0   0   0   0   0  69   0   0   0   0   0   0   0   0   0  31  0.49 0.06
  441 G    -1  -2   3  -1  -3  -2  -2   5  -1  -4  -4  -1  -3  -4  -3   0  -1  -3  -3  -4    0   0  29   0   0   0   0  71   0   0   0   0   0   0   0   0   0   0   0   0  0.85 0.06
  442 G     2  -2  -1  -2  -2  -2  -2   5  -2  -3  -3  -2  -3  -3  -2   0  -1  -3  -3  -2   27   0   0   0   0   0   0  73   0   0   0   0   0   0   0   0   0   0   0   0  0.81 0.05
  443 V    -1  -2  -2  -3  -1  -2  -2  -3  -3   2   0  -2   2  -1  -2  -1   3  -3  -2   4    0   0   0   0   0   0   0   0   0   0   0   0  13   0   0   0  27   0   0  60  0.31 0.05
  444 Q    -1   0   0   0  -4   5   4  -2   0  -4  -3   1  -1  -4  -2   0  -1  -3  -2  -3    0   0   0   0   0  60  40   0   0   0   0   0   0   0   0   0   0   0   0   0  0.74 0.07
  445 N    -2  -2   5   0  -2  -1  -1  -2  -1   2  -1  -1  -1  -2  -3  -1  -1  -4  -2   1    0   0  60   0   0   0   0   0   0  27   0   0   0   0   0   0   0   0   0  13  0.37 0.06
  446 S     2  -1   0  -1  -1  -1  -1  -1  -1  -3  -3  -1  -2  -3  -1   5   1  -3  -2  -2   14   0   0   0   0   0   0   0   0   0   0   0   0   0   0  86   0   0   0   0  0.54 0.07
  447 L    -1  -2  -3  -4  -1  -2  -3  -4  -3   2   3  -2   4   0  -3  -2  -1  -2  -1   3    0   0   0   0   0   0   0   0   0  13  31   0  29   0   0   0   0   0   0  27  0.35 0.04
  448 Q     2   0   3   0  -2   3   0  -1   0  -3  -3   0  -1  -3  -2   1   0  -3  -2  -2   27   0  29   0   0  31   0   0   0   0   0   0   0   0   0  13   0   0   0   0  0.35 0.04
  449 S     0  -1   0  -1  -2  -1  -1  -1   0  -3  -2  -1  -2   0  -2   4   1  -1   4  -2    0   0   0   0   0   0   0   0   0   0   0   0   0   0   0  71   0   0  29   0  0.46 0.07
  450 A     1  -2  -3  -4  -1  -2  -3  -3  -3   1   4  -2   3   0  -3  -2  -1  -2  -1   0   20   0   0   0   0   0   0   0   0   0  69   0  11   0   0   0   0   0   0   0  0.35 0.04
  451 L     2  -2  -3  -3  -1  -2  -2  -2  -2   0   3  -2   1   2  -2  -1  -1  -2  -1   0   40   0   0   0   0   0   0   0   0   0  48   0   0  11   0   0   0   0   0   0  0.24 0.04
  452 D    -2  -1   1   5  -4   1   4  -2  -1  -4  -4   0  -3  -4  -2  -1  -1  -4  -3  -3    0   0   0  60   0   0  40   0   0   0   0   0   0   0   0   0   0   0   0   0  0.84 0.06
  453 L    -1  -2  -3  -3  -2  -2  -3  -3  -3   1   4  -2   2   0  -3   0  -1  -2  -1   0    0   0   0   0   0   0   0   0   0   0  86   0   0   0   0  14   0   0   0   0  0.42 0.05
  454 M     0  -2  -3  -4  -1  -2  -3  -3  -3   1   3  -2   3   0  -3  -2  -1  -2  -1   1   14   0   0   0   0   0   0   0   0   0  53   0  20   0   0   0   0   0   0  13  0.31 0.04
  455 A     1  -1  -1  -2  -2  -1  -1  -2   5  -1   0  -1   5  -1  -2  -1   1  -2   0  -1   20   0   0   0   0   0   0   0  29   0   0   0  40   0   0   0  11   0   0   0  0.29 0.06
  456 N    -2  -2   0  -3  -2  -2  -3  -3  -1   0   2  -2   2   4  -3  -2  -2   0   4   0    0   0  10   0   0   0   0   0   0   0  27   0  14  29   0   0   0   0  21   0  0.34 0.04
  457 L     1  -3  -2  -3  -2  -2  -3   2  -3   2   1  -2   0  -1  -3  -1  -1  -3  -2   1   14   0   0   0   0   0   0  27   0  29  20   0   0   0   0   0   0   0   0  11  0.20 0.02
  458 L    -1  -2  -3  -4  -2  -2  -3  -4  -3   2   2  -2   6   0  -3  -2  -1  -2  -1   2    0   0   0   0   0   0   0   0   0   0  20   0  53   0   0   0   0   0   0  27  0.42 0.06
  459 G     3  -2  -2  -2  -1  -2  -2   3  -2   0  -1  -2  -1  -2  -2   0  -1  -3  -2   2   40   0   0   0   0   0   0  31   0   0   0   0   0   0   0   0   0   0   0  29  0.31 0.04
  460 I    -2  -3  -4  -4  -2  -3  -4  -4  -4   5   1  -3   1  -1  -3  -3  -1  -3  -2   3    0   0   0   0   0   0   0   0   0  86   0   0   0   0   0   0   0   0   0  14  0.54 0.06
  461 I     0  -3  -3  -3  -1  -3  -3  -3  -3   3   2  -3   1   0  -3  -2  -1  -3  -2   2   14   0   0   0   0   0   0   0   0  44  29   0   0   0   0   0   0   0   0  14  0.30 0.03
  462 V     4  -2  -2  -3  -1  -2  -2  -1  -2   0  -1  -1  -1  -2  -2   0   0  -3  -2   2   69   0   0   0   0   0   0   0   0   0   0   0   0   0   0   0   0   0   0  31  0.34 0.05
  463 S     0  -1   3   0  -2  -1  -1  -1  -1  -3  -3  -1  -2  -3   5   3   0  -4  -3  -3    0   0  27   0   0   0   0   0   0   0   0   0   0   0  29  45   0   0   0   0  0.63 0.05
  464 N    -2  -1   5   5  -4   0   1  -1  -1  -4  -4  -1  -3  -4  -2   0  -1  -5  -3  -4    0   0  48  52   0   0   0   0   0   0   0   0   0   0   0   0   0   0   0   0  0.81 0.06
  465 P     2  -2  -2  -2  -2  -2  -2  -2  -3  -1  -2  -1  -2  -3   7  -1  -1  -4  -3   0   27   0   0   0   0   0   0   0   0   0   0   0   0   0  60   0   0   0   0  13  1.07 0.06
  466 K     0   2   0   0  -2   1   3  -1  -1  -3  -3   2  -2  -3  -1   3   0  -3  -2  -2    0  11   0   0   0   0  29   0   0   0   0  20   0   0   0  40   0   0   0   0  0.38 0.04
  467 D     2  -1   0   3  -3   0   0  -1   6  -3  -3  -1  -2  -3  -2   0  -1  -3   0  -2   29   0   0  31   0   0   0   0  40   0   0   0   0   0   0   0   0   0   0   0  0.48 0.06
  468 F    -3  -3  -4  -4  -3  -4  -4  -4  -2  -1   0  -4   0   7  -4  -3  -3   1   3  -1    0   0   0   0   0   0   0   0   0   0   0   0   0 100   0   0   0   0   0   0  1.06 0.09
  469 W    -1  -3  -1  -2  -3  -2  -3   6  -3  -4  -4  -2  -3  -2  -3  -1  -2   7  -1  -4    0   0   0   0   0   0   0  80   0   0   0   0   0   0   0   0   0  20   0   0  1.11 0.07
  470 M     0  -2  -3  -2  -2  -1   0  -3  -2   1   2  -2   2   3  -3  -1  -1  -1   0   0   14   0   0   0   0   0  11   0   0  10  29   0  10  27   0   0   0   0   0   0  0.18 0.03
  471 L    -2  -3  -4  -4  -2  -3  -3  -4  -3   1   5  -3   2   0  -3  -3  -2  -2  -1   1    0   0   0   0   0   0   0   0   0   0 100   0   0   0   0   0   0   0   0   0  0.61 0.06
  472 T     3  -2  -2  -2  -1  -2  -2  -1  -3   1   0  -2   0  -2  -2   0   2  -3  -2   2   40   0   0   0   0   0   0   0   0  11   0   0   0   0   0   0  20   0   0  29  0.22 0.03
  473 L     1  -3  -3  -3  -1  -2  -3  -3  -3   3   3  -2   1   0  -3  -2  -1  -3  -1   2   14   0   0   0   0   0   0   0   0  23  38   0   0   0   0   0   0   0   0  25  0.28 0.03
  474 I    -2  -3  -4  -4  -2  -3  -4  -4  -3   4   3  -3   2   0  -3  -3  -1  -2  -2   2    0   0   0   0   0   0   0   0   0  48  52   0   0   0   0   0   0   0   0   0  0.46 0.05
  475 S     1  -1   0  -1  -1  -1  -1  -1  -1  -3  -3  -1  -2  -3  -1   5   1  -3  -2  -2    0   0   0   0   0   0   0   0   0   0   0   0   0   0   0 100   0   0   0   0  0.64 0.08
  476 F     1  -3  -3  -4  -1  -3  -3  -3  -3   1   1  -3   0   4  -3  -2  -1  -1   1   3   14   0   0   0   0   0   0   0   0   0  14   0   0  31   0   0   0   0   0  42  0.27 0.04
  477 A     1  -2   0  -1  -1  -1  -1  -1  -2  -1   0  -1  -1   1  -2   3   2  -2  -1  -1   10   0   0   0   0   0   0   0   0   0  14   0   0  11   0  52  14   0   0   0  0.23 0.04
  478 T     1  -2  -1  -2  -1  -1  -2  -2  -2  -1   0  -1   0   3  -2   2   2  -1   0  -1   14   0   0   0   0   0   0   0   0   0  11   0   0  29   0  27  20   0   0   0  0.19 0.03
  479 V    -1  -3  -3  -4  -1  -3  -3  -4  -4   2   0  -3   0  -1  -3  -2   0  -3  -2   5    0   0   0   0   0   0   0   0   0   0   0   0   0   0   0   0   0   0   0 100  0.54 0.07
  480 S     3  -2  -1  -2  -1  -1  -1  -1  -2  -1  -1  -1  -1  -2  -1   2   2  -3  -2   1   42   0   0   0   0   0   0   0   0   0   0   0   0   0   0  20  25   0   0  14  0.28 0.04
  481 L     2  -2  -2  -3   3  -1  -2   1  -2   0   2  -2   4  -1  -2  -1  -1  -2  -2   0   27   0   0   0  11   0   0  13   0   0  20   0  29   0   0   0   0   0   0   0  0.20 0.04
  482 A     4  -2  -2  -2  -1  -1  -2   3  -2  -2  -2  -1  -2  -3  -1   1  -1  -3  -3  -1   71   0   0   0   0   0   0  29   0   0   0   0   0   0   0   0   0   0   0   0  0.50 0.05
  483 G     3  -1  -1  -2  -2  -1  -1   2   5  -3  -3  -1  -2  -2  -2   1  -1  -3  -1  -2   38   0   0   0   0   0   0  20  29   0   0   0   0   0   0  14   0   0   0   0  0.37 0.04
  484 I     0  -2  -3  -3  -2  -2  -3   1  -3   2   2  -2   3   0  -3  -2  -1   5  -1   0   11   0   0   0   0   0   0  14   0  19  23   0  20   0   0   0   0  13   0   0  0.26 0.03
  485 L    -2  -2  -3  -4  -2  -1  -3  -4  -2   2   3  -2   6   0  -3  -2  -1  -2  -1   1    0   0   0   0   0   0   0   0   0  14  20   0  67   0   0   0   0   0   0   0  0.51 0.07
  486 Y    -2  -3  -3  -4  -3  -2  -3  -4   1  -1  -1  -3  -1   5  -4  -2  -2   2   7  -2    0   0   0   0   0   0   0   0   0   0   0   0   0  27   0   0   0   0  73   0  0.99 0.08
  487 T    -1  -3  -2  -3   7  -2  -3  -3  -3  -1  -1  -2  -1   2  -3   0   3  -2  -1  -1    0   0   0   0  45   0   0   0   0   0   0   0   0  19   0   0  37   0   0   0  0.57 0.05
  488 I    -1   3  -2  -3  -2  -1  -2  -3  -2   3   1   0   3  -1  -3  -2  -1  -3  -2   1    0  33   0   0   0   0   0   0   0  42   0   0  25   0   0   0   0   0   0   0  0.20 0.01
  489 H    -2  -1   0  -2  -3   0  -1  -3   7  -2  -2  -2  -1   4  -3  -1  -2  -1   2  -2    0   0   0   0   0   0   0   0  67   0   0   0   0  33   0   0   0   0   0   0  0.61 0.02
  490 L     2  -2  -3  -3  -1  -2  -2  -2  -3   1   2  -2   1  -1  -2  -1  -1  -2  -1   2   33   0   0   0   0   0   0   0   0   0  42   0   0   0   0   0   0   0   0  25  0.20 0.01
  491 Y    -2  -2  -2  -3  -3  -2  -2  -3   2  -2  -1  -2  -1   3  -3  -2  -2   2   7  -1    0   0   0   0   0   0   0   0   0   0   0   0   0   0   0   0   0   0 100   0  0.94 0.02
  492 R    -1   5   0  -1  -4   1   0  -2   0  -3  -3   3  -2  -3  -2  -1  -1  -3  -2  -3    0  67   0   0   0   0   0   0   0   0   0  33   0   0   0   0   0   0   0   0  0.63 0.01
  493 I    -1  -3  -3  -3  -1  -3  -3  -4  -3   4   1  -3   1   0  -3  -2  -1  -3  -1   3    0   0   0   0   0   0   0   0   0  62   0   0   0   0   0   0   0   0   0  38  0.36 0.00
  494 R    -2   6  -1  -2  -4   1   0  -3   0  -3  -2   2  -2  -3  -2  -1  -1  -3  -2  -3    0 100   0   0   0   0   0   0   0   0   0   0   0   0   0   0   0   0   0   0  0.76 0.01
  495 K    -1   2   3   0  -3   1   1  -1   0  -3  -3   4  -2  -3  -1   0  -1  -3  -2  -3    0   0  31   0   0   0   0   0   0   0   0  69   0   0   0   0   0   0   0   0  0.43 0.00
  496 H    -2   0   1  -1  -3   0   0  -2   8  -4  -3  -1  -2  -1  -2  -1  -2  -3   2  -3    0   0   0   0   0   0   0   0 100   0   0   0   0   0   0   0   0   0   0   0  0.89 0.01
  497 L    -2  -3  -4  -4  -1  -3  -3  -4  -3   3   4  -3   2   0  -3  -3  -1  -2  -1   2    0   0   0   0   0   0   0   0   0  31  69   0   0   0   0   0   0   0   0   0  0.39 0.00
  498 F    -2  -3  -3  -4  -3  -3  -4  -3  -1   0   0  -3   0   7  -4  -3  -2   1   3  -1    0   0   0   0   0   0   0   0   0   0   0   0   0 100   0   0   0   0   0   0  0.75 0.01
  499 H    -2   0   1  -1  -3   0   0  -2   8  -4  -3  -1  -2  -1  -2  -1  -2  -3   2  -3    0   0   0   0   0   0   0   0 100   0   0   0   0   0   0   0   0   0   0   0  0.89 0.01
  500 L    -2  -2  -4  -4  -1  -2  -3  -4  -3   2   4  -3   2   0  -3  -3  -1  -2  -1   1    0   0   0   0   0   0   0   0   0   0 100   0   0   0   0   0   0   0   0   0  0.46 0.00
  501 E    -1  -1   0   4  -4   1   4  -2  -1  -3  -3   0  -3  -4  -1   0  -1  -4  -3  -3    0   0   0  38   0   0  62   0   0   0   0   0   0   0   0   0   0   0   0   0  0.68 0.00
  502 K    -1   4   0  -1  -3   1   0  -2  -1  -3  -3   4  -1  -3  -2   0  -1  -3  -2  -3    0  38   0   0   0   0   0   0   0   0   0  62   0   0   0   0   0   0   0   0  0.53 0.00
  503 I    -1  -3  -4  -3  -1  -3  -3  -4  -4   4   2  -3   1   0  -3  -3  -1  -3  -1   3    0   0   0   0   0   0   0   0   0 100   0   0   0   0   0   0   0   0   0   0  0.40 0.00
  504 P    -1  -2  -2  -2  -3  -1  -1  -2  -2  -3  -3  -1  -3  -4   8  -1  -1  -4  -3  -3    0   0   0   0   0   0   0   0   0   0   0   0   0   0 100   0   0   0   0   0  2.05 0.01
  505 L    -1   0  -2  -2  -2   0  -1  -3  -2   1   3   2   1  -1  -2  -2  -1  -2  -1   0    0   0   0   0   0   0   0   0   0   0  62  38   0   0   0   0   0   0   0   0  0.20 0.00
  506 L    -1  -2  -3  -4  -1  -2  -3  -4  -2   1   4  -2   4   0  -3  -2  -1  -2  -1   1    0   0   0   0   0   0   0   0   0   0  62   0  38   0   0   0   0   0   0   0  0.37 0.00
  507 N    -2  -1   6   1  -3   0   0   0   1  -4  -4   0  -2  -3  -2   1   0  -4  -2  -3    0   0 100   0   0   0   0   0   0   0   0   0   0   0   0   0   0   0   0   0  0.74 0.01
  508 N    -2   0   3  -1  -3   0  -1  -2  -1  -3  -3   2  -2  -1  -2  -1  -1   8   0  -3    0   0  31   0   0   0   0   0   0   0   0  31   0   0   0   0   0  38   0   0  0.73 0.00
  509 F    -2  -3  -3  -4  -2  -3  -3  -4  -2   3   1  -3   1   5  -3  -3  -1   0   2   1    0   0   0   0   0   0   0   0   0  50   0   0   0  50   0   0   0   0   0   0  0.38 0.00
  510 F    -2   1  -1  -2  -3   0  -1  -2  -1  -1  -1   3  -1   5  -2  -1  -1   0   2  -2    0   0   0   0   0   0   0   0   0   0   0  50   0  50   0   0   0   0   0   0  0.29 0.00
  511 A     4  -2  -2  -2   0  -1  -1   0  -2  -1  -2  -1  -1  -2  -1   1   0  -3  -2   0  100   0   0   0   0   0   0   0   0   0   0   0   0   0   0   0   0   0   0   0  0.40 0.00
  512 S     1  -1   1   0  -1   0   0   0  -1  -3  -3   0  -2  -3  -1   4   1  -3  -2  -2    0   0   0   0   0   0   0   0   0   0   0   0   0   0   0 100   0   0   0   0  0.45 0.00

                      K         Lambda
Standard Ungapped    0.1356     0.3228
Standard Gapped      0.0410     0.2670
PSI Ungapped         0.1356     0.3228
PSI Gapped           0.0410     0.2670
