
Last position-specific scoring matrix computed, weighted observed percentages rounded down, information per position, and relative weight of gapless real matches to pseudocounts
            A   R   N   D   C   Q   E   G   H   I   L   K   M   F   P   S   T   W   Y   V   A   R   N   D   C   Q   E   G   H   I   L   K   M   F   P   S   T   W   Y   V
    1 M    -1  -1  -2  -3  -1   0  -2  -2  -1   1   2  -1   5   0  -2  -1  -1  -1  -1   1    0   0   0   0   0   0   0   0   0   0   0   0   0   0   0   0   0   0   0   0  0.00     0.00
    2 A     4  -1  -1  -2   0  -1  -1   0  -2  -1  -1  -1  -1  -2  -1   1   0  -2  -2   0    0   0   0   0   0   0   0   0   0   0   0   0   0   0   0   0   0   0   0   0  0.00     0.00
    3 T     0  -1   0  -1  -1  -1  -1  -1  -2  -1  -1  -1  -1  -2  -1   1   4  -2  -1   0    0   0   0   0   0   0   0   0   0   0   0   0   0   0   0   0   0   0   0   0  0.00     0.00
    4 I    -1  -3  -3  -3  -1  -3  -3  -3  -3   4   1  -2   1   0  -3  -2  -1  -2  -1   2    0   0   0   0   0   0   0   0   0   0   0   0   0   0   0   0   0   0   0   0  0.00     0.00
    5 Q    -1   1   0   0  -3   5   2  -2   0  -3  -2   1   0  -3  -1   0  -1  -2  -1  -2    0   0   0   0   0   0   0   0   0   0   0   0   0   0   0   0   0   0   0   0  0.00     0.00
    6 K    -1   2   0  -1  -3   1   1  -1  -1  -2  -2   4  -1  -3  -1   0  -1  -3  -2  -2    0   0   0   0   0   0   0   0   0   0   0   0   0   0   0   0   0   0   0   0  0.00     0.00
    7 L    -1  -2  -3  -3  -1  -2  -3  -3  -3   1   4  -2   2   0  -3  -2  -1  -2  -1   1    0   0   0   0   0   0   0   0   0   0   0   0   0   0   0   0   0   0   0   0  0.00     0.00
    8 E    -1   0   0   1  -3   2   5  -2   0  -3  -3   1  -2  -3  -1   0  -1  -3  -2  -2    0   0   0   0   0   0   0   0   0   0   0   0   0   0   0   0   0   0   0   0  0.00     0.00
    9 E    -1   0   0   1  -3   2   5  -2   0  -3  -3   1  -2  -3  -1   0  -1  -3  -2  -2    0   0   0   0   0   0   0   0   0   0   0   0   0   0   0   0   0   0   0   0  0.00     0.00
   10 V     0  -2  -3  -3  -1  -2  -2  -3  -3   2   1  -2   1  -1  -2  -2   0  -3  -1   3    0   0   0   0   0   0   0   0   0   0   0   0   0   0   0   0   0   0   0   0  0.00     0.00
   11 A     4  -1  -1  -2   0  -1  -1   0  -2  -1  -1  -1  -1  -2  -1   1   0  -2  -2   0    0   0   0   0   0   0   0   0   0   0   0   0   0   0   0   0   0   0   0   0  0.00     0.00
   12 G     0  -2   0  -1  -2  -2  -2   5  -2  -3  -3  -1  -2  -3  -2   0  -1  -2  -3  -3    0   0   0   0   0   0   0   0   0   0   0   0   0   0   0   0   0   0   0   0  0.00     0.00
   13 K    -1   2   0  -1  -3   1   1  -1  -1  -2  -2   4  -1  -3  -1   0  -1  -3  -2  -2    0   0   0   0   0   0   0   0   0   0   0   0   0   0   0   0   0   0   0   0  0.00     0.00
   14 D    -2  -1   1   5  -3   0   1  -1  -1  -3  -3  -1  -3  -3  -1   0  -1  -4  -3  -3    0   0   0   0   0   0   0   0   0   0   0   0   0   0   0   0   0   0   0   0  0.00     0.00
   15 Q    -1   1   0   0  -3   5   2  -2   0  -3  -2   1   0  -3  -1   0  -1  -2  -1  -2    0   0   0   0   0   0   0   0   0   0   0   0   0   0   0   0   0   0   0   0  0.00     0.00
   16 T     0  -1   0  -1  -1  -1  -1  -1  -2  -1  -1  -1  -1  -2  -1   1   4  -2  -1   0    0   0   0   0   0   0   0   0   0   0   0   0   0   0   0   0   0   0   0   0  0.00     0.00
   17 L    -1  -2  -3  -3  -1  -2  -3  -3  -3   1   4  -2   2   0  -3  -2  -1  -2  -1   1    0   0   0   0   0   0   0   0   0   0   0   0   0   0   0   0   0   0   0   0  0.00     0.00
   18 R    -1   5   0  -1  -3   1   0  -2   0  -3  -2   2  -1  -3  -2  -1  -1  -2  -2  -2    0   0   0   0   0   0   0   0   0   0   0   0   0   0   0   0   0   0   0   0  0.00     0.00
   19 A     4  -1  -1  -2   0  -1  -1   0  -2  -1  -1  -1  -1  -2  -1   1   0  -2  -2   0    0   0   0   0   0   0   0   0   0   0   0   0   0   0   0   0   0   0   0   0  0.00     0.00
   20 V     0  -2  -3  -3  -1  -2  -2  -3  -3   2   1  -2   1  -1  -2  -2   0  -3  -1   3    0   0   0   0   0   0   0   0   0   0   0   0   0   0   0   0   0   0   0   0  0.00     0.00
   21 D    -2  -1   1   5  -3   0   1  -1  -1  -3  -3  -1  -3  -3  -1   0  -1  -4  -3  -3    0   0   0   0   0   0   0   0   0   0   0   0   0   0   0   0   0   0   0   0  0.00     0.00
   22 L    -1  -2  -3  -3  -1  -2  -3  -3  -3   1   4  -2   2   0  -3  -2  -1  -2  -1   1    0   0   0   0   0   0   0   0   0   0   0   0   0   0   0   0   0   0   0   0  0.00     0.00
   23 T     0  -1   0  -1  -1  -1  -1  -1  -2  -1  -1  -1  -1  -2  -1   1   4  -2  -1   0    0   0   0   0   0   0   0   0   0   0   0   0   0   0   0   0   0   0   0   0  0.00     0.00
   24 I    -1  -3  -3  -3  -1  -3  -3  -3  -3   4   1  -2   1   0  -3  -2  -1  -2  -1   2    0   0   0   0   0   0   0   0   0   0   0   0   0   0   0   0   0   0   0   0  0.00     0.00
   25 I    -1  -3  -3  -3  -1  -3  -3  -3  -3   4   1  -2   1   0  -3  -2  -1  -2  -1   2    0   0   0   0   0   0   0   0   0   0   0   0   0   0   0   0   0   0   0   0  0.00     0.00
   26 N    -1   0   5   1  -2   0   0   0   1  -3  -3   0  -2  -3  -2   1   0  -3  -2  -3    0   0   0   0   0   0   0   0   0   0   0   0   0   0   0   0   0   0   0   0  0.00     0.00
   27 G     0  -2   0  -1  -2  -2  -2   5  -2  -3  -3  -1  -2  -3  -2   0  -1  -2  -3  -3    0   0   0   0   0   0   0   0   0   0   0   0   0   0   0   0   0   0   0   0  0.00     0.00
   28 V     0  -2  -3  -3  -1  -2  -2  -3  -3   2   1  -2   1  -1  -2  -2   0  -3  -1   3    0   0   0   0   0   0   0   0   0   0   0   0   0   0   0   0   0   0   0   0  0.00     0.00
   29 R    -1   5   0  -1  -3   1   0  -2   0  -3  -2   2  -1  -3  -2  -1  -1  -2  -2  -2    0   0   0   0   0   0   0   0   0   0   0   0   0   0   0   0   0   0   0   0  0.00     0.00
   30 N    -1   0   5   1  -2   0   0   0   1  -3  -3   0  -2  -3  -2   1   0  -3  -2  -3    0   0   0   0   0   0   0   0   0   0   0   0   0   0   0   0   0   0   0   0  0.00     0.00
   31 V     0  -2  -3  -3  -1  -2  -2  -3  -3   2   1  -2   1  -1  -2  -2   0  -3  -1   3    0   0   0   0   0   0   0   0   0   0   0   0   0   0   0   0   0   0   0   0  0.00     0.00
   32 E    -1   0   0   1  -3   2   5  -2   0  -3  -3   1  -2  -3  -1   0  -1  -3  -2  -2    0   0   0   0   0   0   0   0   0   0   0   0   0   0   0   0   0   0   0   0  0.00     0.00
   33 T     0  -1   0  -1  -1  -1  -1  -1  -2  -1  -1  -1  -1  -2  -1   1   4  -2  -1   0    0   0   0   0   0   0   0   0   0   0   0   0   0   0   0   0   0   0   0   0  0.00     0.00
   34 S     1  -1   1   0  -1   0   0   0  -1  -2  -2   0  -1  -2  -1   4   1  -3  -2  -2    0   0   0   0   0   0   0   0   0   0   0   0   0   0   0   0   0   0   0   0  0.00     0.00
   35 R    -1   5   0  -1  -3   1   0  -2   0  -3  -2   2  -1  -3  -2  -1  -1  -2  -2  -2    0   0   0   0   0   0   0   0   0   0   0   0   0   0   0   0   0   0   0   0  0.00     0.00
   36 P    -1  -2  -2  -1  -3  -1  -1  -2  -2  -3  -3  -1  -2  -3   7  -1  -1  -3  -3  -2    0   0   0   0   0   0   0   0   0   0   0   0   0   0   0   0   0   0   0   0  0.00     0.00
   37 F    -2  -2  -3  -3  -2  -2  -3  -3   1  -1   0  -2   0   5  -3  -2  -2   2   5  -1    0   0   0   0   0   0   0   0   0   0   0   0   0  50   0   0   0   0  50   0  0.69 0.00
   38 Q    -1   0   4   1  -3   4   1  -1   1  -3  -3   1  -1  -3  -2   0   0  -3  -2  -3    0   0  50   0   0  50   0   0   0   0   0   0   0   0   0   0   0   0   0   0  0.51 0.00
   39 V    -1  -2  -3  -3  -1  -2  -3  -3  -3   2   2  -2   1   0  -3  -2   0  -2  -1   3    0   0   0   0   0   0   0   0   0   0  34   0   0   0   0   0   0   0   0  66  0.32 0.00
   40 N    -1  -1   3   3  -2  -1   0  -1  -1   0  -1  -1  -1  -2  -2   0   0  -4  -2   1    0   0  32  34   0   0   0   0   0   0   0   0   0   0   0   0   0   0   0  34  0.28 0.00
   41 P     1  -2  -2  -2  -2  -1  -1  -2  -2  -3  -3  -1  -2  -3   7   0  -1  -4  -3  -2   21   0   0   0   0   0   0   0   0   0   0   0   0   0  79   0   0   0   0   0  1.55 0.03
   42 T     1  -2  -1  -1  -1  -1  -1  -1  -2  -1   1  -1   0  -2   3   1   2  -3  -2  -1   20   0   0   0   0   0   0   0   0   0  20   0   0   0  20  21  19   0   0   0  0.29 0.01
   43 V     0  -1  -1  -2  -1   2  -1  -2  -2   1   2  -1   1  -1  -2   1   0  -2  -1   1    0   0   0   0   0  20   0   0   0   0  41   0   0   0   0  20   0   0   0  19  0.14 0.01
   44 S     0  -1   0   0  -2   0   2  -1  -1  -3  -3   0  -2  -3   3   3   1  -3  -2  -2    0   0   0   0   0   0  20   0   0   0   0   0   0   0  20  60   0   0   0   0  0.49 0.02
   45 L    -1  -2  -3  -3  -1  -2  -3  -3  -2   2   3  -2   4   0  -3  -2  -1  -2  -1   1    0   0   0   0   0   0   0   0   0  16  48   0  36   0   0   0   0   0   0   0  0.38 0.02
   46 E    -1   3   3   0  -2   0   1  -2  -1   0  -1   0  -1  -2  -2  -1  -1  -3  -2   1    0  34  27   0   0   0  12   0   0   0   0   0   0   0   0   0   0   0   0  28  0.24 0.02
   47 P    -1  -2  -1  -2  -3  -1  -1  -2   5  -3  -3  -1  -2  -3   6  -1  -2  -3  -1  -3    0   0   0   0   0   0   0   0  34   0   0   0   0   0  66   0   0   0   0   0  1.38 0.05
   48 K    -1   3   0  -1  -3   1   0  -2   3  -3  -3   3  -2  -3  -2   1  -1  -3  -1  -3    0  30   0   0   0   0   0   0  17   0   0  39   0   0   0  14   0   0   0   0  0.42 0.03
   49 A     2  -1   0  -1  -1   2   0  -1  -1  -2  -2   0  -1  -3   3   2   1  -3  -2  -1   26   0   0   0   0  17   0   0   0   0   0   0   0   0  14  30  13   0   0   0  0.34 0.02
   50 E     0   0   0   0  -2   2   2  -2  -1   0  -2   2  -1  -2  -1   1   2  -3  -2  -1    0   0   0   0   0  15  19   0   0  10   0  19   0   0   0  13  23   0   0   0  0.24 0.02
   51 P     1  -2  -2  -2  -2  -1  -1  -2  -2  -3  -3  -1  -2  -4   7   1  -1  -4  -3  -2   13   0   0   0   0   0   0   0   0   0   0   0   0   0  74  13   0   0   0   0  1.47 0.06
   52 V     0  -1   0   1  -1  -1  -1   1  -2   0  -1  -1  -1  -2  -1   0   3  -2  -1   1    2   1   1  14   0   1   1  11   0   1   2   1   0   1   1   1  39   0   1  21  0.15 0.02
   53 M     1  -1   1   0  -2   1   3  -1  -1  -1  -1   0   2  -2  -1   0   1  -2  -2  -1   14   1  11   1   0   0  39   1   0   1   1   1  19   0   1   1  10   0   0   1  0.22 0.03
   54 P     0  -2   1  -1  -2  -1   0  -2  -1  -2  -1  -1   1   1   5  -1  -1  -2  -1  -2   13   0  13   0   0   0   9   0   0   0   0   0  10  11  44   0   0   0   0   0  0.65 0.04
   55 S     0  -1   1   2  -2   0   1   1  -1  -1  -2   0  -1   1  -2   2   0  -2  -1  -1    0   0   9  12   0   0   9  12   0   8   0   8   0  10   0  31   0   0   0   0  0.15 0.02
   56 F    -1  -1   1   1  -3   1   1   3  -1  -3  -3   0  -2   0   2   0  -1  -2  -2  -3    0   0   9   9   0   8  15  34   0   0   0   8   0   8   9   0   0   0   0   0  0.32 0.02
   57 S     0  -2   0   2  -2  -1   1   3  -2  -3  -3  -1  -2  -3  -2   2   1  -3  -3  -2    0   0   0  16   0   0   7  37   0   0   0   0   0   0   0  27  13   0   0   0  0.41 0.03
   58 M    -1  -2  -2   0   4  -2  -2  -3  -2   2   2  -2   2   1  -3  -1   0  -2  -1   1    0   0   0   7  20   0   0   0   0  21  21   0  16   8   0   0   8   0   0   0  0.23 0.03
   59 S     1  -1   2  -1  -2   0  -1   3  -1  -1  -1  -1  -1  -2  -2   2   0  -3  -2  -1    9   0  13   0   0   8   0  27   0   8   8   0   0   0   0  27   0   0   0   0  0.22 0.02
   60 L     0  -2  -2  -2  -2  -1   1  -3  -2   2   2  -1   2   0  -2  -1  -1  -2   1   1    8   0   0   0   0   0  20   0   0  16  32   0   9   0   0   0   0   0   7   8  0.15 0.02
   61 A     1  -2  -2  -2  -1  -2  -1  -3  -3   3   2  -2   1  -1  -2  -1   0  -3  -2   2   14   0   0   0   0   0   7   0   0  28  18   0   0   0   0   0   7   0   0  25  0.19 0.02
   62 P    -1  -1  -1  -1  -2   1   1  -2  -1   0  -1  -1  -1  -2   4   0   2  -3  -2   1    1   0   0   0   0  14  11   1   0   0   1   0   0   0  25   1  19   0   0  25  0.35 0.03
   63 P    -1  -1  -1   1  -2   1   2  -2  -1  -2  -2   0  -2   1   4   1   0  -2  -1  -2    1   0   0  10   0  11  16   1   0   0   1   0   0  10  27  13   7   0   0   0  0.42 0.03
   64 S     1   1   0  -1  -1  -1  -1   1  -1  -1  -1   0  -1  -2  -1   2   0  -3  -2   1   11  10   0   0   0   0   0  10   0   0   1   0   0   0   0  42   0   0   0  22  0.18 0.03
   65 S     0   1   1  -1  -2   2   0  -1  -1  -2  -2   0  -1  -2  -2   2   1   4  -1   0    5   6   6   0   0  14   0   0   0   0   0   5   0   0   0  40   6   8   0   9  0.25 0.03
   66 T     0   1   1   2  -3   1   0   1  -1  -3  -3   2  -2  -3  -2   0   0  -3  -2  -2    5   7   8  20   0   8   0  14   0   0   0  27   0   0   0   0  10   0   0   0  0.28 0.02
   67 G    -1  -1   1   2  -3  -1  -1   3  -2  -1  -3   1  -2  -3   1   0   0  -3  -3  -2    0   0   8  15   0   0   0  40   0   7   0  19   0   0   6   0   5   0   0   0  0.33 0.03
   68 P     1  -2  -2  -2  -2  -1   0  -2   3  -1  -2  -1  -2  -3   6  -1  -1  -3  -2  -1   21   0   0   0   0   0   5   0  14   7   0   0   0   0  53   0   0   0   0   0  0.91 0.05
   69 P     2   2  -2  -2  -2  -1  -1  -2  -2   0  -2   1  -1  -3   5   0   0  -3  -2  -1   27  17   0   0   0   0   0   0   0  11   0   7   0   0  33   0   4   0   0   0  0.50 0.04
   70 L     0   2  -2  -2  -2  -1  -1  -3  -2   2   0   0   1  -1   2  -1   0  -3  -2   2    5  23   0   0   0   0   0   0   0  17   7   4   5   0  11   0   7   0   0  20  0.16 0.03
   71 K     0   3   0  -1  -2   0   0  -2  -1  -2  -2   4  -1  -3  -2   0   0  -3  -2   0    9  18   4   0   0   0   0   0   0   0   0  48   0   0   0   8   3   0   0   9  0.32 0.04
   72 R     1   4  -1  -1  -2   1   0  -1   1  -3  -2   3  -1  -3  -2   1   0  -3  -2  -2   15  34   0   0   0   4   0   0   4   0   0  26   0   0   0  13   5   0   0   0  0.36 0.04
   73 A     2   1  -1  -2  -1  -1  -1  -1  -2  -1  -1   0  -1  -2   3   0   1  -3  -2   1   28  12   0   0   0   0   0   0   0   0   0   6   0   0  16   3  17   0   0  17  0.24 0.03
   74 S     0   0  -1  -1  -2  -1  -1   2  -2  -2  -2   0  -2  -3   3   2   1  -3  -2  -1    4   5   0   0   0   0   0  19   0   0   0   4   0   0  19  32   7   0   0   7  0.35 0.03
   75 T     0   3   1  -1  -2   0   0   0  -1  -2  -2   2  -2  -3   0   1   2  -3  -2  -2    3  32   6   0   0   0   0   8   0   0   0  14   0   0   5  12  18   0   0   0  0.29 0.03
   76 K    -1   2  -1  -1  -3   1   0  -2  -1  -3  -3   5  -2  -3  -1   0   0  -3  -2  -2    0   4   0   0   0   0   0   0   0   0   0  86   0   0   0   4   4   0   0   0  0.64 0.07
   77 D    -2  -2   1   6  -4  -1   1  -2  -2  -4  -4  -1  -4  -4  -2  -1  -2  -5  -4  -4    0   0   0 100   0   0   0   0   0   0   0   0   0   0   0   0   0   0   0   0  1.25 0.09
   78 R    -2   6  -1  -2  -4   0  -1  -3  -1  -4  -3   2  -2  -3  -3  -1  -2  -3  -2  -3    0 100   0   0   0   0   0   0   0   0   0   0   0   0   0   0   0   0   0   0  1.09 0.10
   79 H    -2  -1   0  -2  -4   0  -1  -3   9  -4  -3  -1  -2  -2  -3  -2  -2  -3   1  -4    0   0   0   0   0   0   0   0 100   0   0   0   0   0   0   0   0   0   0   0  1.48 0.12
   80 T     0  -1   0  -1  -1  -1  -1  -1  -2  -1  -1  -1  -1  -2  -1   4   3  -3  -2  -1    0   0   0   0   0   0   0   0   0   3   7   0   0   0   0  66  24   0   0   0  0.41 0.06
   81 K    -1   2  -1  -1  -4   1   0  -2  -1  -3  -3   6  -2  -4  -2  -1  -1  -3  -2  -3    0   0   0   0   0   0   0   0   0   0   0 100   0   0   0   0   0   0   0   0  0.82 0.09
   82 V    -1  -3  -3  -3  -1  -3  -3  -4  -4   3   1  -3   0  -1  -3  -2  -1  -3  -2   4    0   0   0   0   0   0   0   0   0  28   0   0   0   0   0   0   0   0   0  72  0.51 0.06
   83 E     0  -1   1   2   3   0   1   2  -1  -2  -2   0  -2  -2  -2   0  -1  -2   0  -1    3   0   7  14  13   3  16  24   0   0   3   4   0   0   0   3   0   0   5   4  0.21 0.02
   84 G     0  -2  -1  -2  -2  -1  -2   4  -2  -2  -2  -1  -1  -3   3   0   3  -3  -3  -2    0   0   0   0   0   0   0  42   0   0   0   0   4   0  18   0  36   0   0   0  0.55 0.05
   85 R    -2   6  -1  -2  -4   0  -1  -3  -1  -4  -3   2  -2  -3  -3  -1  -2  -3  -2  -3    0 100   0   0   0   0   0   0   0   0   0   0   0   0   0   0   0   0   0   0  1.09 0.10
   86 G    -1  -2   0   5  -3  -1   0   3  -2  -4  -4  -1  -3  -4  -2   0  -1  -4  -3  -3    0   0   0  62   0   0   0  34   0   0   0   0   0   0   0   5   0   0   0   0  0.77 0.06
   87 R    -2   6  -1  -2  -4   0  -1  -3  -1  -4  -3   2  -2  -3  -3  -1  -2  -3  -2  -3    0 100   0   0   0   0   0   0   0   0   0   0   0   0   0   0   0   0   0   0  1.09 0.10
   88 R    -2   6  -1  -2  -4   0  -1  -3  -1  -4  -3   2  -2  -3  -3  -1  -2  -3  -2  -3    0 100   0   0   0   0   0   0   0   0   0   0   0   0   0   0   0   0   0   0  1.09 0.10
   89 I    -1  -3  -3  -3  -1  -2  -3  -4  -3   4   1  -3   3  -1  -3  -2  -1  -3  -2   3    0   0   0   0   0   0   0   0   0  41   0   0  15   0   0   0   0   0   0  44  0.43 0.05
   90 R    -2   6  -1  -2  -4   0  -1  -3  -1  -3  -3   2  -2  -3  -3  -1   0  -3  -2  -3    0  95   0   0   0   0   0   0   0   0   0   0   0   0   0   0   5   0   0   0  1.00 0.09
   91 M    -2  -2  -3  -4  -2  -2  -3  -4  -3   2   4  -2   4   0  -3  -2  -1  -2  -1   1    0   0   0   0   0   0   0   0   0   8  61   0  32   0   0   0   0   0   0   0  0.51 0.06
   92 P     0  -2  -1  -1  -2  -1  -1  -1  -2  -3  -3  -1  -2  -3   5   3   0  -3  -3  -2    3   0   0   0   0   0   0   0   0   0   0   0   0   0  42  54   0   0   0   0  0.89 0.07
   93 A     2  -2  -2  -3  -1  -2  -2  -1  -2   1   1  -2   0  -1   1   0  -1  -3  -2   2   43   0   0   0   0   0   0   0   0  13  15   0   0   0   7   0   0   0   0  21  0.22 0.03
   94 T     0  -2  -1   1  -2   0  -1   1   2   0   1  -1   1  -1   2   0   0  -3  -1  -1    7   0   0  11   0   4   0  11  10   8  16   0  11   0  12   7   2   0   0   0  0.11 0.02
   95 C     0  -2  -2  -3   6  -2  -2  -2  -3   1  -1  -2  -1  -2  -2   0   3  -3  -2   2    5   0   0   0  30   0   0   0   0  12   0   0   0   0   0   0  34   0   0  19  0.42 0.05
   96 A     5  -2  -2  -2  -1  -1  -1   0  -2  -2  -2  -1  -1  -3  -1   1   0  -3  -2  -1  100   0   0   0   0   0   0   0   0   0   0   0   0   0   0   0   0   0   0   0  0.64 0.08
   97 A     2   2  -2  -2  -1  -1  -1  -2  -2   2   0   0   0  -2   0   0  -1  -3  -2   0   38  19   0   0   0   0   0   0   0  31   3   4   0   0   4   0   0   0   0   0  0.17 0.04
   98 R    -1   4  -1  -1  -3   4   1  -2   0  -3  -3   2  -1  -3  -2  -1  -1  -3  -2  -3    4  42   0   0   0  34   4   0   0   0   0  16   0   0   0   0   0   0   0   0  0.58 0.06
   99 I    -2  -3  -3  -4  -2  -3  -3  -4  -2   2   1  -3   0   4  -3  -2  -1  -1   1   2    0   0   0   0   0   0   0   0   0  14  15   0   0  43   0   0   0   0   0  27  0.42 0.04
  100 F    -2  -3  -3  -4  -3  -3  -3  -4   0  -1   0  -3  -1   6  -4  -3  -2   1   5  -1    0   0   0   0   0   0   0   0   0   0   0   0   0  63   0   0   0   0  37   0  0.96 0.08
  101 Q     0   0   0   4  -3   4   1   0  -1  -3  -3   0  -2  -4  -2   0  -1  -3  -3  -3    7   4   0  46   0  38   0   4   0   0   0   0   0   0   0   0   0   0   0   0  0.58 0.06
  102 L    -2  -3  -4  -4  -2  -2  -3  -4  -3   2   4  -3   2   0  -3  -3  -1  -2  -1   2    0   0   0   0   0   0   0   0   0   4  83   0   0   0   0   0   0   0   0  13  0.53 0.06
  103 T    -1   0   0  -1  -2   5   1  -2  -1  -2  -2   0  -1  -3  -2   0   3  -3  -2  -2    0   0   0   0   0  58   0   0   0   0   0   0   0   0   0   0  42   0   0   0  0.59 0.08
  104 R    -2   3   0   4  -4   0   2  -2  -1  -3  -3   1  -2  -3  -2  -1  -1  -4  -3  -3    0  35   0  45   0   0  12   0   0   0   0   7   0   0   0   0   0   0   0   0  0.62 0.05
  105 E    -1   3  -1   0  -3   1   3  -3  -1  -2  -1   1   3  -2  -2  -1  -1  -3  -2  -2    0  34   0   0   0   0  42   0   0   0   0   0  24   0   0   0   0   0   0   0  0.45 0.06
  106 L    -2  -3  -4  -4  -2  -3  -3  -4  -3   1   5  -3   2   0  -3  -3  -2  -2  -1   0    0   0   0   0   0   0   0   0   0   0 100   0   0   0   0   0   0   0   0   0  0.67 0.07
  107 G     0  -3  -1  -2  -3  -1  -2   6  -2  -4  -4  -2  -3  -4  -3  -1  -2  -3  -3  -4    0   0   0   0   0   3   0  97   0   0   0   0   0   0   0   0   0   0   0   0  1.21 0.08
  108 H    -2  -2  -1  -3  -3  -1  -2  -3   6  -1   0  -2  -1   4  -3  -2  -2   0   3   0    0   0   0   0   0   0   0   0  38   0   7   0   0  37   0   0   0   0  11   7  0.55 0.06
  109 K    -1   1   0   4  -3   0   1  -2  -1  -3  -3   3  -2  -4  -2   0  -1  -4  -3  -3    0   3   0  51   0   0   0   0   0   0   0  39   0   0   0   7   0   0   0   0  0.59 0.06
  110 S     0   2   0  -1  -2   3   0  -1  -1  -3  -2   2  -1  -3  -1   2   1  -3  -2  -2    0  13   0   0   0  21   0   0   0   0   0  24   0   0   0  28  14   0   0   0  0.35 0.04
  111 D     1  -2  -1   4  -3  -1   1  -2  -2  -3  -3  -1  -3  -4   5   0  -1  -4  -3  -2   18   0   0  38   0   0   5   0   0   0   0   0   0   0  40   0   0   0   0   0  0.84 0.06
  112 G     0  -2   0  -1  -2  -1  -1   4  -2  -3  -3  -1  -2  -3  -2   3   0  -3  -3  -3    0   0   0   0   0   0   0  42   0   0   0   0   0   0   0  58   0   0   0   0  0.60 0.06
  113 E    -1   1  -1   0  -4   2   3  -2  -1  -3  -3   4  -2  -3  -1  -1  -1  -3  -2  -3    0   0   0   0   0   5  38   0   0   0   0  58   0   0   0   0   0   0   0   0  0.61 0.06
  114 T     2  -2  -1  -2  -1  -1  -1  -1  -2  -1  -1  -1  -1  -2  -1   1   4  -3  -2   0   27   0   0   0   0   0   0   0   0   0   0   0   0   0   0   0  66   0   0   7  0.45 0.06
  115 I    -1  -3  -3  -3  -1  -3  -3  -4  -3   4   2  -3   1  -1  -3  -2  -1  -3  -2   3    0   0   0   0   0   0   0   0   0  52  12   0   0   0   0   0   0   0   0  36  0.46 0.05
  116 R    -1   1   0   4  -4   2   4  -2  -1  -3  -3   0  -2  -4  -2   0  -1  -3  -3  -3    0   7   0  32   0   9  48   0   0   0   0   0   0   0   0   4   0   0   0   0  0.63 0.05
  117 W    -3  -3  -4  -5  -3  -3  -4  -3  -3  -3  -2  -4  -2   0  -4  -4  -3  11   1  -4    0   0   0   0   0   0   0   0   0   0   0   0   0   0   0   0   0 100   0   0  3.01 0.15
  118 L    -2  -3  -4  -4  -2  -3  -3  -4  -3   1   5  -3   2   0  -3  -3  -2  -2  -1   0    0   0   0   0   0   0   0   0   0   0 100   0   0   0   0   0   0   0   0   0  0.67 0.07
  119 L    -2  -3  -4  -4  -2  -2  -3  -4  -3   2   4  -3   2   1  -3  -3  -1  -2  -1   1    0   0   0   0   0   0   0   0   0  21  72   0   3   4   0   0   0   0   0   0  0.49 0.05
  120 E    -1   2   2   0  -3   3   2  -2   0  -3  -2   2  -1  -3  -2   1   1  -3  -2  -2    0  15  12   3   0  25  12   0   0   0   0  13   0   0   0   8  12   0   0   0  0.35 0.03
  121 N     1   1   2  -1  -2   3   0  -1   1  -2  -2   2   0  -3  -2   0   0  -3  -2  -1   18   2  12   0   0  35   0   0   3   0   0  19   3   0   0   0   4   0   0   4  0.28 0.04
  122 A     4  -2  -1  -2  -1  -1  -1   0  -2  -2  -2  -1  -1  -3  -1   2   0  -3  -2  -1   78   0   0   0   0   0   0   0   0   0   0   0   0   0   0  22   0   0   0   0  0.51 0.07
  123 E     0   1  -1   0  -3   1   4  -2  -1  -3  -3   3  -2  -3  -1   0  -1  -3  -2  -3    4   3   0   0   0   0  45   0   0   0   0  43   0   0   0   5   0   0   0   0  0.53 0.05
  124 P     0  -2   0   1  -2  -1   0  -2  -2  -3  -3   0  -2  -3   6   0   1  -4  -3  -2   11   0   4  11   0   0   6   0   0   0   0   3   0   0  49   6  11   0   0   0  0.85 0.05
  125 A     3  -1  -1   1  -1  -1   1   0  -1  -2  -2  -1  -2  -3  -1   2   0  -3  -2  -1   55   0   0   7   0   0   7   0   0   0   0   0   0   0   0  31   0   0   0   0  0.37 0.05
  126 I    -2  -3  -4  -4  -2  -3  -4  -4  -4   5   1  -3   1  -1  -3  -3  -1  -3  -2   3    0   0   0   0   0   0   0   0   0  89   0   0   0   0   0   0   0   0   0  11  0.61 0.07
  127 I    -1  -2  -1   2  -2   0  -1  -3  -2   3   1  -2   0   0  -2  -1  -1  -2  -1   2    0   0   0  23   0   7   0   0   0  44   5   0   0   6   0   0   0   0   0  12  0.18 0.03
  128 A     3   0  -1   0  -2   1   2  -1  -1  -2  -2   2  -1  -3  -1   1   0  -3  -2  -1   51   0   0   6   0   6  15   0   0   0   0  18   0   0   0   4   0   0   0   0  0.29 0.04
  129 A     3  -2  -2  -3  -1  -2  -2  -1  -2   1   2  -2   0  -1  -2   0  -1  -3  -2   0   56   0   0   0   0   0   0   0   0  15  26   0   0   0   0   3   0   0   0   0  0.26 0.05
  130 T     0  -1  -1   1  -2  -1  -1  -2  -2  -1   0   0   1  -2   2   0   4  -3  -2  -1    7   0   0   8   0   0   0   0   0   0   6   7   8   0  12   0  52   0   0   0  0.31 0.05
  131 G     0  -2   1  -1  -2  -2  -2   4  -2  -2  -2  -2  -2  -3   3   0   0  -3  -3   0    8   0   7   0   0   0   0  47   0   0   0   0   0   0  18   0   7   0   0  12  0.50 0.04
  132 T    -1  -2   0   0  -2  -1  -1  -2   1  -1   1  -1  -1  -1   2   0   3  -2   0  -1    0   0   4   8   0   0   0   0   5   0  19   0   0   0  14   3  41   0   5   0  0.25 0.04
  133 G     0  -2   1   1  -2  -1  -1   4  -2  -2   0  -1  -1  -2   1   0  -1  -3  -2  -2    8   0   8   8   0   0   0  52   0   0  14   0   0   0   6   0   0   0   0   0  0.42 0.04
  134 T     0  -1   1  -1  -1   1  -1  -2  -2   1  -1  -1  -1  -2  -2   1   3   4  -1   1    8   0   7   0   0  12   0   0   0  10   0   0   0   0   0   7  38   8   0   9  0.23 0.04
  135 V    -1  -1  -1   0  -2   1  -1  -2   1   1  -1   0   0   1  -2   1   1  -2   0   1    0   0   0   7   0   8   0   0   7  19   0  10   0  12   0  14  15   0   0   9  0.07 0.02
  136 P    -1  -2  -1   1  -3  -1  -1  -2   2  -3  -3  -1  -3  -4   7   0   0  -4  -2  -3    0   0   0   8   0   0   0   0   8   0   0   0   0   0  70   8   6   0   0   0  1.39 0.08
  137 A     2  -1  -1  -1  -2   0   2   1   1  -2  -2  -1  -2  -3   1   0   2  -3  -2  -1   37   0   0   0   0   0  23   8   6   0   0   0   0   0   7   0  20   0   0   0  0.28 0.05
  138 I     0  -2   3   1   4  -1   0   1  -1   0  -2  -1  -2  -3  -2   1   0  -3  -2  -1    8   0  24   8  16   0   5  13   0  10   0   0   0   0   0  16   0   0   0   0  0.24 0.04
  139 A     0  -3   0  -3  -2  -2  -3   0  -2   0  -1  -2  -1   5  -3   0  -1  -1   1   0   13   0   6   0   0   0   0   8   0   4   0   0   0  55   0   5   0   0   0   8  0.37 0.06
  140 M     0  -1   1  -1  -2   0   1   2   1  -1  -1  -1   0  -2  -2   2   1  -3  -2   0    0   0   6   0   0   0  15  16   7   0   3   0   3   0   0  32   9   0   0   8  0.19 0.04
  141 S     1  -1   1   2  -2   1   0  -1  -1   0  -2  -1  -1  -2  -1   2   2  -3  -2   0   12   0   8  15   0  13   0   0   0   6   0   0   0   0   0  22  19   0   0   5  0.21 0.04
  142 V     0  -2  -2  -3  -2  -2  -2   1  -2   2   2  -2   1   1  -2   0  -1  -2  -1   1    6   0   0   0   0   0   0  17   0  22  24   0   6   6   0   9   0   0   0  10  0.15 0.03
  143 N     1   1   3   0  -2   1   0   1   0  -3  -3   0  -2  -2  -2   2   0  -2   0  -2   11   8  31   4   0  12   0   8   0   0   0   0   0   0   0  20   0   0   6   0  0.29 0.05
  144 G     0  -2  -2  -2  -2  -2  -2   3  -2   0  -1  -2  -1  -3   5   0  -1  -3  -3   0    6   0   0   0   0   0   0  28   0  10   3   0   0   0  35   9   0   0   0   9  0.57 0.05
  145 T     0  -1   3   1  -2  -1  -1  -1  -1  -1  -2  -1  -2  -3   1   2   1  -3  -2   0    4   0  31   9   0   0   0   0   0   0   0   0   0   0   6  30   7   0   0  13  0.31 0.05
  146 L     0   0  -3  -3  -2  -2  -2  -3  -3   1   3  -2   1   0  -3  -2   0  -2  -2   1    9   7   0   0   0   0   0   0   0   4  64   0   0   0   0   0   8   0   0   9  0.30 0.05
  147 K     0   3   2   0  -2   0   1  -1  -1  -1  -2   1  -1  -3  -2   2   0  -3  -2  -1   10  23  16   0   0   0  10   0   0   8   0   8   0   0   0  25   0   0   0   0  0.25 0.04
  148 I     0  -2  -1  -2  -2   1  -1  -1  -1   1   0  -1   0   3  -2   1   1  -1   0   1   10   0   0   0   0  10   0   4   0  12   0   0   4  23   0  15   9   0   0   9  0.10 0.03
  149 P     0  -2   1   1  -2  -1   1   0  -1  -3  -3  -1  -2  -3   5   1  -1  -3  -3  -2    8   0   9   9   0   0  10   8   0   0   0   0   0   0  42  12   0   0   0   0  0.70 0.05
  150 T     0  -2   2  -1  -2  -1   1   2  -1  -2  -2  -1  -2  -3   2   1   2  -3  -2  -2    4   0  13   0   0   0  10  25   0   0   4   0   0   0  10   8  26   0   0   0  0.30 0.05
  151 T     0  -1   1  -1  -2   1   1  -2   1  -2  -2   1  -1  -1  -2   2   1  -2   2   0    0   0   5   0   0   5  10   0   5   0   0   9   0   0   0  34  13   0  12   8  0.20 0.05
  152 T     0  -1   0  -1  -2   0   1   0   4  -2  -2   1  -2   0  -2   2   2  -2   0  -2    0   0   0   0   0   0  13   8  18   0   0  10   0   8   0  23  20   0   0   0  0.24 0.05
  153 N    -1  -1   2   2  -2   0   1  -2  -1  -2  -1  -1  -1   2  -2   1   1  -2  -1  -2    0   0  13  16   0   5  10   0   0   0   8   0   0  16   0  18  13   0   0   0  0.18 0.04
  154 A     0   1   1  -1  -2   0   1   2  -1  -2  -1   0  -1  -3   2   2   1  -3  -2  -2    4   9  12   0   0   0  10  17   0   0   8   0   0   0   9  22  10   0   0   0  0.21 0.03
  155 D     1  -2   1   2  -2  -1  -1   4   2  -3  -2  -1  -2  -3  -2   1  -1  -3  -2  -2   13   0   4  15   0   0   0  42  11   0   5   0   0   0   0   9   0   0   0   0  0.40 0.05
  156 S    -1   2   2   3  -3   0   1   0  -1  -3  -3   0  -2  -3   2   1  -1  -4  -3  -3    0  22   9  25   0   0  10   6   0   0   0   0   0   0  11  17   0   0   0   0  0.39 0.05
  157 D     0  -1   3   3  -3   1   0  -2   2  -2  -1   1  -1  -3  -2   0   1  -3  -2  -2    6   0  19  26   0  10   0   0   6   0   6   9   0   0   0   0  16   0   0   0  0.29 0.05
  158 M     0  -1   0  -1  -2   1  -1   2  -2   0   0   0   1  -2  -2   1   0  -3  -2   0    6   0   6   0   0  11   0  21   0   9  10   6   5   0   0  11   6   0   0   9  0.10 0.02
  159 G     1   1   0   3  -2   1   1   2  -1  -3  -3   0  -2  -3   1   1  -1  -3  -3  -2   17  11   0  25   0   6   6  21   0   0   0   0   0   0   6   9   0   0   0   0  0.31 0.04
  160 E    -1  -1   2   0  -3   0   3   3  -1  -3  -3   1  -2  -3  -2   0   0  -3  -3  -3    0   0  15   0   0   0  32  31   0   0   0  11   0   0   0   6   6   0   0   0  0.42 0.06
  161 N     1   1   3   1  -2  -1  -1   1  -1  -2  -1   0  -2  -3  -2   2   0  -3  -2  -2   17   9  24   5   0   0   0  10   0   0   6   0   0   0   0  28   0   0   0   0  0.26 0.05
  162 L     0  -2  -1  -2  -1  -1  -2  -2  -2   0   2  -1   1   1  -2   1   0  -2  -1   1    7   1   0   1   0   0   1   1   0   1  28   1   7  11   1  26   1   0   0  15  0.13 0.04
  163 M     0  -2  -1   2  -2  -2  -1   1  -2   1   1  -2   2   1  -2  -1  -1  -2  -1   1    6   0   0  19   0   0   0  11   0  13   7   0  16  10   0   0   0   0   0  19  0.11 0.04
  164 K    -1   2  -1   2  -3   0   0  -2  -1  -1   0   2  -1   1   1   0  -1  -2  -1  -2    0  14   0  16   0   0   0   0   0   0  17  24   0  10   9  11   0   0   0   0  0.16 0.02
  165 K    -1   1   0   0  -3   2   2   2   2  -3  -3   2  -2  -3  -2   0  -1  -3  -1  -3    0   8   0   0   0  16  17  24  11   0   0  15   0   0   0   9   0   0   0   0  0.33 0.03
  166 K    -1   3   0   1  -3   1   0  -2  -1  -3  -2   4  -2   1  -2  -1  -1  -3  -1  -2    0  25   0  11   0   0   0   0   0   0   0  55   0  10   0   0   0   0   0   0  0.44 0.05
  167 R    -1   4  -1  -2  -3   2   0  -3  -1  -2  -1   2  -1  -3   3  -1  -1  -3  -2  -2    0  55   0   0   0  10   0   0   0   0  11   9   0   0  16   0   0   0   0   0  0.53 0.05
  168 K    -1   1   0   1  -3   2   1  -2  -1  -2  -1   4  -1  -3  -2  -1  -1  -3  -2  -2    0   0   0  11   0  10   0   0   0   0   9  71   0   0   0   0   0   0   0   0  0.45 0.06
  169 R    -1   3  -1  -2  -3   2   0   3  -1  -2  -1   1  -1  -3  -2  -1  -1  -3  -2  -2    0  36   0   0   0  21   0  32   0   0  11   0   0   0   0   0   0   0   0   0  0.36 0.03
  170 P    -1  -2   4   0  -3  -1  -1   1  -1  -2  -1  -1  -2  -3   5   0  -1  -3  -3  -2    0   0  39   0   0   0   0  12   0   0  11   0   0   0  37   0   0   0   0   0  0.66 0.04
  171 S     0  -2  -1  -2   6  -1  -2  -2  -1  -2  -2  -1  -1  -1  -2   2   1  -1   2  -1    0   0   0   0  38   0   0   0   0   0   0   0   0   0   0  37  12   0  13   0  0.47 0.03
  172 N     1   3   1  -1  -2   0   0  -1   3  -2  -2   1  -1  -2  -2   1   1  -3  -1  -2   13  39  11   0   0   0   0   0  13   0   0   0   0   0   0  14  11   0   0   0  0.31 0.02
  173 S     2  -2   0  -1  -1  -1  -1   3  -2  -3  -3  -1  -2  -3   2   2   0  -3  -2  -2   24   0   0   0   0   0   0  27   0   0   0   0   0   0  13  35   0   0   0   0  0.42 0.02
  174 E    -1  -1   0   2  -3   1   3  -2   3  -3  -2   0  -2   0  -2   1  -1  -1   3  -2    0   0   0  11   0   0  38   0  13   0   0   0   0   0   0  14   0   0  24   0  0.37 0.03
  175 Y    -1  -2  -1  -2  -3  -1  -2   1   4  -2  -2  -2  -1   3   3  -1  -2   0   4  -2    0   0   0   0   0   0   0  19  17   0   0   0   0  16  17   0   0   0  31   0  0.44 0.03
  176 I    -1   2  -2  -2  -2  -1  -2  -3  -2   2   0  -1   0  -2   4  -1  -1  -3  -2   1    0  19   0   0   0   0   0   0   0  32   0   0   0   0  33   0   0   0   0  16  0.47 0.03
  177 D    -1  -2  -1   3  -2  -1   0  -2  -2   1  -1  -1  -1  -2   3  -1   1  -3  -2   1    0   0   0  31   0   0   0   0   0  17   0   0   0   0  19   0  17   0   0  16  0.31 0.02
  178 I    -1  -2  -2  -3  -1  -2  -2  -3  -3   3   2  -2   3   0  -2  -1   1  -2  -1   2    0   0   0   0   0   0   0   0   0  31  19   0  17   0   0   0  17   0   0  16  0.25 0.02
  179 S     1  -1   4   2  -2   0   0  -1  -1  -3  -3   0  -2  -3  -1   2   0  -3  -2  -2   16   0  35  17   0   0   0   0   0   0   0   0   0   0   0  32   0   0   0   0  0.39 0.03
  180 D    -1  -2   0   4  -2  -1   0  -2  -2  -3  -3  -1  -2  -2  -2   1   1   6  -1  -2    0   0   0  47   0   0   0   0   0   0   0   0   0   0   0  17  17  19   0   0  0.58 0.03
  181 A     1  -1   0   0  -2   0   1   2  -1  -3  -3   0  -2  -3   3   2   0  -3  -2  -2   15   0   0   0   0   0  17  19   0   0   0   0   0   0  16  33   0   0   0   0  0.38 0.02
  182 V    -1   1  -2  -2   4  -1  -2  -2  -2   2   1  -1   0  -1  -2   0   0  -3  -2   1    0  17   0   0  16   0   0   0   0  19  16   0   0   0   0  17   0   0   0  15  0.15 0.02
  183 S     0  -1   2  -1  -2  -1  -1   2  -1  -2   0  -1  -1  -2  -2   3   0  -3  -2  -2    0   0  17   0   0   0   0  19   0   0  16   0   0   0   0  48   0   0   0   0  0.26 0.03
  184 A     1  -1  -1  -1  -2   1  -1   2  -1  -1  -2  -1  -1  -3   3   1   0  -3  -2   0   15   0   0   0   0  16   0  19   0   0   0   0   0   0  17  17   0   0   0  16  0.27 0.02
  185 S     0  -1   2   0  -2   2   0   3  -1  -3  -3   0  -2  -3  -2   1   1  -3  -2  -2    0   0  17   0   0  17   0  35   0   0   0   0   0   0   0  15  16   0   0   0  0.37 0.02
  186 S     0  -1   0   0  -2   1   3  -1  -1  -2  -2   0  -2  -3  -1   3   2  -3  -2  -2    0   0   0   0   0   0  36   0   0   0   0   0   0   0   0  47  17   0   0   0  0.40 0.03
  187 G     0  -2  -1  -2  -2  -2  -2   5  -2  -2   0  -2  -1  -2   3  -1  -2  -3  -3  -2    0   0   0   0   0   0   0  66   0   0  17   0   0   0  17   0   0   0   0   0  0.66 0.03
  188 L    -1  -2  -2  -3  -2  -2  -3   3  -3   1   2  -2   0  -1  -3  -1  -1  -2  -2   2    0   0   0   0   0   0   0  33   0   0  31   0   0   0   0   0   0   0   0  36  0.25 0.02
  189 A     3   0  -1  -1  -1   0   0   0  -1  -2  -2   1  -1  -3  -1   2   0  -3  -2  -1   47   0   0   0   0   0   0   0   0   0   0  17   0   0   0  36   0   0   0   0  0.32 0.03
  190 P     1   3  -1  -2  -3   0  -1  -2  -1  -3  -3   0  -2  -3   6  -1  -1  -3  -2  -2   16  36   0   0   0   0   0   0   0   0   0   0   0   0  48   0   0   0   0   0  0.90 0.04
  191 I     0  -2  -1  -2  -1  -1  -2  -2  -1   3   0  -2   0   0  -2   2   0  -1   2   1    0   0   0   0   0   0   0   0   0  47   0   0   0   0   0  36   0   0  17   0  0.18 0.03
  192 A     1  -1  -1  -1  -1  -1  -1  -1  -1  -2  -2  -1  -2  -2   5   2   0  -2  -2  -1   16   1   1   1   0   1   1   1   0   1   1   1   0   1  35  36   1   0   1   1  0.58 0.02
  193 T     0   0  -1  -1  -1   0  -1  -1  -1   0   1   1   0  -1  -1   1   1  -2  -1   1    1   1   1   1   0   1   1   1   0   1  20  18   0   1   1  18  16   0   1  17  0.08 0.01
  194 T     0  -1  -1  -1  -2  -1  -1  -1  -2  -2  -2  -1  -2  -2   6   1   1  -2  -2  -1    1   1   1   1   0   1   1   1   0   1   1   1   0   1  53  18  16   0   1   1  0.88 0.03
  195 T     1  -1   0  -1  -1  -1  -1   2  -1  -1  -2  -1  -1  -2  -1   2   3  -2  -2  -1   18   1   1   1   0   1   1  18   0   1   1   1   0   1   1  17  35   0   1   1  0.24 0.01
  196 T     1  -1   0  -1  -1  -1  -1   3  -1  -2  -2  -1  -1  -2  -1   1   1  -2  -2  -1   18   1   1   1   0   1   1  36   0   1   1   1   0   1   1  18  16   0   1   1  0.31 0.01
  197 I    -1  -1  -1   0  -2   0   2  -2  -1   1   2  -1   1  -1  -1  -1  -1  -2  -1   0    1   1   1   1   0   1  35   1   0  16  36   1   0   1   1   1   1   0   1   1  0.16 0.02
  198 Q     2  -1  -1  -1  -1   1   0  -1  -1  -2  -2  -1  -1  -1   3   0  -1   6   0  -1   34   1   1   1   0  15   1   1   0   1   1   1   0   1  18   1   1  19   1   1  0.44 0.02
  199 P     0  -2  -1  -1  -2  -1  -1  -1  -2  -2  -2  -1  -2  -3   6   1   0  -3  -2  -2    1   1   1   1   0   1   1   1   0   1   1   1   0   1  67  18   1   0   1   1  1.22 0.03
  200 P    -1  -1   2   2  -2   0   2  -1  -1   0  -1   0  -1  -2   3   0  -1  -3  -2  -1    1   1  20  18   0   1  18   1   0  17   1   1   0   1  16   1   1   0   1   1  0.26 0.01
  201 Q     0   0   0  -1  -1   3   0  -1  -1   0  -1   0   0  -2  -1   1   2  -2  -1   1    1   1   1   1   0  32   1   1   0   1   1   1   0   1   1  18  17   0   1  20  0.18 0.02
  202 A     3  -1   0   2  -1   0   0   0  -1  -2  -2  -1  -1  -2  -1   2   0  -2  -2  -1   51   1   1  18   0   1   1   1   0   1   1   1   0   1   1  18   1   0   1   1  0.25 0.02
  203 L    -1  -1  -1  -1  -2   2  -1  -2  -1  -1   1  -1   0   2   3   0   1  -1   0  -1    1   1   1   1   0  18   1   1   0   1  16   1   0  19  18   1  17   0   1   1  0.20 0.01
  204 A     1  -1  -1  -1  -2  -1  -1   4  -2  -3  -3   1  -2  -3  -2   0   1  -3  -2  -2   15   0   0   0   0   0   0  52   0   0   0  17   0   0   0   0  16   0   0   0  0.46 0.02
  205 S     3  -1   0  -1  -1  -1  -1   0  -1  -2  -2  -1  -1  -2  -1   3   1  -3  -2  -1   49   0   0   0   0   0   0   0   0   0   0   0   0   0   0  51   0   0   0   0  0.41 0.04
  206 S     1  -1   0  -1  -1   0  -1   2  -1  -2  -2  -1  -1  -2  -1   3   2  -2  -2  -1    1   1   1   1   0   1   1  20   0   1   1   1   0   1   1  49  18   0   1   1  0.30 0.02
  207 T     0  -1   2   0  -1   2   0  -1  -1   0  -1   0  -1  -2  -1   1   1  -2  -1   1    1   1  17   1   0  18   1   1   0   1   1   1   0   1   1  18  16   0   1  20  0.14 0.01
  208 V    -1   1  -2  -2  -2  -1  -1  -2  -1   0  -1   0  -1   2   3  -1  -1   0   3   0    1  18   1   1   0   1   1   1   0   1   1   1   0  18  20   1   1   0  17  16  0.26 0.01
  209 A     1  -1   0  -1  -1   2   0   2  -1  -1  -2   0  -1  -2  -1   1   3  -2  -2  -1   16   1   1   1   0  18   1  18   0   1   1   1   0   1   1   1  37   0   1   1  0.22 0.02
  210 Q     0   0   0   0  -2   3   2  -2  -1  -1  -1   0   0  -2  -1   0   2  -2  -1   1    1   1   1   1   0  32  18   1   0   1   1   1   0   1   1   1  20   0   1  17  0.22 0.02
  211 Q    -1   0   3   0  -2   3   0   2   0  -3  -2   0  -1  -3  -1   0  -1  -2  -2  -2    1   1  34   1   0  33   1  20   0   1   1   1   0   1   1   1   1   0   1   1  0.35 0.02
  212 L    -1  -1  -2  -1  -1   0   1  -2  -2   2   2  -1   3   0  -2  -1  -1  -2  -1   1    1   1   1   1   0   1  18   1   0  17  35   1  17   1   1   1   1   0   1   1  0.15 0.01
  213 L    -1  -2  -2  -3  -1  -1  -2  -3  -2   2   3  -2   3   0  -2  -2  -1  -1  -1   1    1   1   1   1   0   1   1   1   0  18  50   1  19   1   1   1   1   0   1   1  0.26 0.02
  214 P     1  -2  -1  -1  -2  -1  -1  -1  -2  -2  -2  -1  -2  -3   6   1   1  -3  -2  -1   17   0   0   0   0   0   0   0   0   0   0   0   0   0  48  19  16   0   0   0  0.84 0.03
  215 Q    -1   0   0   0  -3   5   3  -2   0  -2  -2   1  -1  -3  -1   0  -1  -2  -1  -2    1   1   1   1   0  65  20   1   0   1   2   1   0   1   1   1   1   0   1   1  0.53 0.03
  216 G     0  -2   0  -1  -2  -1  -2   5  -2  -3  -3  -1  -2  -3  -2   0  -1  -2  -2  -3    1   1   1   1   0   1   1  84   0   1   2   1   0   1   1   1   1   0   1   1  0.84 0.03
  217 M     1   2  -1  -2  -1  -1  -1  -1  -1   0   1   0   2   2  -2  -1  -1  -1   0   0   20  18   1   1   0   1   1   1   0   1  17   1  15  17   1   1   1   0   1   1  0.09 0.01
  218 Y     0  -1  -1  -2  -2   1  -1   2  -1   0  -1  -1   0   0  -2  -1  -1  -1   2   2    1   1   1   1   0  18   1  20   0   1   2   1   0   1   1   1   1   0  15  33  0.10 0.02
  219 P    -1  -2  -2  -2  -3  -2  -2  -3  -1  -3  -3  -1  -2  -1   7  -1  -1  -2   3  -2    0   0   0   0   0   0   0   0   0   0   0   0   0   0  81   0   0   0  19   0  1.63 0.05
  220 M    -1   2  -2  -3  -2  -1  -2  -3  -2   1   1  -1   5   2  -3  -2  -1  -1   0   1    0  19   0   0   0   0   0   0   0   0   0   0  49  16   0   0   0   0   0  16  0.25 0.04
  221 W    -3  -3  -4  -4  -2  -3  -3  -3  -3   1  -1  -3  -1   3  -4  -3  -2  10   2  -1    0   0   0   0   0   0   0   0   0  19   0   0   0  16   0   0   0  65   0   0  1.55 0.06
  222 A     3  -2  -2  -2  -1  -1  -1   2  -2  -2  -2  -1  -2  -3   3   0  -1  -3  -2  -1   65   0   0   0   0   0   0  19   0   0   0   0   0   0  16   0   0   0   0   0  0.47 0.03
  223 I    -1  -2  -3  -3  -1  -2  -3  -3  -2   2   2  -2   3   2  -3  -2  -1  -1   0   2    0   0   0   0   0   0   0   0   0  15  17   0  16  19   0   0   0   0   0  33  0.28 0.02
  224 P    -1  -1  -1  -1  -2  -1  -1  -1  -1  -2  -2  -1  -2  -2   6  -1  -1  -2  -2  -2    3   2   2   2   1   1   2   2   1   2   3   2   1   1  68   2   2   0   1   2  1.18 0.03
  225 S     2  -1   0  -1  -1  -1  -1   2  -1  -2  -2  -1  -1  -2  -1   2   2  -2  -2  -1   34   1   1   1   0   1   1  20   0   1   1   1   0   1   1  16  18   0   1   1  0.24 0.01
  226 N    -1  -1   3   0  -2  -1  -1  -1  -1  -2  -2  -1  -1   2   5   0  -1  -2   0  -2    1   1  31   1   0   1   1   1   0   1   1   1   0  19  35   1   1   0   1   1  0.53 0.02
  227 A     2   1   0   2  -2   0   0   2  -1  -2  -2   0  -1  -2  -1   0  -1  -2  -2  -1   33  17   1  20   0   1   1  18   0   1   1   1   0   1   1   1   1   0   1   1  0.21 0.01
  228 M     0  -1  -1  -2  -1  -1  -1  -2  -1   0   0  -1   3   2  -1   1   1  -1   0   0    1   1   1   1   0   1   1   1   0   1   1   1  31  19   1  18  18   0   1   1  0.13 0.02
  229 I     0  -1  -1  -1  -1  -1  -1  -1  -1   2   0  -1   0  -1  -1   0   3  -1  -1   1    3   2   2   2   1   2   2   3   1  32   3   2   1   1   2   3  36   0   1   2  0.12 0.01
  230 P    -1  -1   3   0  -2  -1  -1  -1  -1  -2  -2  -1  -2  -3   6   0  -1  -3  -2  -2    1   1  35   1   0   1   1   1   0   1   1   1   0   1  50   1   1   0   1   1  0.90 0.03
  231 T     0  -1   0  -1  -2   1  -1   5  -2  -3  -3  -1  -2  -3  -2   0   1  -3  -3  -2    0   0   0   0   0  16   0  69   0   0   0   0   0   0   0   0  15   0   0   0  0.67 0.03
  232 V     1  -2  -2  -2  -1  -2  -2   3  -2   1   0  -2   2  -2  -2  -1  -1  -3  -2   2   16   0   0   0   0   0   0  34   0   0   0   0  16   0   0   0   0   0   0  34  0.24 0.02
  233 G     0  -2   0  -1  -2  -1  -1   4  -2  -3  -3  -1  -2  -3  -2   2   1  -3  -2  -2    0   0   0   0   0   0   0  50   0   0   0   0   0   0   0  34  16   0   0   0  0.53 0.03
  234 A     3  -1  -1  -2  -1  -1  -1  -1   3  -2  -2  -1  -1  -2  -1   1   1  -3  -1  -1   65   0   0   0   0   0   0   0  19   0   0   0   0   0   0   0  16   0   0   0  0.33 0.03
  235 F     1  -2  -3  -3  -2  -2  -3  -2  -2   0   0  -2   2   5  -3  -1  -1   0   1   1   16   0   0   0   0   0   0   0   0   0   0   0  19  49   0   0   0   0   0  16  0.32 0.03
  236 F    -2  -3  -2  -3  -2  -2  -2  -2  -2  -2  -1  -2  -1   4  -3   0  -1   9   2  -2    0   0   0   0   0   0   0   0   0   0   0   0   0  31   0  19   0  50   0   0  1.16 0.05
  237 L    -1  -2  -3  -3  -2  -1  -3  -3  -2   1   2  -2   5   3  -3  -2  -1  -1   0   1    0   0   0   0   0   0   0   0   0   0  15   0  50  19   0   0   0   0   0  16  0.34 0.04
  238 I     1  -2  -2  -2  -1  -1  -2  -2  -2   2   2  -2   1   0  -2  -1  -1  -2  -1   2   20   1   1   1   0   1   1   1   0  16  36   1   0   1   1   1   1   0   1  17  0.14 0.01
  239 P     0  -2  -1  -1  -2  -1  -1  -1  -2  -2  -2  -1  -2  -3   6   1   0  -3  -2  -2    1   1   1   1   0   1   1   1   0   1   1   1   0   1  66  20   1   0   1   1  1.18 0.03
  240 Q    -1  -1  -1  -1  -1   3   0  -2  -1   2   0   0   2  -1  -2  -1  -1  -2  -1   1    1   1   1   1   0  31   1   1   0  20   1   1  17   1   1   1   1   0   1  18  0.14 0.02
  241 I     1  -2  -1  -2  -1  -1  -2   2  -2   1   1  -1   0  -1  -2   1   1  -2  -2   0   16   0   0   0   0   0   0  17   0  15  19   0   0   0   0  17  16   0   0   0  0.13 0.01
  242 A     2  -2  -1  -2  -2  -2  -2   5  -2  -3  -3  -1  -2  -3  -2   0  -1  -3  -3  -2   31   0   0   0   0   0   0  69   0   0   0   0   0   0   0   0   0   0   0   0  0.74 0.03
  243 G     0  -2   0  -1  -2  -2  -2   5  -2  -4  -4  -1  -3  -3  -2   1  -1  -3  -3  -3    0   0   0   0   0   0   0  83   0   0   0   0   0   0   0  17   0   0   0   0  0.90 0.04
  244 P     1  -2   2  -1  -2  -1  -1   3  -1  -3  -3  -1  -2  -3   4   0  -1  -3  -3  -2   16   0  19   0   0   0   0  34   0   0   0   0   0   0  31   0   0   0   0   0  0.65 0.03
  245 S     0  -2   0   2  -3  -1  -1   4   3  -3  -3  -1  -2  -3  -2   1  -1  -3  -1  -3    0   0   0  16   0   0   0  50  19   0   0   0   0   0   0  15   0   0   0   0  0.52 0.03
  246 N    -1   0   4   0  -3   4   1  -1   0  -3  -3   0  -1  -3  -2   0  -1  -3  -2  -3    0   0  49   0   0  51   0   0   0   0   0   0   0   0   0   0   0   0   0   0  0.62 0.05
  247 Q    -1   0   0   2  -3   5   1  -2   0  -2  -1   0   2  -3  -2  -1  -1  -2  -2  -2    0   0   0  17   0  67   0   0   0   0   0   0  16   0   0   0   0   0   0   0  0.50 0.05
  248 P    -1  -2  -2  -2  -3  -2  -1   2  -2  -3  -3  -1  -3  -4   7  -1  -1  -4  -3  -3    0   0   0   0   0   0   0  20   0   0   0   0   0   0  80   0   0   0   0   0  1.59 0.03
  249 Q    -1   1   0  -1  -3   5   1  -2   4  -3  -2   1  -1  -3  -2   0  -1  -2  -1  -3    0   0   0   0   0  79   0   0  21   0   0   0   0   0   0   0   0   0   0   0  0.65 0.04
  250 L    -1  -2  -3  -3  -2  -1  -3  -3  -2   1   2  -2   5   3  -3  -2  -1  -1   0   0    0   0   0   0   0   0   0   0   0   0  19   0  62  20   0   0   0   0   0   0  0.37 0.03
  251 L    -3  -3  -4  -4  -2  -2  -3  -3  -3  -1   1  -3  -1   1  -4  -3  -2  10   2  -2    0   0   0   0   0   0   0   0   0   0  19   0   0   0   0   0   0  81   0   0  1.92 0.05
  252 A     4  -2  -2  -2  -1  -1  -1   0  -2  -1  -2  -1  -1  -2  -1   1   0  -3  -2   0  100   0   0   0   0   0   0   0   0   0   0   0   0   0   0   0   0   0   0   0  0.48 0.03
  253 F    -2  -3  -3  -3  -2  -3  -3  -3  -2   3   1  -3   0   5  -3  -2  -2   0   2   1    0   0   0   0   0   0   0   0   0  40   0   0   0  60   0   0   0   0   0   0  0.49 0.02
  254 P    -1  -1  -1  -1  -3   3   0  -2  -1  -3  -3   0  -2  -4   6  -1  -1  -3  -2  -2    0   0   0   0   0  34   0   0   0   0   0   0   0   0  66   0   0   0   0   0  1.25 0.01
  255 A     2  -1   0  -1  -1  -1  -1  -1  -1  -1  -2  -1  -1  -2  -1   2   3  -3  -2  -1   32   0   0   0   0   0   0   0   0   0   0   0   0   0   0  34  34   0   0   0  0.32 0.00
  256 A     3  -2  -2  -2  -1  -1  -1  -1  -2   1  -1  -1   0  -2  -1   0   0  -3  -2   2   66   0   0   0   0   0   0   0   0   0   0   0   0   0   0   0   0   0   0  34  0.25 0.01
  257 A     3  -1  -1  -1   0   0   0   0  -1  -1  -1   0  -1  -1   0   1   0  -1  -1   0   69   2   2   2   1   1   2   3   1   2   3   2   1   1   2   2   2   0   1   2  0.21 0.00
  258 A     2  -1   0  -1  -1   0   0   0  -1  -1  -1   0  -1  -1   0   1   2  -1  -1   0   34   2   2   2   1   1   2   3   1   2   3   2   1   1   2   2  36   0   1   2  0.17 0.00
  259 S     2  -1   0  -1  -1   0   0   0  -1  -1  -1   0  -1  -1   0   2   1  -1  -1  -1   37   2   2   2   1   1   2   3   1   2   3   2   1   1   2  34   2   0   1   2  0.19 0.00
  260 P    -1  -2  -2  -2  -3  -1  -1  -2  -2  -3  -3  -1  -3  -4   7  -1  -1  -4  -3  -2    0   0   0   0   0   0   0   0   0   0   0   0   0   0 100   0   0   0   0   0  2.06 0.01
  261 S     0   0   0  -1  -2   3   0  -2   0  -2  -1   0  -1   3  -2   2   0  -1   1  -2    0   0   0   0   0  34   0   0   0   0   0   0   0  34   0  32   0   0   0   0  0.23 0.01
  262 S     0  -2  -1  -2  -1  -1  -2  -2  -2   1   3  -2   1   0  -2   1   0  -2  -1   0    0   0   0   0   0   0   0   0   0   0  68   0   0   0   0  32   0   0   0   0  0.22 0.01
  263 Y    -1  -1   3  -1  -2  -1  -1  -2   0   0  -1  -1  -1   1  -2  -1   0   0   4   1    0   0  34   0   0   0   0   0   0   0   0   0   0   0   0   0   0   0  32  34  0.22 0.01
  264 V    -1  -2   3  -1  -1  -1  -2  -2  -1   2   0  -1   0  -1  -2  -1   0  -3  -2   3    0   0  34   0   0   0   0   0   0   0   0   0   0   0   0   0   0   0   0  66  0.20 0.01
  265 A     2  -2  -1  -2  -2  -2  -2   3  -2  -1  -1  -2  -1   3  -2   0  -1  -1   1  -1   32   0   0   0   0   0   0  34   0   0   0   0   0  34   0   0   0   0   0   0  0.31 0.00
  266 A     4  -1  -2  -2   0  -1  -1   0  -2  -1  -2  -1  -1  -2  -1   1   0  -3  -2   0  100   0   0   0   0   0   0   0   0   0   0   0   0   0   0   0   0   0   0   0  0.42 0.01
  267 V     0  -1  -1  -1  -1  -1  -1   3  -1   0  -1  -1   0  -1  -1   0   0  -1  -1   1    3   2   2   2   1   1   2  37   1   2   3   2   1   1   2   2   2   0   1  34  0.16 0.00
  268 Q     2   0   0  -1  -1   3   1   0   0  -1  -1   0   0  -2   0   0   0  -1  -1  -1   37   2   2   2   1  33   2   3   1   2   3   2   1   1   2   2   2   0   1   2  0.18 0.00
  269 Q     0   1   0   0  -2   4   1  -1   0  -2  -1   1   0  -2  -1   0   0  -1  -1  -1    3   2   2   2   1  67   2   3   1   2   3   2   1   1   2   2   2   0   1   2  0.35 0.01
  270 A     2  -1  -1  -1  -1  -1  -1  -1  -1  -1   0  -1   0   3  -1   0  -1   0   1   0   34   2   2   2   1   1   2   3   1   2   3   2   1  35   2   2   2   0   1   2  0.13 0.00
  271 S     0  -1   0   0  -1   0   0  -1  -1  -2  -2   0  -1  -2   5   2   0  -2  -1  -1    3   2   2   2   1   1   2   3   1   2   3   2   1   1  36  34   2   0   1   2  0.52 0.00
  272 T     0  -1   0  -1  -1   0   0  -1  -1  -1  -1   0   0  -1   0   1   4  -1  -1   0    3   2   2   2   1   1   2   3   1   2   3   2   1   1   2   2  68   0   1   2  0.25 0.00
  273 M     2  -1  -1  -1  -1   0  -1  -1  -1   0   0  -1   3  -1  -1   0   0  -1  -1   0   37   2   2   2   1   1   2   3   1   2   3   2  33   1   2   2   2   0   1   2  0.09 0.00
  274 A     2  -1  -1  -1  -1  -1  -1  -1  -1   2   0  -1   0  -1  -1   0   0  -1  -1   1   34   2   2   2   1   1   2   3   1  36   3   2   1   1   2   2   2   0   1   2  0.07 0.00
  275 R    -1   3   3   0  -2   0   0  -1   0  -2  -2   1  -1  -2  -1   0   0  -2  -1  -2    3  34  36   2   1   1   2   3   1   2   3   2   1   1   2   2   2   0   1   2  0.26 0.00
  276 P     0  -1  -1  -1  -1  -1  -1  -1  -2   1   0  -1   0  -1   4  -1   0  -2  -1   2    3   2   2   2   1   1   2   3   1   2   3   2   1   1  34   2   2   0   1  36  0.39 0.00
  277 P     2  -1  -1  -1  -1  -1  -1   0  -1  -1  -1  -1  -1  -2   5   0   0  -2  -1  -1   37   2   2   2   1   1   2   3   1   2   3   2   1   1  34   2   2   0   1   2  0.46 0.00
  278 P    -1  -1   0   3  -2   0   0  -1  -1  -2  -2  -1  -2  -2   4   0  -1  -2  -2  -2    3   2   2  36   1   1   2   3   1   2   3   2   1   1  34   2   2   0   1   2  0.56 0.00
  279 L    -1  -1  -2  -2  -1  -1  -2  -2  -1   0   2  -1   1   4  -1  -1  -1   0   1   0    3   2   2   2   1   1   2   3   1   2  35   2   1  35   2   2   2   0   1   2  0.17 0.00
  280 Q     0   1   0   0  -2   4   1  -1   0  -2  -1   1   0  -2  -1   0   0  -1  -1  -1    3   2   2   2   1  67   2   3   1   2   3   2   1   1   2   2   2   0   1   2  0.35 0.01
  281 V     0   0  -1  -1  -1   3   0  -1  -1   1   0   0   0  -1  -1   0   0  -1  -1   1    3   2   2   2   1  35   2   3   1   2   3   2   1   1   2   2   2   0   1  34  0.11 0.00
  282 V    -1   3  -1  -1  -2   3   0  -2  -1   0  -1   1   0  -2  -2  -1  -1  -2  -1   1    0  34   0   0   0  34   0   0   0   0   0   0   0   0   0   0   0   0   0  32  0.26 0.01
  283 P    -1  -1  -1  -1  -3   3   0  -2  -1  -3  -3   0  -2  -4   6  -1  -1  -3  -2  -2    0   0   0   0   0  34   0   0   0   0   0   0   0   0  66   0   0   0   0   0  1.25 0.01
  284 S     0   0   0  -1  -1   3   0  -2  -1   0  -1   0   0  -2  -1   2   0  -3  -1   1    0   0   0   0   0  34   0   0   0   0   0   0   0   0   0  32   0   0   0  34  0.18 0.01
  285 S     1   0   0   0  -1   3   1  -1   0  -3  -2   0  -1  -3  -1   3   1  -3  -2  -2    0   0   0   0   0  34   0   0   0   0   0   0   0   0   0  66   0   0   0   0  0.39 0.01
  286 G     0   0   0  -1  -2   3   0   3  -1  -3  -3   0  -1  -3  -1   2   0  -2  -2  -2    0   0   0   0   0  34   0  32   0   0   0   0   0   0   0  34   0   0   0   0  0.38 0.01
  287 F    -2  -2  -2  -3  -3  -2  -2  -3   0  -1  -1  -2  -1   4   4  -2  -2   1   4  -1    0   0   0   0   0   0   0   0   0   0   0   0   0  32  34   0   0   0  34   0  0.71 0.01
  288 V     0  -3  -3  -3  -1  -2  -3  -3  -3   3   1  -2   1  -1  -2  -2   0  -3  -1   4    0   0   0   0   0   0   0   0   0   0   0   0   0   0   0   0   0   0   0 100  0.37 0.01
  289 S     1   0   0   0  -1   0   0   0  -1  -1  -1   0  -1  -1   0   3   1  -2  -1  -1    3   2   2   2   1   1   2   3   1   2   3   2   1   1   2  68   2   0   1   2  0.25 0.00
  290 V     0  -1  -1  -1  -1  -1  -1  -1  -1   1   0  -1   0  -1  -1   0   2  -1  -1   2    3   2   2   2   1   1   2   3   1   2   3   2   1   1   2   2  36   0   1  34  0.12 0.00
  291 S     0  -1   0   0  -1   0   0  -1  -1  -1  -1   0  -1  -1   0   2   3  -1  -1  -1    3   2   2   2   1   1   2   3   1   2   3   2   1   1   2  34  36   0   1   2  0.21 0.00
  292 D    -1  -1   0   3  -1  -1   0  -1  -1   2   0  -1   0  -1  -1  -1  -1  -2  -1   1    3   2   2  34   1   1   2   3   1  36   3   2   1   1   2   2   2   0   1   2  0.12 0.00
  293 V     0  -1  -2  -2  -1  -1  -1  -2  -2   2   0  -1   0  -1  -1  -1   0  -2  -1   3    3   2   2   2   1   1   2   3   1   2   3   2   1   1   2   2   2   0   1  68  0.13 0.00
  294 S     0   0   0   0  -1   3   1  -1   0  -2  -1   0  -1  -2   0   2   0  -1  -1  -1    3   2   2   2   1  35   2   3   1   2   3   2   1   1   2  34   2   0   1   2  0.22 0.00
  295 G     0  -1   3   0  -2   0  -1   3   0  -2  -2   0  -1  -2  -1   0   0  -2  -1  -2    3   2  36   2   1   1   2  34   1   2   3   2   1   1   2   2   2   0   1   2  0.30 0.00
  296 S     1  -1   1   0  -1   0   0   0  -1  -2  -3   0  -2  -2  -1   4   1  -3  -2  -2    0   0   0   0   0   0   0   0   0   0   0   0   0   0   0 100   0   0   0   0  0.47 0.01
  297 N    -2   0   6   1  -3   0   0   0   1  -3  -3   0  -2  -3  -2   1   0  -4  -2  -3    0   0 100   0   0   0   0   0   0   0   0   0   0   0   0   0   0   0   0   0  0.75 0.01
  298 L     2  -1  -1  -2  -1  -1  -1  -1  -2   0   1  -1   0  -1  -1   2   0  -2  -2   0   34   0   0   0   0   0   0   0   0   0  32   0   0   0   0  34   0   0   0   0  0.17 0.00
  299 S     1  -1   0  -1  -1  -1  -1   3  -1  -3  -3  -1  -2  -3  -1   3   1  -3  -2  -2    0   0   0   0   0   0   0  34   0   0   0   0   0   0   0  66   0   0   0   0  0.45 0.01
  300 R    -1   3   0   3  -4   1   3  -2   0  -3  -3   1  -2  -3  -2   0  -1  -3  -2  -3    0  32   0  34   0   0  34   0   0   0   0   0   0   0   0   0   0   0   0   0  0.52 0.01
  301 A     4  -1  -2  -2   0  -1  -1   0  -2  -1  -1  -1  -1  -2  -1   1   0  -3  -2   0  100   0   0   0   0   0   0   0   0   0   0   0   0   0   0   0   0   0   0   0  0.40 0.00
  302 T     0  -1   0   1  -2   1   3  -2  -1  -2  -2   0  -1  -3  -1   1   3  -3  -2  -1    0   0   0   0   0   0  50   0   0   0   0   0   0   0   0   0  50   0   0   0  0.39 0.00
  303 S     3  -1   0  -1  -1   0   0   0  -1  -2  -2   0  -1  -2  -1   3   1  -3  -2  -1   50   0   0   0   0   0   0   0   0   0   0   0   0   0   0  50   0   0   0   0  0.35 0.00
  304 V    -1  -1  -1   0  -2   0   3  -3  -1   1   0   0   0  -2  -2  -1   0  -3  -2   2    0   0   0   0   0   0  50   0   0   0   0   0   0   0   0   0   0   0   0  50  0.24 0.00
  305 M    -1  -1  -2  -3  -1   0  -2  -3  -2   1   2  -1   6   0  -3  -2  -1  -1  -1   1    0   0   0   0   0   0   0   0   0   0   0   0 100   0   0   0   0   0   0   0  0.34 0.00
  306 A     2  -1  -1   0  -2   1   3  -1  -1  -2  -2   0  -1  -3  -1   1   0  -3  -2  -1   50   0   0   0   0   0  50   0   0   0   0   0   0   0   0   0   0   0   0   0  0.36 0.00
  307 P     0  -2  -1  -1  -2  -1  -1  -2  -2  -2  -2  -1  -1  -3   6   0   3  -3  -2  -1    0   0   0   0   0   0   0   0   0   0   0   0   0   0  50   0  50   0   0   0  0.90 0.00
  308 S     1  -1   1   0  -1   0   0   0  -1  -2  -2   0  -2  -2  -1   4   1  -3  -2  -2    0   0   0   0   0   0   0   0   0   0   0   0   0   0   0 100   0   0   0   0  0.45 0.00
  309 S     1  -1   0  -1  -2  -1  -1   4  -1  -3  -3  -1  -2  -3  -1   3   0  -3  -2  -2    0   0   0   0   0   0   0  50   0   0   0   0   0   0   0  50   0   0   0   0  0.52 0.00
  310 S     1  -1   0  -1  -2  -1  -1   4  -1  -3  -3  -1  -2  -3  -1   3   0  -3  -2  -2    0   0   0   0   0   0   0  50   0   0   0   0   0   0   0  50   0   0   0   0  0.52 0.00
  311 S     1  -1   0  -1  -2  -1  -1   4  -1  -3  -3  -1  -2  -3  -1   3   0  -3  -2  -2    0   0   0   0   0   0   0  50   0   0   0   0   0   0   0  50   0   0   0   0  0.52 0.00
  312 G     0  -1   0  -1  -1  -1  -1   4  -1  -2  -1  -1  -1  -1  -1   0  -1  -1  -1  -1    4   3   2   3   1   2   3  54   1   3   5   3   1   2   3   4   3   1   2   3  0.33 0.01
  313 V     0  -1  -1  -1  -1  -1  -1  -1  -1   1   0  -1   0  -1  -1  -1   0  -1  -1   2    4   3   2   3   1   2   3   4   1   3   5   3   1   2   3   4   3   1   2  53  0.07 0.01
  314 T     0   0   0   0  -1   0   0  -1  -1   0  -1   0   0  -1   0   1   3  -1  -1   0    4   3   2   3   1   2   3   4   1   3   5   3   1   2   3   4  53   1   2   3  0.16 0.00
  315 T     0   0   0   0  -1   0   0  -1  -1   0  -1   0   0  -1   0   1   3  -1  -1   0    4   3   2   3   1   2   3   4   1   3   5   3   1   2   3   4  53   1   2   3  0.16 0.00
  316 G     0  -1   0  -1  -1  -1  -1   4  -1  -2  -1  -1  -1  -1  -1   0  -1  -1  -1  -1    4   3   2   3   1   2   3  54   1   3   5   3   1   2   3   4   3   1   2   3  0.33 0.01
  317 S     1   0   0   0  -1   0   0   0   0  -1  -1   0  -1  -1   0   3   1  -1  -1  -1    4   3   2   3   1   2   3   4   1   3   5   3   1   2   3  54   3   1   2   3  0.16 0.00
  318 S     1   0   0   0  -1   0   0   0   0  -1  -1   0  -1  -1   0   3   1  -1  -1  -1    4   3   2   3   1   2   3   4   1   3   5   3   1   2   3  54   3   1   2   3  0.16 0.00
  319 S     1   0   0   0  -1   0   0   0   0  -1  -1   0  -1  -1   0   3   1  -1  -1  -1    4   3   2   3   1   2   3   4   1   3   5   3   1   2   3  54   3   1   2   3  0.16 0.00
  320 S     1   0   0   0  -1   0   0   0   0  -1  -1   0  -1  -1   0   3   1  -1  -1  -1    4   3   2   3   1   2   3   4   1   3   5   3   1   2   3  54   3   1   2   3  0.16 0.00
  321 I    -1  -1  -1  -1  -1  -1  -1  -1  -1   3   1  -1   1   0  -1  -1   0  -1  -1   2    4   3   2   3   1   2   3   4   1  53   5   3   1   2   3   4   3   1   2   3  0.06 0.01
  322 A     3  -1  -1  -1   0   0   0   0  -1  -1  -1   0  -1  -1   0   1   0  -1  -1   0   54   3   2   3   1   2   3   4   1   3   5   3   1   2   3   4   3   1   2   3  0.14 0.01
  323 T     0   0   0   0  -1   0   0  -1  -1   0  -1   0   0  -1   0   1   3  -1  -1   0    4   3   2   3   1   2   3   4   1   3   5   3   1   2   3   4  53   1   2   3  0.16 0.00
  324 T     0   0   0   0  -1   0   0  -1  -1   0  -1   0   0  -1   0   1   3  -1  -1   0    4   3   2   3   1   2   3   4   1   3   5   3   1   2   3   4  53   1   2   3  0.16 0.00
  325 T     0  -1   0  -1  -1  -1  -1  -2  -2  -1  -1  -1  -1  -2  -1   1   5  -2  -2   0    0   0   0   0   0   0   0   0   0   0   0   0   0   0   0   0 100   0   0   0  0.47 0.00
  326 T     0  -1   0  -1  -1  -1  -1  -2  -2  -1  -1  -1  -1  -2  -1   1   5  -2  -2   0    0   0   0   0   0   0   0   0   0   0   0   0   0   0   0   0 100   0   0   0  0.47 0.00
  327 H    -1   0   0  -1  -3   4   1  -2   6  -3  -2   0  -1  -2  -2   0  -1  -2   1  -3    0   0   0   0   0  50   0   0  50   0   0   0   0   0   0   0   0   0   0   0  0.56 0.00
  328 T     0  -2  -1  -1  -2  -1  -1  -2  -2  -2  -2  -1  -1  -3   6   0   3  -3  -2  -1    0   0   0   0   0   0   0   0   0   0   0   0   0   0  50   0  50   0   0   0  0.90 0.00
  329 L    -1  -2  -3  -4  -1  -2  -3  -4  -3   2   4  -2   2   0  -3  -2  -1  -2  -1   1    0   0   0   0   0   0   0   0   0   0 100   0   0   0   0   0   0   0   0   0  0.45 0.00
  330 R    -1   6   0  -2  -3   1   0  -2   0  -3  -2   2  -1  -3  -2  -1  -1  -3  -2  -3    0 100   0   0   0   0   0   0   0   0   0   0   0   0   0   0   0   0   0   0  0.75 0.00
  331 D    -2  -2   1   6  -3   0   2  -1  -1  -3  -4  -1  -3  -4  -2   0  -1  -4  -3  -3    0   0   0 100   0   0   0   0   0   0   0   0   0   0   0   0   0   0   0   0  0.93 0.00
  332 F    -2  -3  -3  -4  -2  -3  -3  -3  -1   0   0  -3   0   6  -4  -2  -2   1   3  -1    0   0   0   0   0   0   0   0   0   0   0   0   0 100   0   0   0   0   0   0  0.74 0.00
  333 S     1  -1   1   0  -1   0   0   0  -1  -2  -2   0  -2  -2  -1   4   1  -3  -2  -2    0   0   0   0   0   0   0   0   0   0   0   0   0   0   0 100   0   0   0   0  0.45 0.00
  334 L    -1  -2  -3  -4  -1  -2  -3  -4  -3   2   4  -2   2   0  -3  -2  -1  -2  -1   1    0   0   0   0   0   0   0   0   0   0 100   0   0   0   0   0   0   0   0   0  0.45 0.00
  335 E    -1   0   0   2  -4   2   5  -2   0  -3  -3   1  -2  -3  -1   0  -1  -3  -2  -2    0   0   0   0   0   0 100   0   0   0   0   0   0   0   0   0   0   0   0   0  0.73 0.00
  336 I    -1  -3  -3  -3  -1  -3  -3  -4  -3   4   2  -3   1   0  -3  -2  -1  -3  -1   3    0   0   0   0   0   0   0   0   0 100   0   0   0   0   0   0   0   0   0   0  0.39 0.00
  337 Y    -2  -2  -2  -3  -2  -1  -2  -3   2  -1  -1  -2  -1   3  -3  -2  -2   2   7  -1    0   0   0   0   0   0   0   0   0   0   0   0   0   0   0   0   0   0 100   0  0.86 0.00
  338 E    -1  -1   1   4  -4   1   4  -2  -1  -3  -3   0  -3  -3  -1   0  -1  -3  -3  -3    0   0   0  50   0   0  50   0   0   0   0   0   0   0   0   0   0   0   0   0  0.69 0.00
  339 K    -1   2   0  -1  -3   1   1  -2  -1  -3  -2   5  -1  -3  -1   0  -1  -3  -2  -2    0   0   0   0   0   0   0   0   0   0   0 100   0   0   0   0   0   0   0   0  0.52 0.00
  340 Q    -1   4   0  -1  -3   4   1  -2   0  -3  -2   2  -1  -3  -2   0  -1  -2  -2  -2    0  50   0   0   0  50   0   0   0   0   0   0   0   0   0   0   0   0   0   0  0.56 0.00
  341 E    -1   0   0   2  -4   2   5  -2   0  -3  -3   1  -2  -3  -1   0  -1  -3  -2  -2    0   0   0   0   0   0 100   0   0   0   0   0   0   0   0   0   0   0   0   0  0.73 0.00
  342 L    -1  -2  -3  -4  -1  -2  -3  -4  -3   2   4  -2   2   0  -3  -2  -1  -2  -1   1    0   0   0   0   0   0   0   0   0   0 100   0   0   0   0   0   0   0   0   0  0.45 0.00
  343 H    -1   0   0   0  -1   0   0  -1   6  -1  -1   0  -1  -1  -1   0  -1  -1   1  -1    4   3   2   3   1   2   3   4  51   3   5   3   1   2   3   4   3   1   2   3  0.28 0.00
  344 Q    -1   1   0   0  -3   5   2  -2   0  -3  -2   1   0  -3  -1   0  -1  -2  -1  -2    0   0   0   0   0 100   0   0   0   0   0   0   0   0   0   0   0   0   0   0  0.65 0.00
  345 F    -2  -3  -3  -4  -2  -3  -3  -3  -1   0   0  -3   0   6  -4  -2  -2   1   3  -1    0   0   0   0   0   0   0   0   0   0   0   0   0 100   0   0   0   0   0   0  0.74 0.00
  346 M    -1  -2  -3  -3  -1  -1  -2  -3  -2   1   3  -2   4   0  -3  -2  -1  -2  -1   1    0   0   0   0   0   0   0   0   0   0  50   0  50   0   0   0   0   0   0   0  0.35 0.00
  347 S     1  -1   1   0  -1   0   0   0  -1  -2  -2   0  -1  -2  -1   4   1  -3  -2  -2    0   0   0   0   0   0   0   0   0   0   0   0   0   0   0   0   0   0   0   0  0.00     0.00
  348 T     0  -1   0  -1  -1  -1  -1  -1  -2  -1  -1  -1  -1  -2  -1   1   4  -2  -1   0    0   0   0   0   0   0   0   0   0   0   0   0   0   0   0   0   0   0   0   0  0.00     0.00
  349 T     0  -1   0  -1  -1  -1  -1  -1  -2  -1  -1  -1  -1  -2  -1   1   4  -2  -1   0    0   0   0   0   0   0   0   0   0   0   0   0   0   0   0   0   0   0   0   0  0.00     0.00
  350 T     0  -1   0  -1  -1  -1  -1  -1  -2  -1  -1  -1  -1  -2  -1   1   4  -2  -1   0    0   0   0   0   0   0   0   0   0   0   0   0   0   0   0   0   0   0   0   0  0.00     0.00
  351 A     4  -1  -1  -2   0  -1  -1   0  -2  -1  -1  -1  -1  -2  -1   1   0  -2  -2   0    0   0   0   0   0   0   0   0   0   0   0   0   0   0   0   0   0   0   0   0  0.00     0.00
  352 R    -1   5   0  -1  -3   1   0  -2   0  -3  -2   2  -1  -3  -2  -1  -1  -2  -2  -2    0   0   0   0   0   0   0   0   0   0   0   0   0   0   0   0   0   0   0   0  0.00     0.00
  353 S     1  -1   1   0  -1   0   0   0  -1  -2  -2   0  -1  -2  -1   4   1  -3  -2  -2    0   0   0   0   0   0   0   0   0   0   0   0   0   0   0   0   0   0   0   0  0.00     0.00
  354 S     1  -1   1   0  -1   0   0   0  -1  -2  -2   0  -1  -2  -1   4   1  -3  -2  -2    0   0   0   0   0   0   0   0   0   0   0   0   0   0   0   0   0   0   0   0  0.00     0.00
  355 N    -1   0   5   1  -2   0   0   0   1  -3  -3   0  -2  -3  -2   1   0  -3  -2  -3    0   0   0   0   0   0   0   0   0   0   0   0   0   0   0   0   0   0   0   0  0.00     0.00
  356 H    -2   0   1  -1  -3   0   0  -2   7  -3  -3  -1  -1  -1  -2  -1  -2  -2   2  -3    0   0   0   0   0   0   0   0   0   0   0   0   0   0   0   0   0   0   0   0  0.00     0.00

                      K         Lambda
Standard Ungapped    0.1236     0.3112
Standard Gapped      0.0337     0.2670
PSI Ungapped         0.1103     0.2965
PSI Gapped           0.0337     0.2670
