
Last position-specific scoring matrix computed, weighted observed percentages rounded down, information per position, and relative weight of gapless real matches to pseudocounts
            A   R   N   D   C   Q   E   G   H   I   L   K   M   F   P   S   T   W   Y   V   A   R   N   D   C   Q   E   G   H   I   L   K   M   F   P   S   T   W   Y   V
    1 M    -1  -1  -2  -3  -2   0  -2  -3  -2   1   2  -1   6   0  -3  -2  -1  -2  -1   1    0   0   0   0   0   0   0   0   0   0   0   0 100   0   0   0   0   0   0   0  0.33 0.01
    2 T     3  -1  -1  -1  -1  -1  -1  -1  -2  -1  -1  -1  -1  -2  -1   1   3  -3  -2   0   50   0   0   0   0   0   0   0   0   0   0   0   0   0   0   0  50   0   0   0  0.31 0.01
    3 D    -2  -2   1   6  -4   0   2  -1  -1  -3  -4  -1  -3  -4  -2   0  -1  -4  -3  -3    0   0   0 100   0   0   0   0   0   0   0   0   0   0   0   0   0   0   0   0  0.92 0.01
    4 T     0  -1   0  -1  -1  -1  -1  -2  -2  -1  -1  -1  -1  -2  -1   1   5  -3  -2   0    0   0   0   0   0   0   0   0   0   0   0   0   0   0   0   0 100   0   0   0  0.46 0.01
    5 A     4  -1  -2  -2   0  -1  -1   0  -2  -1  -2  -1  -1  -2  -1   1   0  -3  -2   0  100   0   0   0   0   0   0   0   0   0   0   0   0   0   0   0   0   0   0   0  0.40 0.01
    6 R    -2   6   0  -2  -4   1   0  -2   0  -3  -2   2  -1  -3  -2  -1  -1  -3  -2  -3    0 100   0   0   0   0   0   0   0   0   0   0   0   0   0   0   0   0   0   0  0.74 0.00
    7 T     0  -1   0  -1  -1  -1  -1  -2  -2  -1  -1  -1  -1  -2  -1   1   5  -3  -2   0    0   0   0   0   0   0   0   0   0   0   0   0   0   0   0   0 100   0   0   0  0.46 0.00
    8 H    -2   0   1  -1  -3   0   0  -2   8  -3  -3  -1  -2  -1  -2  -1  -2  -2   2  -3    0   0   0   0   0   0   0   0 100   0   0   0   0   0   0   0   0   0   0   0  0.85 0.00
    9 H    -2   0   1  -1  -3   0   0  -2   8  -3  -3  -1  -2  -1  -2  -1  -2  -2   2  -3    0   0   0   0   0   0   0   0 100   0   0   0   0   0   0   0   0   0   0   0  0.85 0.00
   10 D    -2  -2   1   6  -4   0   2  -1  -1  -3  -4  -1  -3  -4  -2   0  -1  -4  -3  -3    0   0   0 100   0   0   0   0   0   0   0   0   0   0   0   0   0   0   0   0  0.92 0.00
   11 I    -1  -3  -3  -3  -1  -3  -3  -4  -3   4   2  -3   1   0  -3  -2  -1  -3  -1   3    0   0   0   0   0   0   0   0   0 100   0   0   0   0   0   0   0   0   0   0  0.38 0.00
   12 T     0  -2  -1  -2  -1  -1  -2  -2  -2   2   0  -1   0  -1  -2   1   4  -3  -2   1    0   0   0   0   0   0   0   0   0  33   0   0   0   0   0   0  67   0   0   0  0.27 0.01
   13 S     0  -1   0  -1  -1  -1  -1   3  -2  -2  -2  -1  -2  -3  -1   2   3  -3  -2  -1    0   0   0   0   0   0   0  33   0   0   0   0   0   0   0  33  34   0   0   0  0.38 0.01
   14 R    -2   6   0  -2  -4   1   0  -2   0  -3  -2   2  -1  -3  -2  -1  -1  -3  -2  -3    0 100   0   0   0   0   0   0   0   0   0   0   0   0   0   0   0   0   0   0  0.74 0.00
   15 D    -2  -2   1   6  -4   0   2  -1  -1  -3  -4  -1  -3  -4  -2   0  -1  -4  -3  -3    0   0   0 100   0   0   0   0   0   0   0   0   0   0   0   0   0   0   0   0  0.92 0.00
   16 Q    -1   1   0   0  -3   6   2  -2   0  -3  -2   1   0  -3  -1   0  -1  -2  -2  -2    0   0   0   0   0 100   0   0   0   0   0   0   0   0   0   0   0   0   0   0  0.65 0.00
   17 Y    -2  -2  -2  -3  -3  -2  -2  -3   2  -1  -1  -2  -1   3  -3  -2  -2   2   7  -1    0   0   0   0   0   0   0   0   0   0   0   0   0   0   0   0   0   0 100   0  0.85 0.00
   18 P    -1  -2  -2  -2  -3  -1  -1  -2  -2  -3  -3  -1  -3  -4   8  -1  -1  -4  -3  -2    0   0   0   0   0   0   0   0   0   0   0   0   0   0 100   0   0   0   0   0  2.04 0.00
   19 R    -1   4   0  -1  -1   1   0  -1   0  -1  -1   1  -1  -1  -1   0   0  -1  -1  -1    4  51   2   3   1   2   3   4   1   3   5   3   1   2   3   4   3   1   2   3  0.23 0.01
   20 D    -1  -1   1   4  -2   0   1  -1  -1  -1  -1   0  -1  -1   0   0   0  -1  -1  -1    4   3   2  51   1   2   3   4   1   3   5   3   1   2   3   4   3   1   2   3  0.29 0.01
   21 R    -1   4   0  -1  -1   1   0  -1   0  -1  -1   1  -1  -1  -1   0   0  -1  -1  -1    4  51   2   3   1   2   3   4   1   3   5   3   1   2   3   4   3   1   2   3  0.23 0.01
   22 D    -1  -1   1   4  -2   0   1  -1  -1  -1  -1   0  -1  -1   0   0   0  -1  -1  -1    4   3   2  51   1   2   3   4   1   3   5   3   1   2   3   4   3   1   2   3  0.29 0.01
   23 Q     0   1   0   0  -1   4   1  -1   0  -1  -1   1   0  -1   0   0   0  -1  -1  -1    4   3   2   3   1  50   3   4   1   3   5   3   1   2   3   4   3   1   2   3  0.22 0.01
   24 Y    -1  -1  -1  -1  -1   0  -1  -1   1  -1  -1  -1  -1   2  -1  -1  -1   1   5  -1    4   3   2   3   1   2   3   4   1   3   5   3   1   2   3   4   3   1  50   3  0.24 0.01
   25 S     1   0   0   0  -1   0   0   0   0  -1  -1   0  -1  -1   0   3   1  -1  -1  -1    4   3   2   3   1   2   3   4   1   3   5   3   1   2   3  52   3   1   2   3  0.16 0.01
   26 M    -1  -2  -3  -3  -1  -1  -2  -3  -2   1   3  -2   5   0  -3  -2  -1  -2  -1   1    0   0   0   0   0   0   0   0   0   0  19   0  81   0   0   0   0   0   0   0  0.34 0.00
   27 I     1  -2  -3  -3  -1  -2  -2  -2  -3   3   1  -2   2  -1  -2  -1  -1  -2  -1   2   28   0   0   0   0   0   0   0   0  54   0   0  18   0   0   0   0   0   0   0  0.19 0.00
   28 G     0  -2   0   3  -2  -1   0   4  -2  -3  -4  -1  -3  -3  -2   1  -1  -3  -3  -3    0   0   0  28   0   0   0  53   0   0   0   0   0   0   0  19   0   0   0   0  0.55 0.00
   29 R    -1   5   0  -1  -3   3   1  -2   0  -3  -2   2  -1  -3  -2  -1  -1  -3  -2  -3    0  72   0   0   0  28   0   0   0   0   0   0   0   0   0   0   0   0   0   0  0.61 0.00
   30 D    -1  -2   1   5  -3   0   1  -1  -1  -2  -3  -1  -2  -3  -1   0   2  -4  -3  -2    0   0   0  72   0   0   0   0   0   0   0   0   0   0   0   0  28   0   0   0  0.61 0.00
   31 R    -2   6   0  -2  -4   1   0  -2   0  -3  -2   2  -1  -3  -2  -1  -1  -3  -2  -3    0 100   0   0   0   0   0   0   0   0   0   0   0   0   0   0   0   0   0   0  0.75 0.00
   32 D    -1  -2   1   5  -3   0   1  -1  -1  -2  -3  -1  -2  -3  -1   0   2  -4  -3  -2    0   0   0  72   0   0   0   0   0   0   0   0   0   0   0   0  28   0   0   0  0.61 0.00
   33 Q    -1   1   0  -1  -3   4   1  -2   5  -3  -3   2  -1  -3  -2   0  -1  -2   0  -3    0   0   0   0   0  55   0   0  28   0   0  17   0   0   0   0   0   0   0   0  0.48 0.00
   34 Y    -2  -1  -1  -3  -3  -1  -1  -3   5  -2  -2  -2  -1   2  -3  -2  -2   2   6  -2    0   0   0   0   0   0   0   0  28   0   0   0   0   0   0   0   0   0  72   0  0.69 0.00
   35 S     0   0   0   0  -2   2   3   2  -1  -3  -3   0  -2  -3  -1   2   0  -3  -2  -2    0   0   0   0   0  18  28  19   0   0   0   0   0   0   0  35   0   0   0   0  0.35 0.00
   36 M    -1  -1  -2  -3  -2   0  -2  -3  -2   1   2  -1   6   0  -3  -2  -1  -2  -1   1    0   0   0   0   0   0   0   0   0   0   0   0 100   0   0   0   0   0   0   0  0.35 0.01
   37 M    -1  -2  -2  -2  -1  -2  -2  -3  -2   3   1  -2   2   0  -2   0   0  -3  -1   2    0   0   0   0   0   0   0   0   0  65   0   0  17   0   0  18   0   0   0   0  0.20 0.00
   38 G     0  -2   0  -1  -2  -1  -2   5  -2  -3  -3  -1  -2  -3  -2   2   0  -3  -3  -3    0   0   0   0   0   0   0  72   0   0   0   0   0   0   0  28   0   0   0   0  0.71 0.00
   39 R    -2   6   0  -2  -4   1   0  -2   0  -3  -2   2  -1  -3  -2  -1  -1  -3  -2  -3    0 100   0   0   0   0   0   0   0   0   0   0   0   0   0   0   0   0   0   0  0.75 0.00
   40 D    -2  -1   1   6  -3   0   1  -1  -1  -3  -3  -1  -3  -3  -1   0  -1  -3  -3  -3    1   1   1  88   0   1   1   1   0   1   1   1   0   0   1   1   1   0   0   1  0.76 0.01
   41 R     0   4   0  -1  -2   1   0  -1   0  -2  -2   1  -1  -2  -1   1   0  -2  -1  -2    2  56   1   1   1   1   2   2   1   1   2   2   1   1   1  21   2   0   1   2  0.32 0.00
   42 D     0  -1   1   3  -1   0   0  -1  -1  -2  -2   0  -1  -2  -1   2   2  -2  -1  -1    2   1   1  26   1   1   2   2   1   1   2   2   1   1   1  32  21   0   1   2  0.23 0.00
   43 Q    -1   3   0  -1  -3   4   1  -2   0  -3  -2   1  -1  -3  -1   0  -1  -2  -1  -2    1  31   1   1   0  58   1   1   0   1   1   1   0   0   1   1   1   0   0   1  0.46 0.01
   44 Y    -1  -1  -1  -2  -2  -1  -1  -2   1  -1  -1  -1  -1   2  -1  -1  -1   2   6  -1    2   2   1   2   1   1   2   2   1   2   3   2   1   1   2   2   2   0  69   2  0.46 0.01
   45 N    -1  -1   4   4  -2   0   1  -1   0  -2  -2   0  -2  -2  -1   0   0  -2  -2  -2    2   2  39  32   1   1   2   2   1   2   3   2   1   1   2   2   2   0   1   2  0.35 0.00
   46 M    -1  -1  -1  -2  -1   2   0  -2  -1   1   2  -1   3  -1  -1  -1   0  -1  -1   1    2   1   1   1   0  19   1   2   1   1  17   1  29   1   1   2   1   0   1  16  0.11 0.01
   47 Y    -1  -1  -1  -1  -2   2   0  -2   1  -1  -1  -1  -1   2  -2   0  -1   1   5  -1    2   1   1   1   0  17   1   2   0   1   2   1   0   1   1  11   1   0  55   1  0.37 0.02
   48 G     0  -1  -1  -1  -2  -1  -1   3  -2  -2  -2   1  -2  -3   4   0   1  -2  -2  -2    1   1   1   1   0   1   1  35   0   1   1  15   0   0  24   1  17   0   0   1  0.45 0.01
   49 R    -1   2   0   0  -3   3   2  -2   3  -3  -3   1  -1  -3  -2   1   0  -3  -1  -2    0  16   0   0   0  33  13   0  16   0   0   0   0   0   0  22   0   0   0   0  0.38 0.02
   50 D     1  -1   2   3  -2   0   0  -1  -1  -3  -3   0  -2  -3  -1   3   1  -3  -2  -2   13   0   9  25   0   0   0   0   0   0   0   0   0   0   0  54   0   0   0   0  0.37 0.02
   51 Y    -1  -1  -1  -2  -3   1  -1   3   3  -3  -2  -1  -2   0  -2  -1  -2   0   4  -2    0   0   0   0   0  16   0  38  13   0   0   0   0   0   0   0   0   0  34   0  0.41 0.02
   52 S     0  -2  -1  -1  -2  -1  -1  -1  -2  -3  -3  -1  -2  -3   6   3   0  -3  -3  -2    0   0   0   0   0   0   0   0   0   0   0   0   0   0  50  50   0   0   0   0  0.95 0.03
   53 K     0   1   0  -1  -2   1   0  -1  -1  -2  -2   3  -1  -3  -1   2   2  -3  -2  -2    0   0   0   0   0   0   0   0   0   0   0  46   0   0   0  38  16   0   0   0  0.33 0.02
   54 S     2  -1   0  -1  -1   0   0   0  -1  -2  -3   0  -2  -3  -1   4   1  -3  -2  -2   13   0   0   0   0   0   0   0   0   0   0   0   0   0   0  87   0   0   0   0  0.46 0.03
   55 R    -1   4   2  -1  -3   1   0  -2  -1  -3  -2   2  -1  -3  -2   0   2  -3  -2  -2    0  49  12   0   0   0   0   0   0   0   0  18   0   0   0   0  21   0   0   0  0.43 0.02
   56 Q    -1   0   2   0  -3   4   2  -2   0  -3  -3   1  -1  -3  -2   1   1  -3  -2  -2    0   0  13   0   0  53  11   0   0   0   0   0   0   0   0  13  10   0   0   0  0.45 0.04
   57 I    -1  -3  -3  -4  -1  -2  -3  -4  -3   3   2  -3   2  -1  -3  -2  -1  -3  -1   3    0   0   0   0   0   0   0   0   0  30  10   0   7   0   0   0   0   0   0  53  0.36 0.03
   58 A     2  -2  -3  -3  -1  -2  -2  -2  -3   2   2  -2   1  -1  -2  -1  -1  -3  -2   2   32   0   0   0   0   0   0   0   0  24  29   0   0   0   0   0   0   0   0  15  0.21 0.02
   59 K     2   1  -1  -1  -2   0   0  -1  -1  -2  -2   4  -1  -3  -1   0   1  -3  -2  -1   24   1   0   1   0   0   1   1   0   1   1  55   0   0   1   1  13   0   0   1  0.29 0.03
   60 A     2  -2  -2  -2  -1  -2  -2  -2  -2   2   1  -2   0  -1  -2   1   1  -3  -2   2   25   0   0   0   0   0   0   0   0  20  20   0   0   0   0  12   8   0   0  15  0.15 0.01
   61 V     0  -3  -3  -3  -1  -3  -3  -3  -3   4   1  -2   1   1  -3  -2   0  -2  -1   3   10   0   0   0   0   0   0   0   0  52   0   0   0   7   0   0   5   0   0  26  0.27 0.03
   62 T     1  -2  -2  -2  -1  -2  -2  -2  -3   2   1  -2   0  -1  -2   0   3  -3  -2   2   18   0   0   0   0   0   0   0   0  22  12   0   0   0   0   0  33   0   0  15  0.19 0.02
   63 A     4  -2  -2  -2  -1  -1  -2   3  -2  -1   0  -1  -1  -2  -1   0  -1  -3  -2  -1   67   0   0   0   0   0   0  23   0   0  10   0   0   0   0   0   0   0   0   0  0.37 0.04
   64 V     1  -2  -1  -2  -1  -1  -2  -2  -2   1   1  -2   0  -1  -2   1   1  -3  -2   3    8   0   0   0   0   0   0   0   0   0  10   0   0   0   0  22  12   0   0  48  0.18 0.02
   65 T    -1  -2  -1  -2  -2   1  -1  -2  -2   0  -1  -1  -1  -3   5   0   3  -3  -2   1    0   0   0   0   0  12   0   0   0   0   0   0   0   0  33   0  33   0   0  22  0.52 0.03
   66 A     3  -2  -2  -2  -1  -1  -2  -1  -2   1  -1  -1   0  -2  -2   0   1  -3  -2   2   55   0   0   0   0   0   0   0   0   7   0   0   0   0   0   0  12   0   0  26  0.24 0.03
   67 G     1  -2   0  -1  -2  -1  -2   5  -2  -3  -3  -1  -2  -3  -2   2  -1  -3  -3  -3   12   0   0   0   0   0   0  66   0   0   0   0   0   0   0  22   0   0   0   0  0.69 0.03
   68 G     0  -2  -1   0  -2  -2  -2   5  -2  -1   0  -2  -1  -2  -2   0   0  -3  -3   0    0   0   0   5   0   0   0  62   0   0  12   0   0   0   0   0  12   0   0  10  0.46 0.03
   69 S     0  -2  -1  -1  -1  -1  -1  -2  -2   1  -1  -1   0   1  -2   3   2  -2  -1   1    0   0   0   0   0   0   0   0   0  19   0   0   0  11   0  45  14   0   0  11  0.17 0.02
   70 L    -2  -3  -3  -4   3  -2  -3  -4  -3   1   3  -3   3   3  -3  -2  -1  -1   0   0    0   0   0   0   9   0   0   0   0   0  59   0  14  17   0   0   0   0   0   0  0.37 0.03
   71 L    -2  -3  -4  -4  -2  -2  -3  -4  -3   2   4  -3   2   0  -3  -3  -1  -2  -1   1    0   0   0   0   0   0   0   0   0   0  92   0   0   0   0   0   0   0   0   8  0.51 0.04
   72 V     1  -2  -2  -2  -1  -2  -2   3  -3   1   0  -2   0  -2  -2   0   1  -3  -2   2   15   0   0   0   0   0   0  29   0   0  10   0   0   0   0   0  12   0   0  35  0.19 0.02
   73 L    -2  -3  -4  -4  -2  -3  -3  -4  -3   2   3  -3   1   4  -3  -3  -2  -1   1   1    0   0   0   0   0   0   0   0   0  16  56   0   0  28   0   0   0   0   0   0  0.41 0.03
   74 S     3  -1   0  -1  -1  -1  -1   1  -1  -2  -2  -1  -2  -3  -1   3   1  -3  -2  -1   42   0   0   0   0   0   0   6   0   0   0   0   0   0   0  52   0   0   0   0  0.39 0.03
   75 S     1  -2  -1  -2   4  -2  -2   5  -2  -3  -3  -2  -2  -3  -2   1  -1  -3  -3  -2    8   0   0   0  15   0   0  62   0   0   0   0   0   0   0  16   0   0   0   0  0.64 0.03
   76 L    -1  -3  -4  -4  -1  -2  -3  -4  -3   2   3  -3   2   0  -3  -2  -1  -2  -1   3    0   0   0   0   0   0   0   0   0   0  62   0   0   0   0   0   0   0   0  38  0.39 0.03
   77 T     0  -2  -1  -1  -1  -1  -1  -2  -2   1  -1  -1  -1  -2  -1   2   4  -3  -2   0    7   0   0   0   0   0   0   0   0  14   0   0   0   0   0  10  69   0   0   0  0.36 0.04
   78 L    -2  -3  -4  -4  -2  -3  -3  -4  -3   1   4  -3   2   2  -3  -3  -2  -2  -1   1    0   0   0   0   0   0   0   0   0   0  92   0   0   8   0   0   0   0   0   0  0.51 0.04
   79 V     3  -2  -2  -2  -1  -1  -1   1  -2   0  -1  -1  -1  -2  -1   1   0  -3  -2   1   62   0   0   0   0   0   0   7   0   8   0   0   0   0   0   7   0   0   0  16  0.26 0.03
   80 G     0  -3  -1  -2   1  -2  -3   6  -3  -3  -3  -2  -3  -3  -3  -1  -2  -3  -3  -2    0   0   0   0   6   0   0  88   0   0   0   0   0   0   0   0   0   0   0   7  0.92 0.04
   81 T     0  -1   0  -1  -1  -1  -1  -1  -2  -2  -2  -1  -1  -3  -1   3   4  -3  -2  -1    0   0   0   0   0   0   0   0   0   0   0   0   0   0   0  50  50   0   0   0  0.47 0.04
   82 V     2  -2  -3  -3  -1  -2  -2  -2  -3   2   0  -2   0  -1  -2  -1   0  -3  -2   4   30   0   0   0   0   0   0   0   0   0   4   0   0   0   0   0   0   0   0  65  0.30 0.04
   83 I     1  -3  -3  -3  -1  -3  -3  -3  -3   4   1  -3   1  -1  -3  -2  -1  -3  -2   3   14   0   0   0   0   0   0   0   0  66   0   0   0   0   0   0   0   0   0  20  0.36 0.04
   84 A     4  -2  -1  -2  -1  -1  -2   4  -2  -2  -2  -1  -2  -3  -2   0  -1  -3  -3  -1   62   0   0   0   0   0   0  38   0   0   0   0   0   0   0   0   0   0   0   0  0.53 0.04
   85 L    -2  -3  -4  -4  -2  -3  -3  -4  -3   1   4  -3   2   2  -3  -3  -2  -2  -1   0    0   0   0   0   0   0   0   0   0   0  91   0   0   9   0   0   0   0   0   0  0.54 0.05
   86 T     1  -2  -2  -2   1  -1  -2  -2  -2   2   1  -2   2  -1  -2   0   2  -3  -2   1   19   0   0   0   5   0   0   0   0  21   5   0  17   0   0   0  29   0   0   6  0.17 0.03
   87 V     0  -3  -3  -3  -1  -2  -3  -3  -3   2   2  -2   1  -1  -3  -2  -1  -3  -1   4    7   0   0   0   0   0   0   0   0   5  20   0   4   0   0   0   0   0   0  64  0.33 0.03
   88 A     4  -1  -1  -1  -1  -1  -1   0  -2  -2  -2  -1  -1  -3  -1   3   1  -3  -2  -1   62   0   0   0   0   0   0   0   0   0   0   0   0   0   0  31   7   0   0   0  0.40 0.04
   89 T    -1  -2  -1  -2  -1  -1  -2  -2  -2   0   0  -1   1   1  -2   1   4  -2  -1   1    0   0   0   0   0   0   0   0   0   4   4   0   7   8   0   0  71   0   0   6  0.36 0.05
   90 P    -1  -3  -3  -2  -3  -2  -2  -3  -3  -3  -3  -2  -3  -4   8  -1  -2  -4  -4  -3    0   0   0   0   0   0   0   0   0   0   0   0   0   0 100   0   0   0   0   0  2.23 0.08
   91 L    -1  -3  -4  -4  -1  -3  -3  -4  -3   2   4  -3   2   0  -3  -3  -1  -2  -1   2    0   0   0   0   0   0   0   0   0   0  79   0   0   0   0   0   0   0   0  21  0.47 0.04
   92 L    -2  -3  -4  -4  -2  -3  -4  -4  -2   0   2  -3   1   6  -4  -3  -2   0   2  -1    0   0   0   0   0   0   0   0   0   0  32   0   0  68   0   0   0   0   0   0  0.66 0.05
   93 V    -1  -3  -3  -4  -1  -3  -3  -4  -3   3   2  -3   1  -1  -3  -2  -1  -3  -1   3    0   0   0   0   0   0   0   0   0  24  26   0   0   0   0   0   0   0   0  50  0.38 0.03
   94 I    -2  -3  -4  -4  -2  -3  -3  -4  -3   4   2  -3   2   0  -3  -3  -1  -3  -2   2    0   0   0   0   0   0   0   0   0  70  17   0   5   0   0   0   0   0   0   7  0.44 0.04
   95 F    -3  -3  -4  -4  -3  -4  -4  -4  -2  -1   0  -4   0   7  -4  -3  -3   1   3  -1    0   0   0   0   0   0   0   0   0   0   0   0   0 100   0   0   0   0   0   0  1.05 0.07
   96 S     1  -1   0  -1  -1   0  -1  -1  -1  -3  -3  -1  -2  -3  -1   5   1  -3  -2  -2    0   0   0   0   0   0   0   0   0   0   0   0   0   0   0 100   0   0   0   0  0.63 0.07
   97 P    -1  -3  -3  -2  -3  -2  -2  -3  -3  -3  -3  -2  -3  -4   8  -1  -2  -4  -4  -3    0   0   0   0   0   0   0   0   0   0   0   0   0   0 100   0   0   0   0   0  2.23 0.08
   98 I    -1  -3  -3  -4  -1  -3  -3  -4  -4   4   1  -3   1  -1  -3  -2  -1  -3  -2   4    0   0   0   0   0   0   0   0   0  38   0   0   0   0   0   0   0   0   0  62  0.45 0.04
   99 L    -2  -3  -4  -4  -2  -3  -3  -4  -3   3   4  -3   2   0  -3  -3  -1  -2  -1   1    0   0   0   0   0   0   0   0   0  25  75   0   0   0   0   0   0   0   0   0  0.49 0.04
  100 V    -1  -3  -3  -4  -1  -3  -3  -4  -4   2   1  -3   1  -1  -3  -2   0  -3  -2   5    0   0   0   0   0   0   0   0   0   0   7   0   0   0   0   0   0   0   0  93  0.49 0.05
  101 P    -1  -3  -3  -2  -3  -2  -2  -3  -3  -3  -3  -2  -3  -4   8  -1  -2  -4  -4  -3    0   0   0   0   0   0   0   0   0   0   0   0   0   0 100   0   0   0   0   0  2.23 0.08
  102 A     5  -2  -2  -2  -1  -1  -1   0  -2  -2  -2  -1  -1  -3  -1   1   0  -3  -2  -1  100   0   0   0   0   0   0   0   0   0   0   0   0   0   0   0   0   0   0   0  0.57 0.06
  103 L     3  -2  -2  -2  -1  -1  -2   0  -2   0   1  -1   0  -2  -2   0   1  -3  -2   1   45   0   0   0   0   0   0   7   0   7  16   0   0   0   0   0  17   0   0   7  0.18 0.02
  104 I     0  -3  -3  -3  -1  -3  -3  -3  -3   4   2  -3   1   1  -3  -2  -1  -2  -1   2    7   0   0   0   0   0   0   0   0  63  15   0   0   8   0   0   0   0   0   7  0.34 0.03
  105 T     3  -2  -1  -2  -1  -1  -1  -1  -2  -1  -1  -1  -1  -2  -1   1   3  -3  -2   0   39   0   0   0   0   0   0   0   0   0   4   0   0   0   0   5  44   0   0   8  0.30 0.03
  106 V    -1  -2  -2  -3  -1  -2  -2  -3  -3   3   1  -2   1  -1  -2  -1   2  -3  -2   3    0   0   0   0   0   0   0   0   0  35   7   0   5   0   0   0  28   0   0  24  0.26 0.03
  107 A     2  -2  -1  -2  -1  -2  -2   4  -2  -2  -2  -1  -2  -1  -2   0   1  -3  -2  -1   35   0   0   0   0   0   0  39   0   0   0   0   0   4   0   0  16   0   0   5  0.37 0.03
  108 M    -2  -2  -4  -4  -2  -2  -3  -4  -3   2   4  -3   3   0  -3  -3  -1  -2  -1   1    0   0   0   0   0   0   0   0   0   0  78   0  11   0   0   0   0   0   0  12  0.47 0.04
  109 L     2  -2  -3  -3  -1  -2  -2  -2  -2   1   2  -2   2  -1  -2  -1  -1  -2  -2   1   40   0   0   0   0   0   0   0   0   8  40   0  12   0   0   0   0   0   0   0  0.23 0.03
  110 I     2  -2  -2  -2  -1  -1  -2  -2  -2   2   0  -2   2  -1  -2   0   1  -3  -2   2   28   0   0   0   0   0   0   0   0  15   0   0  12   0   0   5  12   0   0  28  0.17 0.02
  111 T     2  -2  -1  -2  -1  -1  -1  -1  -2  -1  -1  -1   0  -2  -1   1   4  -3  -2   0   31   0   0   0   0   0   0   0   0   0   0   0   5   0   0   5  59   0   0   0  0.38 0.04
  112 G     1  -3  -1  -2  -3  -2  -2   6  -2  -4  -4  -2  -3  -4  -2  -1  -2  -3  -3  -3    6   0   0   0   0   0   0  94   0   0   0   0   0   0   0   0   0   0   0   0  1.11 0.06
  113 F    -2  -3  -4  -4  -2  -3  -4  -4  -2   1   2  -3   1   6  -4  -3  -2   0   2   0    0   0   0   0   0   0   0   0   0  10  23   0   0  67   0   0   0   0   0   0  0.61 0.05
  114 L     0  -2  -3  -3  -1  -2  -3   0  -3   1   3  -2   2   0  -3  -1   0  -2  -2   1    7   0   0   0   0   0   0  11   0   0  55   0   9   0   0   0   5   0   0  12  0.23 0.02
  115 S     3  -1  -1  -1  -1  -1  -1  -1  -2  -2  -2  -1  -1  -3  -1   2   2  -3  -2  -1   50   0   0   0   0   0   0   0   0   0   0   0   0   0   0  26  24   0   0   0  0.37 0.04
  116 S     1  -1   0  -1  -1  -1  -1   2  -2  -3  -3  -1  -2  -3  -1   4   1  -3  -2  -2    8   0   0   0   0   0   0  19   0   0   0   0   0   0   0  73   0   0   0   0  0.50 0.06
  117 G     0  -3  -1  -2  -3  -2  -2   6  -2  -4  -4  -2  -3  -3  -2   0   1  -3  -3  -3    0   0   0   0   0   0   0  87   0   0   0   0   0   0   0   0  13   0   0   0  1.00 0.06
  118 G     2  -2  -1  -2  -2  -1  -2   4  -2  -2  -1  -1   0  -2  -2   1   1  -3  -2  -1   27   0   0   0   0   0   0  37   0   0   9   0   4   0   0   6  17   0   0   0  0.32 0.03
  119 F    -1  -3  -3  -4  -2  -3  -3  -3  -2   1   2  -3   1   5  -3  -2  -2   0   2   0    8   0   0   0   0   0   0   0   0   8  30   0   0  54   0   0   0   0   0   0  0.47 0.05
  120 G     0  -3  -1  -2  -3  -2  -3   6  -3  -4  -4  -2  -3  -4  -3  -1  -2  -3  -4  -4    0   0   0   0   0   0   0 100   0   0   0   0   0   0   0   0   0   0   0   0  1.26 0.07
  121 I     1  -3  -3  -3  -1  -2  -3  -3  -3   2   3  -2   1   0  -3  -2  -1  -2  -1   2   14   0   0   0   0   0   0   0   0  16  47   0   0   0   0   0   0   0   0  22  0.30 0.03
  122 A     2  -2  -1  -2  -1  -1  -1   0  -2  -1  -2  -1  -1  -3  -1   1   4  -3  -2  -1   32   0   0   0   0   0   0   5   0   0   0   0   0   0   0   0  63   0   0   0  0.43 0.06
  123 A     3  -2  -1  -2  -2  -2  -2   4  -2  -3  -3  -1  -2  -3  -2   0  -1  -3  -3  -2   49   0   0   0   0   0   0  51   0   0   0   0   0   0   0   0   0   0   0   0  0.62 0.05
  124 I    -1  -3  -4  -4  -1  -2  -3  -4  -3   3   3  -3   2   0  -3  -3  -1  -2  -1   2    0   0   0   0   0   0   0   0   0  23  54   0   6   0   0   0   0   0   0  17  0.40 0.04
  125 T     0  -1   0  -1  -1  -1  -1   2  -2  -2  -3  -1  -2  -3  -1   3   3  -3  -2  -2    0   0   0   0   0   0   0  19   0   0   0   0   0   0   0  52  29   0   0   0  0.43 0.05
  126 V     0  -2  -1  -2  -1  -1  -2  -2  -2   1   1  -1   0  -1  -2   2   0  -3  -2   2    4   0   0   0   0   0   0   0   0   8  19   0   0   0   0  41   0   0   0  28  0.18 0.03
  127 F    -2  -3  -3  -4  -2  -3  -3  -4  -3   2   2  -3   2   4  -3  -3  -1  -1   1   1    0   0   0   0   0   0   0   0   0  25  28   0   8  31   0   0   0   0   0   9  0.36 0.03
  128 S     0  -1   0  -1  -1  -1  -1  -1  -2  -1   0  -1   3  -2  -2   4   1  -3  -2  -1    0   0   0   0   0   0   0   0   0   0   8   0  19   0   0  67   5   0   0   0  0.34 0.06
  129 W    -3   0  -3  -4  -3  -2  -3  -1  -2  -3  -2  -3  -2   2  -4  -3  -3  11   3  -3    0   6   0   0   0   0   0   7   0   0   0   0   0   5   0   0   0  70  12   0  1.81 0.10
  130 I    -1  -3  -3  -4  -1  -2  -3  -4  -3   3   3  -3   3   0  -3  -2  -1  -2  -1   3    0   0   0   0   0   0   0   0   0  20  41   0  11   0   0   0   0   0   0  28  0.37 0.03
  131 Y    -1  -2  -3  -4  -2  -2  -3  -3   0   1   2  -2   1   3  -3  -2  -1   0   5   1    5   0   0   0   0   0   0   0   0   6  23   0   4   8   0   0   0   0  40  13  0.37 0.04
  132 K    -1   3   4   0  -3   1   0  -2   0  -3  -3   4  -2  -3  -2   0  -1  -4  -2  -3    0  18  34   0   0   0   0   0   0   0   0  48   0   0   0   0   0   0   0   0  0.53 0.05
  133 Y    -2   2  -1  -2  -3   0  -1  -3   4  -2  -2  -1  -1   1  -3  -1   1   0   6  -2    0  18   0   0   0   4   0   0  15   0   0   0   0   0   0   0  12   0  51   0  0.53 0.06
  134 A     2   0  -2  -3  -1  -1  -2  -2  -2   1   2  -1   1   0   1   0   0  -2  -1   1   35   6   0   0   0   0   0   0   0  11  24   0   4   4   6   0   4   0   0   4  0.13 0.02
  135 T     1   2  -1  -2  -2   0  -1   1  -1  -2  -1   0   0  -2  -2   0   3  -3  -2  -1   14  22   0   0   0   0   0  14   0   0   0   0   7   0   0   0  40   0   0   0  0.23 0.03
  136 G     0   0  -1  -1  -3  -1  -1   5  -2  -3  -3   0  -3  -3  -2  -1  -2  -3  -3  -3    1   5   0   0   0   0   4  77   0   0   1   8   0   0   0   1   0   0   0   1  0.76 0.05
  137 E     0   1   0   0  -2   1   2  -2  -1  -1  -2   2  -1  -3  -1   1   2  -3  -2   0    0   5   0   0   0   5  22   0   0   0   0  26   0   0   0   9  18   0   0  13  0.22 0.02
  138 H    -1   2   0  -1  -3   2   1  -2   5  -2  -2   1  -1  -2  -2   0  -1  -2   0  -1    1  11   0   1   0  15  10   1  31   0   1  10   0   0   0  11   1   0   0   6  0.31 0.03
  139 P     0   0  -1   1  -3  -1   0  -2  -2  -1  -2  -1  -2  -3   6  -1  -1  -3  -3  -2    7   5   0  11   0   0   6   1   0   5   1   1   0   0  60   1   1   0   0   1  1.03 0.05
  140 Q     0   1  -1  -1  -2   2   1  -2  -1  -2  -2   1  -1  -3   4   0   2  -2  -2  -1    5   6   1   1   0  14   6   1   0   1   1  10   0   1  27   1  22   0   0   1  0.42 0.02
  141 G     1  -2  -1  -2  -2  -2  -2   4  -2   0  -1  -1  -1  -2  -2   1  -1  -3  -2   1   16   0   0   0   0   0   0  46   0   7   0   0   0   0   0  11   0   0   0  17  0.34 0.02
  142 S     1  -2  -1  -1  -2  -1   0  -1  -2  -2  -1  -1  -1  -3   4   2   1  -3  -2  -1   20   0   0   0   0   0   7   0   0   0   8   0   0   0  30  22  13   0   0   0  0.46 0.03
  143 D    -2  -1   2   5  -4   0   4  -2  -1  -4  -4   0  -3  -4  -2   0  -1  -4  -3  -3    0   0   7  57   0   0  36   0   0   0   0   0   0   0   0   0   0   0   0   0  0.76 0.05
  144 K    -1   1  -1  -1  -3   5   2  -2   0  -2  -1   2  -1  -2  -2  -1  -1  -2   1  -2    0   0   0   0   0  51  12   0   0   0   7  22   0   0   0   0   0   0   8   0  0.42 0.04
  145 L     0  -2  -4  -4  -1  -2  -3  -3  -3   2   4  -3   2   0  -3  -2  -1  -2  -1   1    7   0   0   0   0   0   0   0   0   6  79   0   0   0   0   0   0   0   0   8  0.41 0.04
  146 D    -1  -1   1   5  -4   0   3  -2  -1  -3  -4   1  -3  -4  -2   0  -1  -4  -3  -3    7   0   0  68   0   0  17   0   0   0   0   8   0   0   0   0   0   0   0   0  0.71 0.05
  147 S     1  -1   1  -1  -2   1   1   1   3  -2  -2   0  -1  -1  -2   1   0  -1   3  -2   15   0   6   0   0   6  13   9  15   0   1   0   0   0   0  16   0   0  17   0  0.19 0.02
  148 A     4  -2  -1   0  -1  -1  -1   0  -2  -2  -2  -1  -1  -2  -1   1   1  -3  -2  -1   79   0   0   7   0   0   0   0   0   0   1   0   0   0   0   0   8   0   0   0  0.36 0.04
  149 R    -1   4   0  -1  -3   1   0  -2  -1  -3  -2   4  -1  -3  -1  -1  -1  -2  -2  -2    1  35   1   1   0   1   1   1   0   1   1  52   0   1   1   1   1   0   0   1  0.48 0.03
  150 M     1   2  -1  -1  -2   0  -1  -1   4  -1   0   0   3  -1  -1   0  -1  -2   0  -1   23  18   1   1   0   1   1   2  19   1   2   1  22   1   1   2   1   0   1   1  0.14 0.02
  151 K    -1   4   0  -1  -3   1   0  -2   2  -2  -2   3  -1  -2  -1   0  -1  -2  -1  -2    2  38   1   1   0   1   1   2   8   1   2  36   0   1   1   2   1   0   1   1  0.38 0.02
  152 L    -1   0  -2  -3  -1  -1  -2  -3  -2   1   3  -1   3   0  -2  -2  -1  -2  -1   1    1   8   1   1   0   1   1   1   0   1  49   1  17   1   1   1   1   0   0  14  0.21 0.02
  153 G     2  -2  -1   0  -1  -1  -1   4  -2  -2  -2  -1  -2  -2  -1   0  -1  -2  -2  -1   38   1   1   7   0   1   1  43   0   1   1   1   0   1   1   1   1   0   0   1  0.39 0.02
  154 S     0   0   0   0  -1   2   0   1   2  -2  -2   0  -1  -2  -1   2   0  -1  -1  -1    3   2   2   2   1  16   2  12   8   2   3   2   1   1   2  36   2   0   1   2  0.17 0.01
  155 K     0   2   0  -1  -2   1   0  -1  -1  -2  -2   4  -1  -2  -1   0   0  -2  -1  -1   10   9   2   2   1   2   2   3   1   2   3  53   1   1   2   3   2   0   1   2  0.24 0.02
  156 A     2  -1  -1  -1  -1   0  -1   1  -1   0  -1   0  -1  -1  -1   0   1  -2  -1   1   35   2   2   2   1   2   2  10   1   2   3   9   1   1   2   3  10   0   1  13  0.09 0.01
  157 Q    -1   3   0  -1  -2   3   1  -1   0  -2  -2   2  -1  -2  -1   0  -1  -2  -1  -2    2  28   1   2   1  31   2   2   1   1   3  17   1   1   1   2   2   0   1   2  0.33 0.02
  158 D    -1   2   0   4  -2   0   2  -1  -1  -2  -2   0  -2  -2  -1   0  -1  -2  -2  -2    2  15   1  44   1   1  17   2   1   1   3   2   1   1   1   2   2   0   1   2  0.38 0.02
  159 L    -1  -2  -2  -3  -1  -1  -2  -3  -2   2   2  -2   3   0  -2  -1   0  -2  -1   2    1   1   1   1   0   1   1   1   0  16  24   1  22   1   1   1   8   0   0  20  0.20 0.02
  160 K     0   1   0  -1  -2   3   1   2  -1  -2  -2   3  -1  -3  -1   0  -1  -2  -2  -2    8   1   1   1   0  22   1  16   0   1   1  44   0   1   1   1   1   0   0   1  0.30 0.03
  161 D    -2  -1   1   6  -3   2   2  -2  -1  -3  -3   0  -3  -3  -2   0  -1  -4  -3  -3    1   0   0  73   0  15   5   1   0   0   1   0   0   0   0   1   0   0   0   0  0.76 0.05
  162 R     2   2  -1  -2  -2   0  -1  -1   2  -1   0   1   3  -2  -2   0  -1  -2  -1  -1   31  21   0   0   0   0   0   1   7   0   1   8  27   0   0   1   0   0   0   0  0.16 0.03
  163 A     3  -2  -1  -2  -1  -1  -1   1  -2   0  -1  -1  -1  -2  -1   0   1  -3  -2   1   49   0   0   0   0   0   0   8   0   0   1   0   0   0   0   1  15   0   0  22  0.21 0.03
  164 Q    -1   0   0   0  -3   4   3   1   0  -3  -3   1  -1  -2  -1   0  -1  -2   0  -2    1   0   0   0   0  34  33  15   0   0   1   8   0   0   0   1   0   0   4   0  0.39 0.04
  165 Y    -2  -1   0  -2  -3   0   0  -3   3  -1  -1  -1  -1   2  -2  -1  -1   1   6  -1    1   0   7   0   0   6   8   1  10   6   1   0   0   0   0   1   0   0  58   0  0.48 0.05
  166 Y     1   1  -2  -2  -1  -1  -1  -2  -1   0  -1   0   0   1  -2  -1  -1  -1   3   2   24   9   0   0   0   0   1   1   0   0   1   8   0   7   0   1   1   0  17  29  0.10 0.02
  167 G     1  -2  -1  -2  -2  -2  -2   5  -2  -2  -3  -2  -2  -3  -2   0  -1  -2  -3  -1    8   0   0   0   0   0   1  75   0   0   1   1   0   0   0   1   1   0   0   9  0.70 0.04
  168 Q    -1   1   0   0  -3   6   2  -2   0  -3  -2   1  -1  -3  -1   0  -1  -2  -2  -2    1   0   0   0   0  82   9   1   0   0   1   1   0   0   0   1   1   0   0   1  0.70 0.07
  169 Q    -1   3   0  -1  -3   3   1  -2   2  -3  -2   3  -1  -3  -1   0  -1  -2  -1  -2    1  16   0   1   0  28   1   1   9   1   1  37   0   0   1   1   1   0   0   1  0.39 0.02
  170 H     0   0   1   0  -1   0   1   0   4  -1  -1   0  -1  -1   0   0   0  -1   0  -1   14   3  12   3   1   2  14   4  19   3   5   3   1   2   3   4   3   1   2   3  0.11 0.00
  171 T     0  -1  -1  -1  -1   1  -1  -2  -2   1   0  -1   1  -2  -1   0   4  -2  -1   1    1   1   0   1   0  10   1   1   0  10   1   1  10   0   1   1  53   0   0   8  0.21 0.03
  172 G     0   0   0  -1  -3   0   0   4  -1  -3  -3   3  -2  -3   1   0  -1  -3  -2  -2    1   1   0   1   0   0   1  40   0   1   1  43   0   0   8   1   1   0   0   1  0.40 0.02
  173 G    -1  -1   0   3  -2   2   3   0  -1  -1  -2   0  -1  -3  -1   1  -1  -3  -2  -1    1   1   1  28   0  12  25   7   0   1   1   1   0   0   1  10   1   0   0  11  0.28 0.01
  174 Y     1  -1  -1  -2  -2   1   0  -2   0  -1  -1  -1  -1   2  -2   0   0   0   4   0   18   0   0   0   0  10   7   1   0   0   1   1   0  11   0   1  10   0  30   9  0.18 0.02
  175 G     0  -2  -1  -2  -3  -2  -2   5   3  -2  -3  -2  -2  -3  -2  -1  -2  -3  -2  -1    0   0   0   0   0   0   0  72  17   0   0   0   0   0   0   0   0   0   0  11  0.67 0.04
  176 Q    -1   1   0   1  -3   6   2  -2   0  -3  -3   1  -1  -4  -2   0  -1  -2  -2  -3    0   0   0   7   0  93   0   0   0   0   0   0   0   0   0   0   0   0   0   0  0.77 0.06
  177 Q    -1   1   0   1  -3   4   1  -2  -1  -2  -2   2  -1  -3  -1   0   2  -3  -2  -2    0   7   0  11   0  37   0   0   0   0   0  19   0   0   0   0  26   0   0   0  0.35 0.03
  178 H    -1  -1  -1   0  -2   2   0  -3   3   3   0   1   0  -1  -2  -1  -1  -3  -1   1    0   0   0   8   0  18   0   0  14  49   0  12   0   0   0   0   0   0   0   0  0.13 0.02
  179 T     1   1   0   0  -2   2   3  -2  -1  -2  -2   0  -1  -3  -1   1   2  -3  -2  -2   12   8   0   0   0  11  37   0   0   0   0   0   0   0   0  10  21   0   0   0  0.32 0.02
  180 G    -1  -1   3   3  -3   0   0   3   3  -3  -4  -1  -3  -3  -2   1  -1  -3  -2  -3    0   0  21  29   0   0   0  25  13   0   0   0   0   0   0  12   0   0   0   0  0.42 0.02
  181 G    -1   1   0  -1  -3   1   1   2   2  -3  -3   3  -2  -3  -2   0   1  -3  -2  -2    0   0   0   0   0   0  13  25  10   0   0  40   0   0   0   0  12   0   0   0  0.30 0.02
  182 E     3   1  -1  -1  -1   0   2  -1  -1  -2  -2   0  -1  -3  -1   1   0  -3  -2  -1   65  10   0   0   0   0  25   0   0   0   0   0   0   0   0   0   0   0   0   0  0.32 0.02
  183 H    -2  -1   0   1  -3   0   0  -2   8  -3  -3  -1  -2  -2  -2  -1   0  -3   1  -3    0   0   0   9   0   0   0   0  81   0   0   0   0   0   0   0  10   0   0   0  0.80 0.05
  184 D    -2  -1   1   5  -4   0   3  -2  -1  -3  -4   0  -3  -4  -2   0  -1  -4  -3  -3    0   0   0  67   0   0  33   0   0   0   0   0   0   0   0   0   0   0   0   0  0.80 0.03
  185 R    -1   5   0  -2  -3   0  -1   2  -1  -3  -2   1  -2  -3  -2   0   1  -3  -2  -2    0  62   0   0   0   0   0  18   0   0   0   0   0   0   0   0  19   0   0   0  0.43 0.01
  186 D    -1  -2   1   5  -3  -1   1   2  -1  -3  -4  -1  -3  -3  -2   1  -1  -4  -3  -3    0   0   0  62   0   0   0  18   0   0   0   0   0   0   0  19   0   0   0   0  0.58 0.01
  187 R    -1   5  -1  -2  -3   0  -1  -3  -1  -1   0   1   0  -2  -2  -1   1  -3  -2  -1    0  63   0   0   0   0   0   0   0   0  19   0   0   0   0   0  17   0   0   0  0.37 0.01
  188 T     0  -1   0  -1  -1  -1  -1  -2  -2  -1  -1  -1  -1  -2  -1   1   5  -3  -2   0    0   0   0   0   0   0   0   0   0   0   0   0   0   0   0   0 100   0   0   0  0.53 0.02
  189 R    -1   4   0  -1  -3   1   0  -2  -1  -2  -2   3  -1  -3  -2   0   2  -3  -2  -2    0  53   0   0   0   0   0   0   0   0   0  23   0   0   0   0  24   0   0   0  0.44 0.01
  190 G     0  -2   0   0  -3   0   2   5  -2  -4  -4  -1  -3  -3  -2   0  -2  -3  -3  -3    0   0   0   0   0   0  24  76   0   0   0   0   0   0   0   0   0   0   0   0  0.74 0.01
  191 T     0  -1   0  -1  -1  -1  -1   1  -2  -1  -2  -1  -1  -2  -1   1   5  -3  -2   0    0   0   0   0   0   0   0  13   0   0   0   0   0   0   0   0  87   0   0   0  0.42 0.01
  192 Q    -1   1   0  -1  -3   5   1  -2   5  -3  -3   1  -1  -3  -2   0  -1  -2   0  -3    0   0   0   0   0  65   0   0  35   0   0   0   0   0   0   0   0   0   0   0  0.56 0.01
  193 H    -2   0   4   0  -3   0   0  -1   7  -3  -3  -1  -2  -2  -2   0  -1  -3   1  -3    0   0  35   0   0   0   0   0  65   0   0   0   0   0   0   0   0   0   0   0  0.64 0.01
  194 T     0  -2  -1  -2  -1  -1  -1  -2  -2   1   0  -1   0  -2  -2   1   4  -3  -2   2    0   0   0   0   0   0   0   0   0   0   0   0   0   0   0   0  65   0   0  35  0.29 0.00
  195 T     0  -1   0  -1  -1  -1  -1  -2  -2  -1  -1  -1  -1  -2  -1   1   5  -3  -2   0    0   0   0   0   0   0   0   0   0   0   0   0   0   0   0   0 100   0   0   0  0.46 0.00

                      K         Lambda
Standard Ungapped    0.1334     0.3188
Standard Gapped      0.0410     0.2670
PSI Ungapped         0.1334     0.3188
PSI Gapped           0.0410     0.2670
