
Last position-specific scoring matrix computed, weighted observed percentages rounded down, information per position, and relative weight of gapless real matches to pseudocounts
            A   R   N   D   C   Q   E   G   H   I   L   K   M   F   P   S   T   W   Y   V   A   R   N   D   C   Q   E   G   H   I   L   K   M   F   P   S   T   W   Y   V
    1 M    -4  -4  -5  -6  -4  -3  -5  -6  -4   0   1  -4  10  -3  -5  -4  -3  -4  -4  -2    0   0   0   0   0   0   0   0   0   2   6   0  92   0   0   0   0   0   0   0  2.43 0.55
    2 G     0  -2  -3  -3  -4  -4  -4   6  -4  -4  -5  -3  -4  -5  -4  -2  -1  -5  -5   0    7   2   0   0   0   0   0  79   0   0   0   0   0   0   0   0   3   0   0   9  1.38 0.34
    3 R    -4   8  -3  -4  -6  -1  -3  -5  -3  -6  -5   1  -4  -6  -1  -3  -4  -5  -4  -5    0  90   0   0   0   1   0   0   0   0   0   6   0   0   3   0   0   0   0   0  2.02 0.51
    4 G    -2   3  -1  -3  -4  -1  -1   5  -3  -4  -4   2  -3  -5  -4  -1  -1  -4  -4  -1    0  19   1   0   0   2   3  49   0   0   0  15   0   0   0   2   3   0   0   6  0.76 0.26
    5 R    -3   4  -3  -3  -6  -1  -2  -4  -3  -5  -5   7  -4  -6  -3  -3  -3  -6  -4  -2    0  20   0   0   0   0   0   0   0   0   0  77   0   0   1   0   0   0   0   3  1.57 0.46
    6 V    -3  -1  -4  -5  -3  -2  -4  -5  -5   6   0  -4   1  -2  -4  -3   0  -4  -3   4    0   5   0   0   0   1   0   0   0  51   5   0   3   0   0   1   4   0   0  28  0.87 0.30
    7 Q    -1  -1  -1   0  -5   3   5  -4  -2  -4  -4   3  -3  -5  -1   0  -2  -5  -4  -2    4   1   1   3   0  15  45   0   0   0   0  20   0   0   2   5   1   0   0   4  0.77 0.29
    8 L    -3  -5  -5  -5  -3  -4  -5  -6  -5   6   3  -5   4  -2  -5  -4  -3  -4  -3   1    0   0   0   0   0   0   0   0   0  56  31   0  10   0   0   0   0   0   0   3  1.15 0.35
    9 K    -1   2  -2  -2  -4   2   1  -3  -2  -4  -4   5  -3  -5  -3   1  -2  -5  -4   0    4   8   0   0   0  10  10   0   0   0   0  50   0   0   0  10   1   0   0   7  0.74 0.30
   10 R    -3   6  -3  -4  -5  -2  -2  -5  -3  -4  -1   3   0   1  -1  -3  -3  -4   1  -4    0  58   0   0   0   0   0   0   0   0   7  16   2   6   4   0   0   0   5   0  1.06 0.36
   11 I    -4  -6  -6  -6  -4  -5  -6  -6  -6   8   0  -5   2  -3  -6  -5  -3  -5  -4   1    0   0   0   0   0   0   0   0   0  90   4   0   4   0   0   0   0   0   0   2  1.83 0.49
   12 E     0  -2  -2   2  -5   1   6  -3  -2  -5  -4   0  -2  -5   0   0   0  -5  -4  -4    6   0   0   8   0   5  57   1   0   0   1   3   1   0   4   7   6   0   0   0  0.85 0.31
   13 N    -4  -3   7   4  -6  -3  -1  -3  -2  -6  -6  -1  -5  -6  -4  -1  -3  -7  -5  -6    0   0  71  23   0   0   2   1   0   0   0   2   0   0   0   2   0   0   0   0  1.73 0.48
   14 K     1   0  -1   2  -3   0   1  -3  -2  -3  -3   4  -1  -4   1   1   1  -4  -3  -2   10   4   1  10   0   3  10   0   0   1   1  32   1   0   5  12   8   0   0   1  0.37 0.19
   15 I    -1   2   1  -2  -3  -1  -2  -3   0   2  -2   0  -1  -3  -3   2   3  -4  -3   0    2  14   7   0   0   1   0   0   2  14   2   5   1   0   0  21  28   0   0   4  0.37 0.22
   16 N    -1   1   6  -2  -4  -1  -2  -2   1  -4  -4   0  -4  -2  -1   3   0  -5  -3  -3    3   7  41   0   0   1   0   1   3   0   0   5   0   2   2  28   4   0   0   2  0.73 0.31
   17 R    -4   8  -3  -5  -6  -2  -3  -5  -3  -6  -2   1  -4  -6  -5  -4  -4  -6  -5  -5    0  91   0   0   0   0   0   0   0   0   3   6   0   0   0   0   0   0   0   0  2.14 0.57
   18 Q     0   0  -3  -3  -5   7  -1  -4   2  -2  -5   1  -3  -5  -4  -1  -2  -5  -1  -3    9   4   0   0   0  68   0   0   4   2   0   6   0   0   0   2   1   0   2   1  1.34 0.47
   19 V    -1  -4  -3  -5  -3  -4  -4  -5  -5   1  -1  -4  -2  -3  -4   0   2  -5  -4   6    4   0   1   0   0   0   0   0   0   2   3   0   0   0   0   6  14   0   0  70  1.03 0.38
   20 T    -3  -3  -3  -4  -4  -4  -4  -4  -5  -4  -4  -4  -4  -1  -4   1   7  -5  -4  -3    0   1   0   0   0   0   0   0   0   0   0   0   0   3   0   6  89   0   0   0  1.81 0.56
   21 F    -5  -6  -6  -7  -5  -6  -6  -6  -4  -3  -1  -6  -3   9  -7  -5  -5  -2   3  -4    0   0   0   0   0   0   0   0   0   0   3   0   0  88   0   0   0   0   9   0  2.41 0.58
   22 S     1   0   0  -3   3  -2  -3  -3  -3   0  -4   0  -3  -4  -3   5   1  -5  -2  -2    8   4   4   0   7   0   0   0   0   6   0   6   0   0   0  53   8   0   1   2  0.67 0.33
   23 K    -4   0  -3  -4  -6   0  -2  -5  -4  -6  -5   8   1  -6  -4  -3  -4  -6  -5  -5    0   2   0   0   0   3   0   0   0   0   0  92   3   0   0   0   0   0   0   0  1.98 0.60
   24 R    -5   8  -4  -5  -7  -2  -3  -6  -4  -6  -6  -1  -5  -6  -6  -4  -5  -6  -5  -6    0 100   0   0   0   0   0   0   0   0   0   0   0   0   0   0   0   0   0   0  2.63 0.71
   25 R    -4   7  -1  -4  -6   0  -1  -5  -3  -5  -3   4  -4  -2  -4  -3  -4  -5  -4  -5    0  61   2   0   0   2   3   0   0   0   2  29   0   2   0   0   0   0   0   0  1.48 0.48
   26 A     1   0   5   0  -4   1  -1   0   0  -4  -3   1  -2  -1  -1   1   0  -4  -3  -3   16   3  33   2   0   6   1   5   2   0   2  10   1   3   3   9   5   0   0   0  0.41 0.22
   27 G    -3  -4  -3  -4  -5  -5  -5   7  -5  -7  -6  -4  -6  -6  -5  -1   0  -6  -6  -6    0   1   0   0   0   0   0  91   0   0   0   0   0   0   0   3   5   0   0   0  2.06 0.57
   28 L    -4  -5  -6  -6  -4  -5  -5  -6  -5   4   5  -5   3   0  -5  -5  -3  -4  -3   0    0   0   0   0   0   0   0   0   0  22  67   0   6   3   0   0   0   0   0   2  1.19 0.40
   29 L    -3  -2  -5  -5  -4  -4  -5  -5  -4   2   3  -2   4   5  -5  -4  -1  -2   2  -1    0   2   0   0   0   0   0   0   0  13  34   2  15  24   0   0   3   0   6   1  0.77 0.31
   30 K    -4  -1  -1  -2  -6  -2   0  -5  -4  -6  -6   8  -5  -6  -4  -2  -4  -6  -5  -5    0   0   2   1   0   0   4   0   0   0   0  91   0   0   0   2   0   0   0   0  1.96 0.62
   31 K    -4  -1  -4  -4  -7  -2  -2  -5  -4  -6  -6   8  -5  -7  -4  -4  -4  -6  -5  -6    0   0   0   0   0   0   0   0   0   0   0 100   0   0   0   0   0   0   0   0  2.37 0.70
   32 A     6  -4  -4  -5  -3  -4  -4  -2  -5  -4  -1  -4  -3  -2  -4  -2  -2  -5  -4  -2   88   0   0   0   0   0   0   1   0   0   6   0   0   2   0   0   2   0   0   1  1.49 0.54
   33 H    -3   2   1  -2  -4   0  -1  -4   5  -4  -2   1   0   0  -4   1  -2  -2   5  -4    0  12   7   1   0   4   2   0  19   0   3   9   2   3   0  11   1   0  25   0  0.64 0.29
   34 E    -4  -3  -4  -2  -7   1   8  -5  -3  -7  -6  -2  -5  -7  -4  -3  -4  -6  -5  -6    0   0   0   0   0   5  95   0   0   0   0   0   0   0   0   0   0   0   0   0  2.24 0.68
   35 I    -4  -5  -6  -6  -4  -5  -6  -6  -6   2   6  -5  -1   0  -6  -5  -4  -4  -4  -2    0   0   0   0   0   0   0   0   0  10  87   0   0   3   0   0   0   0   0   0  1.52 0.49
   36 S     2  -4  -2  -3   3  -3  -3  -3  -4  -4  -5  -3  -4  -5  -4   6   1  -5  -4  -2   14   0   0   0   7   0   0   1   0   0   0   0   0   0   0  66   9   0   0   3  1.14 0.47
   37 V    -3  -5  -4  -5  -3  -4  -5  -5  -5   3   0  -4  -2  -3  -4  -3   3  -5  -4   5    0   0   0   0   0   0   0   0   0  19   6   0   0   0   0   0  23   0   0  52  1.03 0.40
   38 L    -4  -5  -7  -7  -4  -5  -6  -7  -6  -1   6  -6  -1  -2  -6  -6  -4  -5  -4  -2    0   0   0   0   0   0   0   0   0   0 100   0   0   0   0   0   0   0   0   0  1.89 0.58
   39 C    -2  -7  -6  -7  11  -6  -7  -6  -6  -5  -5  -6  -5  -6  -6  -2   0  -6  -6  -4    2   0   0   0  89   0   0   0   0   0   0   0   0   0   0   2   7   0   0   0  3.35 0.79
   40 D    -4  -4   0   7  -6  -1   0   3  -4  -6  -6  -3  -6  -6  -4  -3  -4  -6  -6  -6    0   0   4  68   0   2   4  22   0   0   0   0   0   0   0   0   0   0   0   0  1.60 0.50
   41 A     5  -4  -2  -4   3  -3  -3  -3  -4   2  -3  -3  -3  -4  -3   0   0  -5  -4   2   56   0   2   0   5   0   0   0   0  12   0   0   0   0   0   7   5   0   0  13  0.76 0.35
   42 E    -3  -1  -1   3  -5   3   5  -4   0  -5  -5   2  -4  -5  -3   0  -1  -5  -4  -5    0   2   1  19   0  12  43   0   2   0   0  11   0   0   0   7   3   0   0   0  0.87 0.34
   43 V     1  -5  -5  -5  -3  -5  -5  -5  -5   4   0  -5  -2  -3  -5  -4  -1  -5  -4   6   11   0   0   0   0   0   0   0   0  22   4   0   0   0   0   0   2   0   0  61  1.12 0.41
   44 A     4  -4  -3  -4   6  -3  -4   2  -4  -3  -1  -3   0  -4  -4   1  -2  -5  -4  -1   44   0   0   0  17   0   0  17   0   0   6   0   2   0   0  10   0   0   0   4  0.77 0.33
   45 L     1  -4  -5  -5  -3  -4  -5  -5  -5   2   4  -4   1  -1  -4  -4  -3  -4  -3   3   12   0   0   0   0   0   0   0   0   9  51   0   2   2   0   0   0   0   0  24  0.78 0.31
   46 V    -3  -5  -5  -6  -3  -5  -5  -6  -5   6   2  -5   1  -1  -5  -4  -2  -5  -3   3    0   0   0   0   0   0   0   0   0  58  15   0   3   1   0   0   2   0   0  21  1.17 0.39
   47 V    -2  -5  -5  -6   1  -5  -5  -6  -5   5  -1  -5   3  -3  -5  -4  -3  -4   0   5    1   0   0   0   3   0   0   0   0  43   1   0   8   0   0   0   0   0   4  39  1.11 0.39
   48 F    -2  -3  -5  -6  -5  -5  -5  -5  -3   0  -1  -5  -2   7  -6  -2  -4  -2   4   1    3   2   0   0   0   0   0   0   0   4   4   0   0  59   0   4   0   0  15   9  1.35 0.43
   49 S     0  -4   0   0  -4  -3  -3   2  -4  -5  -5  -3  -4  -5  -4   6  -2  -6  -5  -5    4   0   4   4   0   0   0  12   0   0   0   0   0   0   0  76   0   0   0   0  1.33 0.51
   50 H     0   0   2  -2  -2  -1   0  -1   1  -4  -4  -2  -4  -5   5   3   0  -5  -4  -4    6   5  11   1   1   2   6   3   4   0   0   1   0   0  26  30   5   0   0   0  0.66 0.29
   51 K     0   2   1   0  -3  -1   0  -1  -1  -3  -3   2  -3  -1  -3   2   3  -4   0  -3    4  14   5   6   0   1   3   3   1   0   0  12   0   3   0  20  23   0   3   1  0.35 0.21
   52 G    -3  -3   4  -1  -5  -2  -2   6  -2  -4  -6  -1  -5  -6  -5  -2  -4  -5  -5  -5    0   1  19   3   0   1   1  68   1   1   0   3   0   0   0   1   0   0   0   0  1.40 0.44
   53 K     0   3  -2  -1  -5  -1  -1  -4   1  -4  -2   6  -3  -5   0  -1  -1  -5  -4  -4    6  16   1   2   0   0   3   0   3   0   4  54   0   0   5   3   4   0   0   0  0.83 0.35
   54 L    -1  -4  -3  -5   0  -4  -4  -5  -4   1   5  -4   2   0  -2  -4  -1  -4  -1   2    5   0   1   0   2   0   0   0   0   4  59   0   6   3   2   0   4   0   2  13  0.71 0.30
   55 F    -4  -4  -4  -5  -5  -2  -4  -5   5   0  -3  -2  -3   5  -1  -2  -2  -2   7  -1    0   0   0   0   0   2   0   0  15   7   0   3   0  22   4   4   2   0  39   3  1.11 0.40
   56 E    -2  -3  -1   2  -2   1   5  -4   1  -4  -3  -1  -3  -4  -3   0   1   5  -1  -1    1   0   1  10   1   6  44   0   3   0   1   1   0   0   0   5  10   8   2   6  0.68 0.31
   57 Y    -4  -5  -5  -6  -2  -5  -5  -5  -3  -4  -2  -5  -3   6   1  -1  -4   6   6  -4    0   0   0   0   1   0   0   0   0   0   2   0   0  42   8   7   0  11  30   0  1.49 0.47
   58 S     2  -3  -2  -2   5  -3  -2   0  -2  -1  -2  -2  -3  -1   2   3   0  -4  -3  -3   18   0   0   1  16   0   1   7   1   4   2   2   0   2  11  31   3   0   0   0  0.51 0.26
   59 T    -2  -3   1   0  -1  -3  -2  -1   1  -5  -5  -2  -4  -5  -2   5   3  -5  -4  -4    0   0   6   5   1   0   1   5   4   0   0   1   0   0   1  58  18   0   0   0  0.91 0.41
   60 D    -1   1   1   0  -3   0   1   0   1  -3  -3   0  -3  -3   4   0   0  -3  -3  -1    3   9   8   4   0   3  13   6   5   1   1   3   0   0  27   5   8   0   0   4  0.43 0.16
   61 S    -1  -2  -1   2  -3   0   1   0  -2  -4  -4   1  -3  -4   0   4   1  -4  -3  -3    2   0   1  10   0   4   9   7   1   0   0   7   0   0   3  42  10   0   0   1  0.49 0.26
   62 C     0   0   2   1   3  -1  -1   1  -2  -2  -2   1  -2  -3   0   2   1  -3  -2  -1    3   4  12   7   8   1   1   9   0   1   2   9   0   1   4  21  10   0   0   5  0.20 0.12
   63 M    -2  -4  -4  -5  -3  -1  -2  -5  -4   2   2  -4   7  -1  -4  -3  -1  -4  -1   3    1   0   0   0   0   3   2   0   0  10  16   0  36   1   0   0   4   0   2  24  0.85 0.35
   64 E    -1   2   0   2  -4   2   3  -2   1  -3  -2   2  -2  -4  -1   0  -1  -4  -2  -3    3  10   4  10   0   9  28   2   3   1   3  16   0   0   2   6   1   0   1   2  0.41 0.20
   65 K     0   2   1   1  -4   2   1  -1  -3  -4  -4   3  -4  -5   1   1  -1  -5  -4  -2    6  11   8   9   0   9  10   4   0   0   0  21   0   0   7  10   2   0   0   2  0.40 0.29
   66 I    -4  -2  -5  -6  -4  -5  -5  -6  -6   4   2  -5   3  -2  -5  -4   4  -5  -4   3    0   2   0   0   0   0   0   0   0  27  16   0   7   2   0   0  24   0   0  22  0.92 0.51
   67 L    -1  -5  -6  -2  -4  -5  -5  -6  -5   5   3  -5   0   1  -2  -2  -4  -5  -1   2    4   0   0   2   0   0   0   0   0  35  33   0   2   4   2   3   0   0   2  12  0.86 0.45
   68 E     0  -1  -1   4  -6  -1   5  -3  -4  -4  -2  -1   0  -5  -4   0   0  -6  -2  -5    6   3   2  26   0   1  36   1   0   1   5   2   2   0   0   8   5   0   1   0  0.77 0.47
   69 R    -3   7  -4  -5  -7   1  -1  -4   2  -6  -2   3  -5  -1  -5  -2  -4  -6  -5  -3    2  55   0   0   0   6   3   1   4   0   5  16   0   3   0   3   0   0   0   2  1.29 0.65
   70 Y    -6  -4  -6  -4  -7  -2  -3  -7   1  -5  -2  -6   1   4  -3  -3  -6  -3   9  -5    0   1   0   1   0   2   2   0   3   0   4   0   3  16   2   2   0   0  66   0  2.16 0.91
   71 E    -1   0   1  -1  -5   5   2  -1   1  -2  -2   2   0  -4  -4  -1   0  -5  -2  -3    5   5   7   3   0  26  13   5   3   2   4  10   3   0   0   4   7   0   1   1  0.41 0.36
   72 R    -2   3   1   0  -5   1   1   0   1  -2  -3   4  -4  -5  -4  -1   0  -5  -4  -4    3  17   6   4   0   5   9   7   3   2   2  28   0   0   0   4   7   0   0   0  0.49 0.38
   73 Y     1  -1  -1  -3   5  -1  -2  -4   3  -2   0  -1  -2   1  -2  -1   0  -3   4  -1   13   4   3   1  12   3   2   0   9   2  12   4   0   6   2   2   7   0  15   4  0.33 0.30
   74 S    -1  -3   3  -1   2   0  -1  -3   1  -2  -2   1  -3  -4   0   3   2   0  -1  -2    4   0  13   2   5   4   3   1   4   2   4  10   0   0   4  28  11   1   2   3  0.36 0.35
   75 Y     0  -1   1   0  -3  -1   1   1  -1   0  -1   0  -1   0  -1   0  -1   0   4  -1    7   2   6   6   0   1   9  14   1   6   5   7   1   2   2   6   3   1  16   3  0.14 0.18
   76 A     1   0   1   2   0   0   2   0  -2   0  -1   0  -1  -3  -1   0   0  -4  -2  -1   15   4   7  13   2   5  13   7   0   7   5   4   1   0   3   5   6   0   1   3  0.12 0.15
   77 E    -1   0   0   2   0   1   3  -2   3  -2  -1   0  -3  -2   0   1   0  -4  -1  -3    5   5   3  12   2   8  18   3   9   2   5   3   0   2   4  13   5   0   2   0  0.25 0.24
   78 R    -1   2   0  -1   0   1   1  -1   1  -1   0   1   0   0  -1   0   0  -3  -1  -1    4  16   5   1   2   6   9   4   4   5  10   7   2   4   3   7   5   0   2   3  0.09 0.12
   79 Q    -1   1   2   0   2   2   2  -1  -2  -3  -2   2  -3  -2  -1   1   0  -4  -3  -1    4   6  12   5   5   9  13   5   0   0   3  12   0   2   2   9   6   0   0   6  0.21 0.21
   80 L     1  -1   2  -2  -1  -2  -1  -2  -3   0   2  -1   2  -2   1   0   1  -3  -3   0   11   2  10   1   1   0   5   2   0   3  26   4   6   0   6   7   9   0   0   6  0.18 0.21
   81 I    -1   0   3   1  -1  -1   0   0  -2   0   0   0   1  -2  -1   0   0   2  -1   0    4   5  16   6   1   2   7   8   0   6  11   6   5   0   2   5   5   3   2   6  0.08 0.12
   82 A     0  -1   2   2  -3   0  -1  -1   0  -1  -2   1  -1  -2   0   2   0  -4  -3  -1    8   3  13  14   0   5   3   4   3   3   3   8   2   2   5  15   6   0   0   3  0.19 0.19
   83 P     0  -1  -1  -1  -1   0  -1  -1   2  -1  -2  -1  -3  -2   5   0  -1  -4  -1   0    8   2   3   4   2   5   3   4   6   4   4   3   0   2  27   7   4   0   2   9  0.37 0.27
   84 E     1  -1  -1   2   0   0   2  -3   1  -3  -2   0  -1  -1   1   1   0   3  -3  -2   11   3   2  12   3   4  17   0   4   0   4   5   2   3   6  12   5   5   0   2  0.24 0.24
   85 S    -1  -1   0  -1  -1   1   2  -1   2  -1  -1   0  -1  -2   0   2   2  -4  -2  -1    4   3   5   2   1   5  13   4   7   5   6   4   1   1   3  20  12   0   1   3  0.17 0.20
   86 D     0  -2   0   4  -4  -1   3  -2   2  -2  -3   0  -3  -1  -1   1   0  -4   1  -3    6   2   3  23   0   2  20   2   5   3   3   5   0   3   2   9   6   0   5   2  0.36 0.31
   87 V    -1   0   2   0  -3   1   1  -2   2   0   0   0   0  -1  -1   0   1  -3  -2   0    5   6  10   6   0   8   8   2   5   7  13   3   2   2   3   5   8   0   0   6  0.07 0.12
   88 N     0   1   3  -1   0   2   0  -3   1  -1   0   0   0  -1  -1   0  -1  -3   0  -2    7   8  20   2   2  12   6   0   3   3   9   5   2   2   3   5   3   0   4   2  0.20 0.23
   89 T    -1  -1  -1   1  -4   4   2   0  -2  -2   0   1   0  -1  -1   0  -1  -4  -1  -2    3   2   2   7   0  23  13   6   0   2  10   8   2   3   3   7   3   0   2   3  0.24 0.26
   90 N    -1   1   3   2  -4   2   1  -2   2  -2  -2  -1  -3  -1  -3   1  -2  -4   1  -1    4   7  16  12   0  11   7   3   5   3   3   3   0   2   0  14   0   0   4   5  0.26 0.26
   91 W    -2  -1  -2  -1   0  -1   0  -4  -1   1   1  -1   2   0   0   0  -3   7   3   0    3   3   2   3   2   3   6   0   1   8  12   3   6   3   4   7   0  16  13   5  0.41 0.32
   92 S    -1   1   1  -2   1   4   0  -2   0  -2  -2   1  -2  -2  -1   1   1  -3   1  -1    4   8   7   1   3  22   4   2   2   2   3   7   0   1   3   9  10   0   6   6  0.25 0.26
   93 M    -1   1   0  -1   1   4   1  -3   1  -3  -1   2   2  -4  -1   0  -1  -4  -1  -2    5   7   4   4   3  23   7   0   3   0   5  15   7   0   3   6   3   0   2   2  0.34 0.31
   94 E    -2  -3   1   1  -5   0   6  -2   1  -5  -2   0  -4  -5  -4  -2   1  -5  -4  -5    3   0   6   8   0   3  52   3   3   0   4   5   0   0   0   2   8   0   0   0  0.94 0.58
   95 Y     0  -3  -1  -2  -1  -1  -1  -4   2   2   0   0   2  -2  -4  -1  -1   0   5   0   10   0   2   2   1   3   3   0   5  14   9   7   6   0   0   3   4   1  21   7  0.31 0.29
   96 N     1   0   1   1  -1  -1   2  -2   0  -2   0   1  -1  -1  -2   1   1  -3  -2  -1   13   4   7   7   1   0  15   1   2   1  10   8   1   2   1  13   8   0   1   3  0.14 0.17
   97 R    -3   3   0  -1  -4   1   0  -1   0  -2  -2   5  -3  -4  -1   1  -1  -4  -1  -2    0  18   3   2   0   4   4   4   3   2   4  35   0   0   3   9   3   0   2   2  0.51 0.36
   98 L    -4  -2  -5  -5  -1  -4  -2  -3  -1   0   5  -2   4  -3  -5  -3  -4  -4  -4   0    0   2   0   0   1   0   2   2   1   4  62   3  12   0   0   2   0   0   0   5  1.01 0.54
   99 K    -2   3   0  -2  -5   1   0  -2  -3  -3  -2   5   0  -5  -2   0   0  -5  -4  -3    2  17   3   1   0   5   5   2   0   1   3  41   2   0   2   8   5   0   0   2  0.65 0.43
  100 A     2   1   1   0  -1   2   2  -1   1  -2  -4   2  -3  -4  -3   0   0  -4  -3  -3   17   9   8   4   1   8  15   4   3   3   0  14   0   0   0   7   7   0   0   0  0.30 0.26
  101 K    -3   3  -2   0  -5   3   3  -4  -1  -2  -2   3   1  -5  -4  -3  -1  -5  -4  -1    1  14   1   4   0  15  24   0   1   2   4  22   3   0   0   0   3   0   0   4  0.62 0.42
  102 I    -2  -1   3  -2   0  -3  -2  -2  -3   4   1  -3   1   0  -4  -3  -1  -3   1   2    3   4  17   2   2   0   2   2   0  24  16   0   4   3   0   0   3   0   4  12  0.33 0.28
  103 E    -1   1  -1   3  -2   1   5  -3   1  -4  -4  -1  -4  -5  -4   0  -1  -5  -4  -5    5   7   2  17   1   5  42   1   3   1   2   2   0   0   0   6   4   0   0   0  0.76 0.47
  104 L     0   0   4   0  -2   0  -1  -3  -1   1   1   0   1  -1  -3   0  -1  -4  -1   0    8   4  22   4   1   3   4   0   1   9  13   5   4   3   0   8   2   0   2   5  0.16 0.19
  105 L    -3   0  -5  -5  -4  -4  -4  -6  -2   0   5  -1   3  -3  -5  -3  -1   1  -2  -1    2   6   0   0   0   0   1   0   1   4  64   4   6   0   0   2   3   2   1   4  0.93 0.53
  106 E    -4   1  -1  -1  -6   6   3  -5  -2  -5  -4   0  -1  -6   0   1  -2  -5  -5  -4    0   7   3   2   0  41  22   0   1   0   1   4   2   0   4  10   1   0   0   1  1.00 0.61
  107 R    -1   3   1  -2  -4  -1   1  -3   0   0   1   2  -2  -2  -3  -1   1   0  -3  -1    4  19   6   0   0   2  12   1   3   7  16  13   0   1   0   3   9   2   0   2  0.24 0.25
  108 N    -1   0   3  -2   0   3   2  -1   0  -1  -2   0  -1  -2  -3   2   1  -4  -2  -1    3   5  15   0   2  13  12   4   3   3   3   4   1   1   0  17   7   0   1   6  0.25 0.25
  109 Q    -3  -1   2  -2  -4   4  -2  -4   3   2   2   1   0  -3  -4  -3  -2  -4  -2  -1    0   2  13   1   0  20   1   0   8  13  25   9   2   0   0   0   1   0   1   3  0.48 0.38
  110 R    -4   7  -3  -4  -5   0  -1  -5  -3  -5  -3   2   0  -5  -3   0  -2  -5  -1  -5    0  64   0   0   0   4   4   0   0   0   2  10   2   0   1   6   2   0   3   0  1.39 0.67
  111 H    -2   2   2  -2  -4   3   0  -3   6  -4  -2   2  -3  -2   0  -1  -1  -4  -1  -4    2  12  13   1   0  14   5   0  20   0   5  15   0   1   4   2   3   0   2   0  0.55 0.36
  112 Y    -2   1  -4  -4  -3  -2  -3  -3  -3   1   3  -2   4   2  -4  -2  -2  -3   2   0    3  10   0   0   0   1   0   2   0   8  35   2  12   7   0   3   2   0   9   4  0.41 0.29
  113 L    -2   1  -3  -2  -3  -1   0  -3   0   1   2   2   5  -1  -3  -3   0   2   0   1    1   8   0   1   0   2   5   2   2   6  20  13  20   1   0   0   5   3   3   8  0.30 0.27
  114 G    -2  -4  -2  -1  -5  -4   0   6  -4  -5  -2  -4  -4   0  -2  -1  -4  -4  -2  -2    2   0   2   3   0   0   7  68   0   0   4   0   0   5   2   3   0   0   1   3  1.18 0.55
  115 E    -2  -1  -1   3  -5   2   5  -1   2  -5  -3   0  -4  -5   0   0  -3  -5  -4  -4    2   2   1  14   0   8  44   5   5   0   2   4   0   0   5   6   0   0   0   1  0.72 0.43
  116 D    -2  -1   2   5   3  -1   2   1  -2  -5  -4  -1  -4  -5   0   0  -2  -5  -4  -4    1   4   8  37   7   2  13  10   1   0   2   2   0   0   5   7   1   0   0   0  0.66 0.39
  117 L     0  -3  -4  -2  -3  -1  -3  -2  -4   2   4  -2  -1   0  -4  -3  -3   0  -3   2    7   0   0   3   0   3   1   4   0  10  52   2   0   3   0   1   1   2   0  12  0.56 0.34
  118 Q     0  -1   2   3  -3   1   2   1  -1  -3  -4   0  -3  -4  -1   1   0  -4  -3  -3    9   2  10  18   0   5  14  13   1   2   1   4   0   0   2  11   6   0   0   1  0.33 0.23
  119 A    -1  -2   2   0  -3  -1   2   2   0  -2  -2   0  -3  -2   2   2   0  -4  -3  -3    4   1  14   3   0   1  13  16   2   2   3   4   0   2   9  19   5   0   0   0  0.30 0.24
  120 M    -2  -4  -2  -5   2  -1  -4  -5  -1   0   4  -4   4  -1  -4  -2  -2  -3   2   0    2   0   2   0   5   3   0   0   2   3  51   0  12   1   0   3   2   0   8   5  0.70 0.41
  121 S    -1  -2   4   1  -4  -1  -1  -1  -1  -4  -3  -1  -4  -5   0   4   2  -5  -4  -4    2   1  18   7   0   2   3   4   1   0   2   2   0   0   4  38  15   0   0   0  0.65 0.45
  122 P    -1  -1  -2  -3  -3  -2  -2  -2   1   2   1  -2   2   0   1  -1   1  -3   0   2    5   4   2   0   0   0   2   2   4  13  16   0   6   4   7   2   8   0   4  20  0.19 0.18
  123 K    -2   2   1   2  -5   1   4  -4  -3  -4  -4   4  -4  -5   1  -2  -2  -5  -4  -2    1  10   6  13   0   4  28   0   0   0   0  26   0   0   7   0   1   0   0   4  0.66 0.40
  124 E    -3  -3  -2   3  -6   3   6  -5   1  -5  -5  -1  -4  -6  -4  -1  -3  -6  -5  -2    2   0   1  17   0  14  52   0   3   0   0   2   0   0   0   4   1   0   0   3  1.15 0.61
  125 L    -4  -5  -6  -6  -4  -5  -6  -6  -5   0   6  -2   0  -3  -6  -5  -4  -5  -1   0    0   0   0   0   0   0   0   0   0   4  84   3   1   0   0   0   0   0   2   4  1.52 0.67
  126 Q    -1   1   1  -1  -4   4   2  -2   2   0  -1   1   2  -4  -1   0  -2  -4  -1  -2    3   7   6   2   0  26  13   2   4   5   4   7   7   0   2   7   1   0   1   2  0.34 0.28
  127 N     0  -1   2   1  -4   4   1   0   0  -3  -2   0  -1  -4  -3   1  -2  -4  -1  -2    7   2  13   9   0  23  10   8   2   1   3   5   1   0   0  10   1   0   2   3  0.34 0.27
  128 L    -4  -5  -5  -6  -4  -1  -5  -6   0   1   6  -5   3  -1  -5  -2  -4  -4  -2  -1    0   0   0   0   0   3   0   0   2   7  73   0   6   1   0   4   0   0   1   2  1.19 0.57
  129 E    -3  -3   0   0  -6   1   7  -3  -3  -2  -3  -1  -3  -2  -4  -1  -4  -6  -5  -2    1   0   4   4   0   5  69   2   0   2   2   2   1   2   0   4   0   0   0   2  1.28 0.66
  130 Q    -2   0   0   0   0   2   1  -2   2  -1  -1   2  -1  -3   0   0   0  -3   1  -2    0   4   5   6   2  11  10   2   6   3   8  14   2   0   5   7   7   0   5   2  0.16 0.16
  131 Q     0   1   0  -1   0   5   1  -2   0  -4  -2   1   0   1  -4   0   0  -4   0  -4    6   6   3   2   2  32   9   3   2   0   3   6   3   7   0   6   6   0   3   0  0.42 0.30
  132 L    -3  -4  -5  -5  -4  -4  -4  -5  -5   3   5  -1   3  -2  -5  -4  -1  -4  -4   1    0   0   0   0   0   0   0   0   0  14  58   5   7   0   0   0   4   0   0   8  0.93 0.42
  133 D    -2   0   1   4  -5   0   4  -4   0  -4  -1   1  -3  -4  -1  -2  -1  -5  -1  -2    2   4   6  23   0   3  34   0   2   0   6   6   0   0   3   0   4   0   2   3  0.59 0.32
  134 T     1   1   2  -1  -1   2  -1  -2   1  -1  -1   2   0  -1  -1   1   0  -3  -1  -1   11   6  10   2   1   9   3   2   4   3   4  15   3   2   2  12   6   0   2   4  0.14 0.14
  135 A     2  -3  -1  -3  -4  -1   0   2   0  -4  -4  -1  -4  -3  -4   4   0   3   4  -4   15   0   2   0   0   2   5  14   3   0   0   3   0   0   0  31   5   3  14   0  0.56 0.37
  136 L    -3  -4  -5  -5  -4  -2  -3  -3  -4   2   5  -4   1   0  -4  -3  -2  -4  -3   1    0   0   0   0   0   2   2   3   0  12  62   0   3   3   0   2   2   0   0   7  0.87 0.41
  137 K    -1   2   2   0  -3   0   0  -1   1  -1  -2   3  -1  -3  -3   2   0  -4   0  -2    3  11   9   4   0   2   3   3   4   4   2  23   1   0   0  17   6   0   3   1  0.28 0.21
  138 H    -1   2   1   0  -2   3   0   0   2  -2  -1   2  -1  -3  -3   0  -1  -4  -2  -1    4  11   6   5   1  15   5   6   6   1   8  14   2   0   0   8   2   0   0   5  0.20 0.16
  139 I    -1  -4  -5  -5  -3  -4  -4  -5  -5   5   2  -4  -1  -3  -4  -3  -1  -4  -3   4    6   0   0   0   0   0   0   0   0  33  17   0   0   0   0   2   4   0   0  35  0.87 0.40
  140 R    -4   7   1  -4  -5   0  -1  -5  -1  -3  -3   0  -1  -5  -5  -2  -4  -5  -4  -1    0  69   6   0   0   3   3   0   1   2   3   4   1   0   0   2   0   0   0   4  1.46 0.60
  141 T     1  -2   1   2  -1   1   2  -1   0  -2  -2   0  -1  -4  -3   2   1  -4  -3  -3   15   0   6  11   2   7  15   3   2   3   5   3   2   0   0  19   8   0   0   0  0.27 0.22
  142 R    -2   6  -3  -4  -5   0  -2  -4   4  -2  -3   3  -4  -4  -4  -2   0  -5  -1  -4    3  49   0   0   0   4   2   0   9   2   1  18   0   0   0   1   7   0   2   0  1.03 0.48
  143 K    -4   2  -3  -3  -5   3   0  -4  -3  -5  -5   7  -4  -5  -4  -3  -1  -5  -4  -5    0   9   0   0   0  15   4   0   0   0   0  67   0   0   0   0   3   0   0   0  1.45 0.58
  144 N    -1  -2   2   3   1  -2   1  -2   0  -1  -2  -1   2  -1  -3   0   3  -3   1  -1    5   0  12  16   3   0   8   2   2   4   2   3   6   2   0   4  21   0   5   2  0.25 0.20
  145 Q    -1   1  -1   0  -4   5   4  -3   3  -4  -3   2  -3  -1   0  -2  -3  -4  -3  -4    4   6   2   3   0  32  25   1   7   0   2  10   0   3   4   1   1   0   0   1  0.72 0.37
  146 L    -1  -2  -2  -3  -1  -1  -3  -3  -1   2   3  -1   1   1  -3  -1   0  -2   0   1    4   1   1   1   1   3   1   1   1  14  32   5   3   5   1   5   6   0   3  12  0.23 0.16
  147 M    -3   0  -4  -4  -3  -3  -4  -3  -4   2   4  -3   6   0  -4  -4  -3  -3   0   0    1   5   0   0   0   0   1   3   0   9  39   0  28   4   0   1   1   0   3   5  0.79 0.37
  148 Y    -1  -1  -1  -2  -2   0   0  -1   1   1   1   0   3   2  -3  -1   0  -2   0  -1    2   3   2   0   1   5   7   6   4  11  15   8  14   9   0   3   5   0   2   2  0.12 0.14
  149 E     0   0   3   3  -4   3   3  -2   2  -4  -3   0  -3  -4  -3   0   0  -4  -3  -3    8   3  14  16   0  14  19   3   5   0   3   3   0   0   0   5   5   0   0   1  0.40 0.23
  150 S    -3  -1  -1  -2  -5   6   3  -4   2  -4  -3  -1  -3  -1  -4   0   0   1  -1  -4    0   2   2   1   0  46  20   0   4   0   2   1   0   3   0   7   6   2   1   0  0.93 0.47
  151 I    -3  -4  -4  -2  -3  -3  -4  -1  -4   4   2  -3   3  -2  -1  -3  -1   4  -2   1    1   0   0   3   0   0   0   6   0  34  22   0   9   0   3   1   4   6   0   9  0.54 0.27
  152 N     0   1   0   0   0   2   4  -2  -1  -3  -3   0  -3  -1  -3   1   0  -4  -3  -3    6   7   5   4   2   7  37   2   1   2   1   5   0   3   0  12   4   0   0   0  0.44 0.26
  153 E    -1   0   1   2  -3   0   2   0  -1  -3  -3   1   1  -2  -2   1   1  -3   1  -2    5   3   6  13   0   2  17   5   1   0   1  11   7   1   0  10   7   0   7   2  0.21 0.16
  154 L    -2  -3  -1  -4  -3  -1  -3  -4   1  -1   4  -3   4   0  -4   0  -1  -3   2  -1    1   0   3   0   0   2   0   0   4   0  54   0  10   2   0   8   3   0   7   3  0.61 0.33
  155 Q    -3   3   0  -3  -5   5   1  -4  -1  -5  -4   4  -1  -5  -4   0  -2  -5  -4  -3    1  19   3   0   0  34   9   0   1   0   0  23   2   0   0   6   1   0   0   2  0.88 0.43
  156 K    -2   4   0  -2  -4   1   1  -2   0  -3  -3   4  -3  -4  -3   0   0  -4  -3  -3    2  27   4   1   0   5  10   2   2   1   2  30   0   0   0   5   6   0   0   1  0.57 0.31
  157 K    -3   3   1  -1   1   1  -1  -4   0  -3  -4   6   0  -5  -4  -1  -1  -5  -4  -4    0  16   6   3   3   4   1   0   2   2   0  54   2   0   0   2   4   0   0   0  0.92 0.44
  158 E    -3   0   0   1  -5  -1   5   0  -1   0  -4  -2  -1  -5  -4  -2  -1  -5  -4   0    0   5   3   7   0   1  54   9   1   5   0   0   2   0   0   1   4   0   0   8  0.76 0.43
  159 K    -2   4   0  -3  -4   3   0  -1   1  -1  -3   4   1  -3  -3   0  -1  -4  -3  -2    1  22   4   0   0  17   3   4   3   5   0  27   4   1   0   7   3   0   0   1  0.54 0.33
  160 A     0  -1   1   0  -3   2   1  -1   0   0   0  -1   4  -2  -3   0  -1  -3   0  -1   10   2   6   5   0  11  11   4   3   6  10   2  18   0   0   5   2   0   3   2  0.16 0.18
  161 I    -1  -1  -4  -5  -3  -2  -4  -5  -4   1   5  -4   2  -2  -4  -2  -1  -4  -3   2    4   3   0   0   0   2   0   0   0   6  63   0   3   0   0   2   3   0   0  11  0.79 0.38
  162 Q    -1   0   0  -1  -1   3   3  -2   3  -2  -1   1   2  -3  -3  -1  -2  -4  -1  -1    4   3   5   1   1  19  22   3   7   2   6   8   8   1   0   3   1   0   2   5  0.31 0.24
  163 E    -2  -2   2   4  -5   1   5  -4  -1  -4  -3   0   0  -5  -1  -1  -1  -5  -4  -2    2   0   9  21   0   4  41   0   1   0   2   5   3   0   2   4   2   0   0   2  0.70 0.37
  164 Q     1  -1   0   1  -4   3   5  -3  -1   0  -3  -1  -3  -4  -3  -1   0  -4  -4  -3   12   2   4   7   0  13  41   0   1   6   2   2   0   0   0   4   5   0   0   0  0.57 0.34
  165 N    -4   0   7  -2  -5   1  -3  -2   4  -5  -3  -3  -4  -5  -5  -2  -1  -5  -1  -5    0   5  69   0   0   5   0   2  10   0   2   0   0   0   0   1   2   0   2   0  1.56 0.62
  166 S    -2   2   1  -1  -4   3   2  -2   0  -2  -1   3   2  -3  -3   0   0  -4  -1  -2    0  12   8   2   0  15  11   1   1   2   4  19   8   0   0   7   5   0   2   2  0.32 0.23
  167 M     0   0   1   1  -1   1   2  -1   0  -1  -2   0   1  -1  -1   0   1  -3   1  -1    5   5   9   7   1   9  14   3   2   4   2   3   5   3   2   7  10   0   6   4  0.11 0.11
  168 L    -5  -5  -7  -7  -5  -1  -6  -7  -6  -2   6  -6   1  -3  -6  -6  -4   1  -4  -2    0   0   0   0   0   3   0   0   0   0  92   0   3   0   0   0   0   2   0   0  1.78 0.69
  169 S     0   3   0  -2   1   2   0  -3   0  -2  -1   2   2  -2  -3   1   0  -3   0  -1   10  20   3   0   4  10   4   0   2   2   5  11   7   0   0   9   6   0   4   2  0.23 0.20
  170 K    -1   2   0   0  -2   2   1  -2   1  -2  -1   2   0   0  -3   1  -1  -1   0  -2    4  16   5   5   1   9   9   1   4   1   5  13   4   6   0  10   3   1   2   2  0.17 0.14
  171 Q    -1   1  -3  -3  -4   4   1  -4  -3  -2  -1   5   0  -4  -1  -1  -3   2  -3  -1    4   4   0   0   0  18   9   0   0   2   8  40   2   0   3   2   0   3   0   4  0.60 0.36
  172 I    -3  -4   0  -4   0  -4  -4  -5  -2   3   3  -3   2   1  -4  -4  -2  -4  -3   3    0   0   6   0   2   0   0   0   1  19  35   1   5   4   0   0   1   0   0  26  0.63 0.32
  173 K     0   0   0   0  -4   3   3  -1   2  -3  -3   1   1  -4  -2  -1   0   1  -3  -2   10   4   5   5   0  16  19   5   6   0   1  10   5   0   1   1   7   2   0   2  0.30 0.22
  174 E    -1   0   0   2  -4   3   4  -2   2  -3  -2   0   2  -1  -3  -1  -1  -4  -3  -3    4   5   4  10   0  13  34   2   5   1   3   4   6   3   0   2   2   0   0   0  0.46 0.28
  175 R    -1   2   2  -2  -3   2   0  -2   2  -1   1   0   0  -1  -3   0  -1  -3   0  -1    5  15  11   0   0  14   4   3   5   3  17   4   2   2   0   5   3   0   3   2  0.18 0.17
  176 E    -2   1   1   1  -2   3   4  -1   2  -3  -4  -1   0  -4  -2   0   0  -4   0  -4    2   6   5   5   1  12  36   4   4   1   0   2   2   0   1   5   7   0   3   0  0.48 0.29
  177 K     0   2   0  -2  -3   2   0  -1   3   0  -1   2   1  -1  -1   0   0  -3  -2  -1    7  12   5   0   0  12   5   3  11   6   6  12   4   4   3   5   4   0   0   3  0.16 0.15
  178 I     2  -1   0  -2  -1   2   0  -2  -1   0   1   0  -1  -1  -1   0  -1   0  -1   0   21   2   4   0   1  10   7   2   1   6  19   6   0   3   2   5   1   1   2   6  0.10 0.13
  179 L     0   0   0  -1   0   2  -1  -2  -1   1   2  -1   2   0  -3  -1  -1  -2   0   0    7   5   6   2   2  13   2   3   1   7  28   1   5   4   0   1   3   0   3   6  0.13 0.14
  180 R     0   2   0  -1  -3   2   1  -1   1  -2  -1   1   2  -2   1   1  -1  -3   0  -2    7  15   3   2   0   9   9   4   4   2   3   9   8   1   6  10   2   0   3   1  0.16 0.14
  181 A     1  -2   0   0   1   2   0   0   1  -1  -1  -1   0  -2   0   1   2  -3  -2  -1   14   1   2   5   3  11   6   9   5   3   3   2   3   2   5  10  13   0   0   4  0.13 0.12
  182 Q    -2  -1   1   1   1   3   2   1   1   0  -1  -1  -2   0  -1   0  -1  -3  -2  -1    1   1   8   7   3  18  12  13   4   6   5   1   0   4   3   5   3   0   0   4  0.18 0.17
  183 Q    -1  -2   1   2  -4   5   1  -2  -1  -2  -2   0   2  -3  -1  -1  -2   1   0  -1    4   1   7  13   0  35   6   3   1   3   3   3   5   0   2   3   0   2   4   4  0.48 0.32
  184 E     0   2   0   1  -3   1   1  -2  -2  -2   0  -1   2   0   1  -1   0   0  -2   0    8  13   3   7   0   8  13   2   0   0  10   1   7   4   6   4   4   1   0   9  0.11 0.14
  185 Q    -1   0   1  -1  -1   3  -1   1   4  -3  -2  -1   2  -2  -1   2  -1  -4  -3  -1    2   6   6   3   1  15   2  13  11   0   3   1   7   1   3  18   3   0   0   6  0.26 0.24
  186 W    -1  -2  -2  -3  -1   0  -1  -1   2   0   0  -1   4   0  -1   1  -2   6   2  -1    5   1   2   1   1   3   4   4   5   6   9   3  15   2   3  12   1  14   7   3  0.34 0.24
  187 D    -1  -3   1   2  -4  -2   1   2   0  -1  -3  -2   0  -1   3   0  -1  -3   1  -2    5   0   6  15   0   0  10  21   2   4   0   0   4   2  13   8   2   0   6   2  0.32 0.22
  188 Q    -1   1   0  -1  -1   2   1  -1   1  -1   1   0   1  -1   1  -1  -1  -1  -1   0    3   8   4   2   1  15  11   5   4   1  14   3   4   2   8   4   2   1   1   8  0.11 0.13
  189 Q     0  -1   1  -1   0   2   0   1   0  -2  -1   0   0  -2  -2   2   0   2   0   0    6   3   6   2   2  13   5   9   2   0   5   6   3   0   0  16   7   4   4   9  0.13 0.14
  190 N     0  -2   4   2  -3   0   1  -1   0  -3  -2  -1   0  -3   0   2   1  -4   0  -2    8   1  25  10   0   4   8   3   2   0   4   2   2   0   3  14   8   0   3   2  0.30 0.22
  191 Q     1  -1   1  -2  -3   1   0   0   4  -1  -3  -1  -2  -2   2   1   0  -3   0   0   11   2   8   0   0   6   7   6  16   3   1   2   0   1  11  11   6   0   3   6  0.26 0.19
  192 G     0  -1   0   0  -3  -1   2   4   1  -2  -2  -2  -1  -3  -3   1  -1  -4  -3  -2    5   2   4   6   0   2  13  34   4   2   5   0   2   0   0  14   3   0   0   3  0.37 0.23
  193 H    -2  -2   2   1  -1   2  -1   1   4  -2  -3  -2  -1   0  -2   0  -1  -2   4  -1    2   2  11   7   2  12   1  10  12   3   1   0   1   3   2   7   3   0  17   5  0.30 0.23
  194 N    -1   0   2   3  -3   1   0   1   1  -3  -3   0   0  -1   0   1   0  -3  -1  -2    3   5  12  17   0   7   5  13   3   0   1   3   3   3   3  12   5   0   1   2  0.22 0.16
  195 M     0  -1  -2  -1   0   1   0  -1   1   0   0  -2   2  -1  -1   1   1  -2   2   1    4   3   0   3   2   7   5   5   4   5   8   1   6   1   2  13   9   0  10  11  0.08 0.12
  196 P    -1   0  -1   0  -3   1   1   0   0  -2  -1   0   0   0   3   1   0  -3   0  -1    2   5   2   5   0   8   8   7   2   0   7   5   3   6  17  10   4   0   2   5  0.18 0.12
  197 P     0   1   0   0  -2   0   1  -2   0  -2  -1  -1   0   0   2   2   0  -3   0   0    7   7   4   4   0   4   8   1   2   1   6   2   3   4  12  19   5   0   3   7  0.15 0.13
  198 P    -1  -2   1  -2  -3   2  -2  -2   1  -1  -2  -2   0  -1   4   0   1  -4  -2   1    4   1   6   2   0  11   1   1   4   2   2   1   3   2  24   8  12   0   1  13  0.40 0.25
  199 L     0  -1   0  -2  -2   2  -1  -1  -2   2   1  -2   2  -1   1   0  -1  -3  -1   1    7   3   4   2   0  14   3   4   0  13  19   1   6   2   7   6   2   0   2   8  0.12 0.13
  200 P    -1  -1   0  -1  -4   3  -1   1   0  -4  -2  -2  -3  -4   5   0  -1  -4  -2  -3    3   3   5   4   0  14   3  11   2   1   5   1   0   0  34   7   4   0   1   1  0.63 0.31
  201 P     1  -2   0  -1  -3   0  -1  -3   0   0  -2  -2   1   0   5   1   0  -3   0  -1   10   1   5   3   0   5   3   1   3   5   3   1   6   4  29  11   4   0   3   3  0.42 0.22
  202 Q    -1   0   2  -1  -1   4  -1  -1   2  -2  -1  -1  -2   1   1   0  -1  -3  -1  -1    5   5  13   3   1  23   2   5   6   2   8   0   0   7   7   5   3   0   1   4  0.21 0.19
  203 Q    -1  -2   1   2  -4   4   0   0   4   1  -3  -2  -2  -3   0   0  -1  -4   0  -1    3   0   6  11   0  22   5   9  12  10   1   0   0   0   4   6   3   0   3   5  0.30 0.24
  204 H    -1   0   2  -1  -3   2   1   1   3  -2  -1  -1  -2   2  -2   1   0  -2   2  -2    2   6   9   2   0  11   7  11  11   1   5   0   0  10   1  10   5   0   6   2  0.19 0.17
  205 Q     1  -2   2   1  -3   3   0   2   0  -2  -3   0   1  -1  -1   1  -1  -3  -1  -3   12   0  10   8   0  16   6  14   2   1   0   5   5   3   3   8   2   0   2   0  0.23 0.19
  206 I     0  -1   2   0  -2   0  -1  -1   1   0  -1  -1   1   1   0   1   0  -2   1   0    9   2  13   4   0   6   0   5   3   5   6   3   5   7   3  12   6   0   4   7  0.06 0.09
  207 Q    -1  -1   1  -1   0   3   0  -2   2   0   0  -1   1   1   0   2  -1  -3  -2   0    3   2   9   3   2  16   4   2   6   4  10   1   3   7   5  18   1   0   0   7  0.15 0.17
  208 H     0   0  -1   1  -3   2  -2  -1   4   0  -1  -2   3   0   2  -1  -1  -3  -2  -1    9   4   2   8   0  12   1   4  14   6   5   1  12   5  10   4   2   0   0   2  0.23 0.20
  209 P     0  -3   0  -1   1  -1  -3   1   1  -3  -1  -3  -3   0   6  -1  -3  -4   0  -1    7   0   5   3   3   3   0  13   3   0   6   0   0   4  41   2   0   0   4   4  0.74 0.34
  210 Y    -1  -3   1  -3  -3   0  -3  -2   1   0  -1  -3  -2   4  -2   1  -1   2   4  -1    4   0   7   0   0   5   0   3   4   6   6   0   0  21   2  14   3   3  16   4  0.33 0.23
  211 M     0  -1  -1   0  -2   0  -1  -3   0   0   1  -2   2   2   1  -1   1  -2   2  -1   10   2   2   6   0   4   3   1   2   5  12   1   8  13   8   3  11   0   7   3  0.12 0.13
  212 L    -1   0   0  -2  -1   1   0  -1  -1   0   1  -2   0   2   3  -1  -1  -2   1  -1    5   4   4   0   1  10   6   4   1   6  17   0   1  11  15   4   4   0   5   2  0.15 0.13
  213 S     0   2   1   2  -3  -1   1  -2  -1  -2  -1  -1  -2  -2   2   1   1  -4  -3  -1    5  13   9  11   0   0  12   2   1   2   8   0   0   1  10  13   7   0   0   4  0.20 0.16
  214 H     0  -2   1   1   2  -1  -2  -2   6   0   1  -2   0  -2  -3   0   0  -4   0   1    7   1   6   7   4   3   0   2  24   3  15   0   1   0   0   5   5   0   3  13  0.32 0.24
  215 Q    -1  -2   1   1  -1   5   2   1   0  -4  -2  -1   0  -4  -2  -1  -1  -4  -3  -3    4   0   8   7   2  36  14  11   2   0   5   0   3   0   2   2   3   0   0   0  0.54 0.33
  216 P     0  -3  -1  -2   4  -3  -3   0   0  -1   0  -3  -2  -4   5   1   1  -4  -3  -2    5   0   3   2  11   0   0   7   2   5  10   0   0   0  32  12   8   0   0   0  0.61 0.30
  217 S    -1  -1   1   1   1   4   2  -2   2  -1  -2  -1  -2  -2  -1   1  -2  -3   0  -2    2   2   8   5   3  24  17   3   5   4   4   1   0   1   2  13   1   0   3   2  0.32 0.23
  218 P    -3  -4  -2   1  -5  -4  -3  -4  -1  -4  -5  -3   0  -5   8  -1  -1  -5  -1  -2    1   0   2   7   0   0   0   0   2   0   1   0   3   0  71   3   3   0   2   3  1.85 0.61
  219 F    -2  -1   4  -2   2  -2  -2  -3  -2  -1  -3  -2  -2   3   1   1   2  -3  -2  -2    1   2  26   0   5   0   1   1   0   4   1   1   0  18   7  13  17   0   0   1  0.50 0.30
  220 L    -2  -3   0  -4  -3  -1  -3  -2  -3   0   5  -3   2  -1  -4  -1  -1  -3   0  -1    2   1   6   1   0   4   1   3   0   2  64   1   4   1   1   4   2   0   3   1  0.64 0.32
  221 N    -3   1   2   2  -5   6  -1  -3   3  -5  -4   0  -3  -4  -3   0  -1  -4  -1  -4    0   6  12  11   0  47   0   0   7   0   1   3   0   0   0   6   4   0   2   0  0.90 0.44
  222 M    -1  -2   1  -2  -3  -2   1  -2   1   3   0  -2   3   0  -1   0  -1   2  -2   1    4   0   8   0   0   0  15   2   5  21   7   0  11   3   2   6   2   3   0  10  0.17 0.17
  223 G     0   2   2  -1  -4  -3  -2   5  -3  -5  -5  -2  -4  -2  -4  -1  -3  -4  -1  -4    8  11   9   4   0   0   2  57   0   0   0   0   0   2   0   4   0   0   2   0  0.89 0.36
  224 G    -2  -2   2  -2  -3  -2  -1   4   2  -2  -3  -2  -3   0  -3   0   1  -2   3  -3    1   1  14   1   0   0   3  35   7   3   1   1   0   3   1   6   9   0  15   1  0.47 0.22
  225 L    -1  -1   0   1  -3   2   0   0   1  -2   0  -1   1   0  -1   0   0  -1   3  -1    1   1   5  10   0  14   4   6   5   1  10   1   5   3   3   6   7   0  17   3  0.14 0.12
  226 Y    -1  -3  -2   0  -3  -2  -3   0   5  -2  -2  -3  -2   3  -1  -2  -3  -1   6   0    6   0   0   5   0   0   0   7  19   0   3   0   0  11   3   0   0   0  35  10  0.66 0.28
  227 Q    -1   0  -2   0  -4   6   1   0   0  -4  -4   0  -2  -4   2  -1  -1  -3   1  -2    3   4   0   5   0  46   4   8   2   0   0   3   0   0  11   3   3   0   5   3  0.61 0.30
  228 E     0   1  -1  -1  -4   3   3   0   1  -4  -4  -1  -3  -1   4   0  -2  -4  -3  -3    8  10   2   0   0  18  20   7   4   0   0   0   0   4  20   8   0   0   0   0  0.47 0.23
  229 D     1  -2  -1   2  -3   1   1   0   2   0  -2  -1  -2  -3   0   2  -1  -3  -2  -1   13   0   0  16   0  10  10   6   6   9   3   0   0   0   3  19   0   0   0   5  0.19 0.14
  230 D     0  -1  -1   4  -4  -2   1  -3   2  -2  -3  -2  -3   1   4   0  -2  -4  -2  -3    7   2   0  34   0   0   6   0   6   3   0   0   0  10  22   8   0   0   0   0  0.58 0.23
  231 P     2  -2  -2  -2   3   2  -1   1   4  -2  -3  -2  -2  -3   4   0  -1  -4  -2  -2   21   0   0   0   7  14   0  10  15   3   0   0   0   0  23   3   3   0   0   0  0.49 0.21
  232 M    -1   0  -1  -1  -2   3   2  -3  -2   0   0  -1   3  -2  -2   1   2  -3  -2   0    1   3   0   0   0  18  14   0   0   4  11   0  11   0   0  13  16   0   0   7  0.22 0.15
  233 A     4  -2  -2  -2  -2   0  -1   1  -2  -3  -3  -2  -2  -3   1   2  -1  -4  -3  -1   49   0   0   0   0   5   3   8   0   0   0   0   0   0   7  22   0   0   0   3  0.50 0.23
  234 M     2  -2  -2  -3  -2  -2  -2  -2  -2  -1   1  -2   4  -2  -2   2   1  -3  -2   1   26   0   0   0   0   0   0   0   0   0  10   0  24   0   0  19   7   0   0  11  0.31 0.17
  235 R    -1   4   0  -2  -3   2   0  -1  -1  -3  -1   0  -2  -2   0   0   1  -3   1  -2    4  41   5   0   0  11   4   4   0   0   5   0   0   0   4   4  10   0   7   0  0.36 0.16
  236 R     1   4  -1  -1  -3   1   1  -2  -1  -3  -3   2  -2  -3   1   2   0  -3  -2  -2   11  31   0   0   0   6   8   0   0   0   0  10   0   0   5  24   5   0   0   0  0.39 0.13
  237 N     0  -1   4  -1  -3  -1  -1   1  -1  -3  -3   0  -3  -4   1   2   2  -4  -3  -3    5   0  36   0   0   0   0  10   0   0   0   5   0   0   7  25  12   0   0   0  0.47 0.16
  238 D    -2   1   3   1   2   0   2  -2  -1  -2   0   1   1  -3  -2  -1  -1  -3  -2  -2    0   9  26   8   7   0  24   0   0   0  10   9   7   0   0   0   0   0   0   0  0.29 0.10
  239 L    -2  -3  -3   0  -2  -2  -3  -4  -3   2   3  -3   3   0  -3  -3  -1  -3  -2   2    0   0   0   7   0   0   0   0   0  13  54   0   8   0   0   0   0   0   0  18  0.39 0.10
  240 E     1   0   1   2  -3   2   1   1  -1  -2  -1   1  -1  -3  -2   0  -1  -3  -2  -2   18   0   8  19   0  19   6  10   0   0   7  13   0   0   0   0   0   0   0   0  0.24 0.07
  241 L    -2   2  -3  -3  -2  -2  -2  -4  -2   0   4  -1   1   2  -3  -2   1  -2  -1   0    0  16   0   0   0   0   0   0   0   0  64   0   0   9   0   0  11   0   0   0  0.32 0.08
  242 T    -1  -1   0   2  -2   3   0   0  -1  -2  -2   0  -2  -2  -2   1   2  -2   2  -2    0   0   0  16   0  23   0   9   0   0   0   0   0   0   0  13  28   0  11   0  0.27 0.07
  243 L     0  -2  -3  -4  -2  -2  -3  -3  -3   1   4  -2   4   1  -3  -2  -1  -2  -1   0    9   0   0   0   0   0   0   0   0   0  61   0  25   5   0   0   0   0   0   0  0.43 0.08
  244 E    -1  -1   2   1  -3   1   5  -2  -1  -4  -3   0  -3  -4   2   1  -1  -4  -3  -3    0   0  13   0   0   0  62   0   0   0   0   0   0   0  12  13   0   0   0   0  0.62 0.09
  245 P    -1  -3  -2  -2  -3  -2  -2  -3  -3  -3  -4  -2  -3  -4   8   1  -1  -4  -3  -3    0   0   0   0   0   0   0   0   0   0   0   0   0   0  87  13   0   0   0   0  1.90 0.15
  246 V    -2  -2  -2  -3  -2  -2  -3  -3   4   2   0  -3   0   4  -3  -2  -1  -1   1   2    0   0   0   0   0   0   0   0  19  29   0   0   0  35   0   0   0   0   0  17  0.31 0.04
  247 Y    -2  -2  -1   4  -3  -1  -1  -3   1  -2  -2  -2  -2   2  -3  -1  -2   1   6  -2    0   0   0  35   0   0   0   0   0   0   0   0   0   0   0   0   0   0  65   0  0.71 0.07
  248 N    -2  -1   5   0  -3  -1  -1  -1  -1  -3  -4  -1  -3  -4   6   0  -1  -4  -3  -3    0   0  55   0   0   0   0   0   0   0   0   0   0   0  45   0   0   0   0   0  1.03 0.07
  249 C    -1  -2  -2  -3   5  -2  -2  -3   4  -1  -1  -2  -1   4  -3   0  -1   0   3  -2    0   0   0   0  24   0   0   0  19   0   0   0   0  35   0  10   0   0  12   0  0.44 0.05
  250 N    -2  -1   6   1  -3   0   0  -1   3  -3  -3   0  -2  -3  -2   0   0  -3  -1  -3    1   1  78   1   0   1   1   1  10   1   1   1   0   0   1   1   1   0   0   1  0.65 0.06
  251 L    -1  -3  -3  -4   7  -3  -4  -3  -3   1   3  -3   1  -1  -3  -2  -1  -2  -2   0    0   0   0   0  43   0   0   0   0   0  57   0   0   0   0   0   0   0   0   0  0.60 0.04
  252 G     0  -3  -1  -2  -3  -2  -2   6  -2  -4  -4  -2  -3  -4  -2  -1  -2  -3  -3  -4    0   0   0   0   0   0   0 100   0   0   0   0   0   0   0   0   0   0   0   0  1.16 0.05
  253 C    -1  -3  -3  -4   9  -3  -4  -3  -2  -1  -1  -3  -1  -1  -3  -1  -1  -1   2  -1    0   0   0   0  85   0   0   0   0   0   0   0   0   0   0   0   0   0  15   0  0.99 0.01
  254 F    -2  -3  -3  -4  -3  -3  -3  -3   0   0   0  -3   0   6  -4  -2  -2   1   5  -1    0   0   0   0   0   0   0   0   0   0   0   0   0  72   0   0   0   0  28   0  0.69 0.00
  255 A     4  -1  -1  -2  -1  -1  -1   0  -2  -1  -2  -1  -1  -2  -1   1   2  -3  -2   0   81   0   0   0   0   0   0   0   0   0   0   0   0   0   0   0  19   0   0   0  0.34 0.00
  256 A     3  -1  -1  -1  -1  -1  -1   0  -2  -1  -2  -1  -1  -2  -1   2   2  -3  -2   0   68   0   0   0   0   0   0   0   0   0   0   0   0   0   0  13  19   0   0   0  0.32 0.00

                      K         Lambda
Standard Ungapped    0.1310     0.3162
Standard Gapped      0.0422     0.2670
PSI Ungapped         0.1372     0.3084
PSI Gapped           0.0422     0.2670
