
Last position-specific scoring matrix computed, weighted observed percentages rounded down, information per position, and relative weight of gapless real matches to pseudocounts
            A   R   N   D   C   Q   E   G   H   I   L   K   M   F   P   S   T   W   Y   V   A   R   N   D   C   Q   E   G   H   I   L   K   M   F   P   S   T   W   Y   V
    1 M    -6  -6  -7  -8  -6  -5  -7  -8  -7  -1   0  -6  11  -5  -7  -6  -6  -6  -6  -4    0   0   0   0   0   0   0   0   0   2   7   0  91   0   0   0   0   0   0   0  3.44 1.22
    2 D     0  -4   1   5  -6  -1   5  -2  -4  -2  -3  -2  -1  -6  -3  -2  -2  -6  -3  -4    7   0   6  33   0   2  36   3   0   2   2   1   2   0   1   2   2   0   1   1  0.90 0.51
    3 V    -2  -3  -1  -5  -4  -3  -5  -5  -2   4   3  -4   3   2  -3  -1  -2  -2  -1   2    2   1   3   0   0   1   0   0   1  22  29   0   6   7   1   4   2   1   2  17  0.58 0.35
    4 P    -1  -3  -1  -2  -1   1  -3  -3  -2   1   2  -3   0   1   2   2   2   1  -2  -1    5   0   2   1   1   6   1   1   1   8  22   0   2   5   9  17  13   2   1   4  0.24 0.25
    5 C     2  -3   2  -2   0  -1  -2  -2   0  -2   0  -3   0   0   0   1   3   4   1  -1   15   0  10   2   2   2   1   2   2   2   8   1   2   3   4  10  19   6   5   4  0.26 0.25
    6 L    -3  -4  -6  -6  -4  -4  -5  -5  -3   3   4  -5   5   2  -1  -3  -1  -2  -2   1    2   1   0   0   0   0   0   1   1  17  36   0  16   7   4   2   3   1   1   9  0.81 0.45
    7 W     0  -5  -5  -6   1  -3  -3  -4  -5   1   3  -5   0   2  -1   0  -4   8   1  -1    7   0   0   0   3   1   2   1   0   9  24   0   2   9   4   7   1  22   5   4  0.85 0.47
    8 Y    -1  -4  -3  -4   0  -2  -3  -4  -2   1   1  -2   0   4  -1   1  -1   1   3   0    5   0   1   1   2   1   2   1   1  10  15   3   1  21   3  10   4   2  12   7  0.39 0.28
    9 S     2  -4  -3  -4  -2  -2  -2  -1  -2   0   0  -4  -3   0  -1   3   3  -3  -1   1   14   0   0   1   1   2   3   4   1   4  10   0   0   5   3  23  18   0   2   8  0.35 0.32
   10 L    -1  -6  -6  -7  -3  -5  -6  -5  -6   3   4  -6   1   0  -6  -3   0  -4  -2   3    5   0   0   0   0   0   0   1   0  15  43   0   3   4   0   2   6   0   1  18  0.90 0.50
   11 L    -1  -5  -6  -6   0  -2  -6  -4  -5   4   4  -6   1   2  -4  -2   0   0  -1   2    5   0   0   0   2   2   0   1   0  19  33   0   3   7   1   4   6   1   2  14  0.66 0.40
   12 I     1  -6  -6  -7  -3  -5  -6  -3  -6   4   3  -6  -3   1  -3  -2  -1  -3   0   3   13   0   0   0   0   0   0   3   0  24  22   0   0   6   2   4   4   0   3  18  0.69 0.43
   13 L     2  -6  -6  -7  -1  -5  -6  -2  -6   2   4  -6  -1   2  -5   0  -1  -6  -4   2   14   0   0   0   2   0   0   4   0  11  32   0   1   8   1   7   4   0   0  15  0.62 0.41
   14 L     1  -6  -6  -6   0  -5  -5  -2  -6   3   3  -6  -1   1  -2  -1   0  -3  -3   2   13   0   0   0   2   0   0   3   0  16  28   0   1   6   2   6   6   0   1  16  0.58 0.38
   15 L     2  -5  -5  -6   1  -4  -5   0  -4   2   2  -5  -1   1  -2   0   1  -2  -2   2   20   0   0   0   3   1   0   7   0   9  19   0   1   6   2   6   8   1   1  14  0.40 0.32
   16 L     1  -5  -6  -6   1  -5  -6  -2  -6   3   3  -5  -2   2  -4   0   1  -2  -2   2   13   1   0   0   3   0   0   4   0  13  24   0   1   9   1   9   8   1   1  12  0.48 0.34
   17 F     1  -5  -6  -7   3  -4  -6  -4  -4   2   1  -5  -2   5  -3  -1  -1   3   1   2   11   1   0   0   6   1   0   2   0  11  15   0   1  22   2   4   4   3   4  12  0.62 0.39
   18 I    -1  -6  -6  -5   0  -4  -6  -3  -7   4   3  -5  -1   0  -5  -1   0  -2  -1   3    6   0   0   1   2   1   0   2   0  23  31   0   1   3   1   5   5   1   2  17  0.73 0.43
   19 F     1  -5  -4  -6   0  -5  -6  -1  -2   1   1  -3  -1   5  -5   0   0  -1   3   1   13   0   1   0   2   0   0   5   1   9  11   2   1  23   1   6   5   1   9  11  0.55 0.36
   20 L    -1  -3  -5  -7   2  -4  -6  -5  -2   1   4  -3   0   3  -4  -1  -1   3   3   1    6   1   0   0   5   1   0   1   1   8  33   1   2  10   1   5   5   3   9   8  0.58 0.38
   21 L    -1  -3  -3  -6  -1  -3  -6  -4  -3   3   3  -2   0   3  -5  -1  -2   4   2   0    5   2   1   0   2   1   0   1   1  16  30   3   2  11   0   4   3   6   6   6  0.55 0.35
   22 I    -1  -3  -4  -5  -1  -3  -5  -4  -4   3   3  -3  -1   1  -4  -1  -1   3   0   2    6   2   1   0   1   1   1   2   0  18  28   2   1   6   1   4   4   4   3  14  0.49 0.31
   23 H    -1   0  -1  -4  -1  -2  -4  -3   2   1   1   0  -2   3  -5  -2  -1   2   5   0    5   5   3   1   1   2   1   2   5   8  16   6   1  10   0   3   5   2  18   8  0.38 0.28
   24 H    -1   2  -1   0  -4  -1  -3  -3   0   1   1   1  -2   2  -4  -1  -2   5   4  -2    4  10   3   5   0   3   1   2   2   7  12   9   1   9   1   5   3   8  12   3  0.30 0.24
   25 C     0  -1   0  -4   1  -1  -3  -2   0   1   2   0  -2   3  -3   1   0   1   0   0    7   4   4   0   2   2   1   2   2   7  21   5   0  12   1   9   6   2   3   7  0.17 0.17
   26 F    -3   0  -3  -6  -5  -4  -5  -7   1   1   1  -1   1   5  -5  -2  -3   7   4   0    2   6   1   0   0   0   1   0   3   8  14   3   3  21   0   4   2  12  12   5  0.81 0.47
   27 T    -2   3   1  -2  -3  -1  -3  -2   1  -1  -1   1  -2   1  -2   1   1   5   2  -2    3  14   7   2   1   3   1   3   4   3   7   9   1   5   2  12   9   7   6   3  0.26 0.24
   28 T    -2   3   0  -2  -6   1  -3  -2   2  -4  -1   3  -3  -1  -1   1   1   3   2  -2    3  14   4   2   0   6   1   2   5   1   7  16   0   3   4  10   7   3   8   3  0.31 0.29
   29 S    -2   3   0  -2  -3   1  -2  -2   0  -3  -1   1  -2   0   1   2  -1   5  -1  -3    3  15   4   2   1   6   2   4   2   2   7   8   1   4   8  14   4   9   2   2  0.31 0.29
   30 K    -4   4   0  -5  -2  -1  -2  -3  -1   0  -1   4  -3   0   0   0  -2  -2  -1  -1    1  25   4   0   1   3   2   2   2   5   8  23   1   3   4   7   3   1   2   4  0.52 0.38
   31 T    -2   3  -1  -2  -2  -1  -2  -1   1  -3   0   3  -4   0   2   1   0   1   2  -3    2  15   2   2   1   2   2   5   4   1   8  15   0   4  10  11   6   2   6   2  0.28 0.27
   32 Q    -3   4  -1  -3  -1   1  -2  -3   1  -2  -2   4  -3  -1   0   1  -2   2  -2  -3    2  23   3   1   1   5   3   2   3   3   5  23   1   3   4  10   3   3   1   2  0.50 0.37
   33 N    -1   3   3  -2  -5  -1  -2   2   2  -2  -1   3  -1  -2   0   0  -1  -3  -2  -4    4  13  12   1   0   2   2  15   4   3   5  17   1   2   4   6   4   0   1   1  0.33 0.27
   34 M    -1   0  -1  -2   0  -1  -1   0  -1   0   2   1   1   0   0  -1  -1   0   1   0    5   6   3   2   2   2   3   7   2   4  21  11   3   4   4   5   4   1   4   8  0.06 0.08
   35 F    -1   2   3  -1   0   0  -2   0   1  -2  -2   3  -2  -1   1   0  -2  -3  -2  -2    5  12  12   3   2   3   2   7   3   2   5  19   1   3   8   6   3   0   1   3  0.25 0.21
   36 L    -2  -1  -1  -3  -3  -1  -1  -1   1   0   3  -1  -1   0   0   0  -2   1   1  -2    3   4   3   2   1   3   5   4   3   6  35   4   1   4   5   7   2   2   5   2  0.26 0.21
   37 P    -3  -5  -4  -5  -5  -4  -5  -4  -5   3  -1  -3  -2  -1   7  -3  -4  -5  -5  -3    2   1   1   1   0   1   1   2   0  13   7   2   1   3  58   3   1   0   1   2  1.62 0.76
   38 P    -4  -3  -4  -6  -4  -2  -4  -5  -3  -5  -7  -1  -6  -7   8  -2  -3  -7  -7  -5    1   2   1   0   1   2   2   1   1   1   1   4   0   0  75   4   2   0   0   1  2.34 1.12
   39 S    -3  -6  -4  -6  -1  -4  -4   7  -2  -4  -4  -6  -7  -8  -3   1  -3  -4  -5  -4    2   0   1   0   1   1   1  72   1   1   2   1   0   0   2  10   2   0   0   2  1.78 0.90
   40 P    -3  -6  -6  -2  -8  -6  -3  -6  -6  -4  -4  -3  -8  -8   8  -1  -2  -5  -7  -2    2   0   1   3   0   0   2   1   0   1   2   2   0   0  74   4   3   0   0   3  2.29 1.17
   41 R    -3   2  -2  -6  -6  -3  -3  -3  -5  -1  -1   3   3   1   3  -1   1   5  -3  -3    2  11   2   0   0   1   2   2   0   4   5  18   6   7  16   5  10   8   1   2  0.56 0.42
   42 K     0   1  -2  -5  -5  -3  -5   4  -3  -5  -4  -1  -3  -2   5   0   0   1  -1  -3    8   8   2   0   0   1   1  27   1   1   2   4   1   2  24   7   6   2   2   2  0.69 0.47
   43 L    -4  -3  -4  -7  -1  -6  -6  -7   1   1   4  -3  -2   2  -6  -3  -4   8   1   0    2   1   1   0   1   0   1   0   3   8  37   2   1   8   1   2   1  20   4   6  1.20 0.63
   44 P    -3  -6  -7  -6  -8  -3  -7  -6  -7  -4  -4  -5  -7  -2   8  -5  -5   4  -6  -6    3   1   0   1   0   1   0   1   0   2   2   1   0   2  79   1   1   4   0   1  2.65 1.28
   45 I    -5  -5  -7  -6  -5  -6  -7  -5  -6   5   3  -6  -2   4  -6  -6  -6   2   0   2    1   1   0   0   0   0   0   1   0  30  28   1   1  18   1   0   0   3   3  12  1.18 0.59
   46 I    -6  -5  -6  -7  -4  -6  -6  -7  -6   6   3  -6   0   3  -6  -5  -3   0  -2   2    1   1   1   0   0   0   0   0   0  38  22   0   2  13   0   1   2   1   2  15  1.25 0.60
   47 G    -4  -3  -5  -7  -7  -6  -6   8  -4  -8  -8  -6  -7  -6  -7  -2  -6  -7  -6  -7    2   2   0   0   0   0   1  87   1   0   1   1   0   0   0   4   1   0   0   0  2.53 1.14
   48 N    -3  -4   7  -4  -4  -3   0  -4   6  -7  -7  -4  -1  -5  -5   1  -1  -4  -1  -4    2   1  47   1   1   1   7   1  15   0   1   1   2   1   1  11   4   0   2   1  1.51 0.83
   49 L     0  -6  -7  -7  -2  -4  -5  -4  -4   2   4  -5   3   1  -7  -3   1   2   1   0    7   0   0   0   1   1   1   2   0  11  42   1   7   5   0   2   8   2   5   6  0.79 0.48
   50 H    -3   0  -5  -5  -4  -3  -4  -3   7   0   3  -2  -2   2   1  -3  -2   1   1  -2    2   4   0   0   0   1   1   2  22   5  28   3   1   8   8   2   2   2   4   2  0.78 0.48
   51 Q    -1  -2  -1   0  -4   5   2  -3   2  -4   1  -2   0   1  -4   0  -1   1  -2  -4    5   2   2   6   0  28  11   2   4   1  15   2   2   6   1   6   3   2   1   1  0.52 0.42
   52 L    -5  -4  -7  -8  -5  -5  -8  -7  -7   3   4  -7   4   4  -8  -5  -6   0   2   2    1   1   0   0   0   1   0   1   0  12  40   0   8  16   0   1   0   1   6  11  1.18 0.62
   53 G    -2   2   0   1  -3  -1  -4   3  -2  -2  -1   1  -2  -1  -1   0  -2   3  -1  -3    3  12   5   7   1   3   0  26   1   3   5   9   1   3   3   7   3   4   3   2  0.32 0.27
   54 S    -2   1   0   0  -6   0   0   2  -4  -4  -2   4   1  -3   1   1   0  -5  -5  -4    2   8   5   5   0   4   5  13   0   1   4  23   4   1   6  11   6   0   0   1  0.39 0.33
   55 H    -3   1   3   3  -5   2  -1   1   2  -4  -1   1   0  -4  -1  -2  -1  -3   0  -4    2   6  14  14   0   8   4  10   5   0   8   9   2   1   4   3   5   0   4   1  0.31 0.28
   56 P    -2  -1  -4  -4  -7  -2  -1  -4  -2   2   1  -2   2   1   6  -4  -2  -2  -4  -2    3   3   1   1   0   2   5   2   1  10  14   3   5   6  34   1   3   1   1   3  0.74 0.50
   57 H    -4  -1  -1  -2  -2   0  -1  -2   9  -1  -2  -5  -2   0   0  -2  -2   4   2  -3    2   3   3   3   1   4   4   4  39   4   4   0   1   4   5   3   3   5   6   2  1.18 0.66
   58 R    -2   3  -1  -1  -3   2   2  -3   2  -2   0   2  -3  -1  -2   0  -2  -3  -1  -1    3  16   3   4   0   9  11   2   4   3  10  12   0   2   2   8   2   0   3   5  0.25 0.24
   59 S     0  -2   0  -1  -1  -1  -3  -3   0   0  -1  -1   0   4  -4   3   1   0   1   0    8   2   4   3   1   3   1   2   2   4   5   4   2  19   1  19   8   1   5   6  0.31 0.27
   60 L    -4  -5  -6  -2   0  -4  -7  -5   0   2   4  -6   3   5  -8  -5  -4   0   1   0    2   1   0   2   2   1   0   1   2  11  35   0   7  21   0   1   1   1   4   6  0.98 0.54
   61 R     0   2   0   1  -1   2   0  -2   2  -2  -1   0   2   0  -3  -1   2   0   0  -3   10  10   5   7   1  11   6   3   5   2   5   6   5   3   1   4  11   1   3   1  0.18 0.20
   62 K    -1   2   1   2  -4   2   3  -4  -1  -5  -6   4  -2  -5  -5   0  -3  -1   0  -5    6   9   7  11   0   8  19   1   2   1   0  20   1   1   0   6   2   1   3   1  0.59 0.43
   63 L    -4   0  -3  -5   3  -3  -6  -8  -1  -1   4  -3   4   1  -8  -5  -6   6   2  -3    2   5   2   1   5   1   0   0   1   3  41   2   9   6   0   1   0  11   7   1  1.07 0.60
   64 S     2   2   0  -5  -3   1  -4  -4   5  -3  -3  -2  -1   0  -6   3  -1  -1   2  -1   18  10   4   0   1   6   1   1  13   2   2   2   2   4   0  19   3   1   6   5  0.51 0.40
   65 Q    -1   2   0   1  -5   3   3  -5  -1  -5  -3   5  -3  -5  -5  -2  -2  -7  -5  -6    4  12   4   7   0  12  16   1   2   1   3  29   1   0   0   4   3   0   0   0  0.79 0.52
   66 K    -4   4  -3  -3  -6   2   0  -6  -3  -1  -4   6   0  -6  -5  -4   1  -3  -5  -2    2  17   1   1   0   7   6   1   1   4   2  41   2   0   1   1   9   0   0   4  1.02 0.61
   67 Y    -6  -7  -5  -8  -3  -7  -8  -7   4  -7  -3  -6  -4   3  -7  -5  -5  -3   9  -7    1   0   1   0   1   0   0   0   8   0   3   1   1   9   0   1   1   0  72   0  2.88 1.29
   68 G    -5  -4  -4  -4  -8  -5  -6   7  -5  -8  -8  -4  -8  -9  -2  -4  -5  -8  -9  -7    1   1   1   1   0   1   1  85   0   0   0   1   0   0   3   2   1   0   0   1  2.45 1.15
   69 P    -4  -1   0   3  -4  -2  -1   0  -1  -8  -7   1  -7  -6   6   1  -3  -5  -6  -7    1   3   4  17   0   2   4   6   1   0   0   8   0   0  41   9   2   0   0   0  1.16 0.72
   70 V    -2  -5  -3  -8  -6  -7  -7  -5  -8   6   1  -6   1   1  -7  -5  -1  -7  -4   5    3   1   2   0   0   0   0   1   0  33  13   0   3   6   0   1   5   0   0  31  1.20 0.62
   71 M    -3  -7  -5  -7   1  -6  -7  -6  -2   0  -1  -7   5   6  -5  -3  -4   3   5   2    3   0   1   0   3   0   0   1   1   4   6   0  13  33   1   3   1   3  15  11  1.30 0.66
   72 L    -3   4  -3  -5   0   0  -4   1   2  -4   0   1  -2  -1  -3   2   2  -1   0  -3    2  19   1   0   2   5   1  10   4   1   8   8   1   3   2  13  15   1   3   2  0.38 0.33
   73 L    -4  -5  -5  -7  -2  -6  -3  -7  -3   3   4  -7   1   3  -7  -2   1  -1   1   3    1   1   0   0   1   0   2   0   1  17  30   0   2  10   0   3   8   1   4  17  0.80 0.46
   74 H    -4   4  -1  -3  -4   1  -4  -6   4  -6  -6   2  -1   0  -3   0  -2   8   4  -5    1  19   3   2   0   7   1   1   9   1   1  11   2   3   2   7   3  16  11   1  1.00 0.59
   75 L    -2  -4  -4  -3  -4  -4  -3  -7  -6   4   4  -6   4   4  -3  -5  -2  -3  -2   1    3   1   1   2   0   1   2   0   0  18  33   0   9  14   2   1   3   0   1   8  0.84 0.46
   76 G    -1  -6  -4  -6  -2  -6  -7   7  -7  -3  -1  -7   1   2  -4  -4  -5  -7  -3  -3    6   0   1   0   1   0   0  64   0   2   7   0   3   9   1   1   1   0   1   2  1.56 0.79
   77 S    -1   0   1  -1  -3   0  -1   3   1  -5  -3  -3   1  -1   3   2   0   0  -3  -4    4   6   6   3   1   4   4  18   3   0   3   1   4   3  14  16   7   1   1   1  0.35 0.31
   78 K    -2   3   1  -2   0   2   0  -4   0   0  -2   2  -1  -2  -2  -1   2  -5  -1   1    2  15   6   2   2   8   5   1   3   5   3  12   1   2   3   4  11   0   2  11  0.25 0.23
   79 P    -2   1   0   0  -5  -2   1  -5   1  -4  -3  -1  -3  -2   6   0   0  -7  -1  -4    3   8   4   5   0   2   9   1   3   1   4   4   1   2  36   6   6   0   2   2  0.73 0.51
   80 V     0  -1  -2  -6   1  -3  -3  -5  -1   1  -1  -5   4   1  -5  -1   4  -1  -3   4    8   3   2   0   3   1   2   1   1   8   6   0   8   6   0   5  21   1   1  22  0.56 0.39
   81 I    -3  -7  -7  -6  -5  -8  -6  -8  -8   4   2  -7  -1  -1  -8  -4  -1  -5  -3   6    3   0   0   1   0   0   1   0   0  19  19   0   1   2   0   2   4   0   1  46  1.34 0.69
   82 V    -2  -3  -2  -8  -1  -4  -6  -7   0   3   0  -7   2   1  -4  -1  -2  -4   1   6    4   2   2   0   1   1   0   0   3  12   8   0   4   6   1   5   2   0   5  44  0.95 0.54
   83 A    -1  -6  -7  -7  -3  -7  -7  -7  -5   4   3  -7  -2  -1  -7  -3   0  -7  -1   5    6   0   0   0   1   0   0   0   0  24  23   0   1   3   0   3   7   0   2  30  1.06 0.57
   84 S     0  -1   2  -5   3  -4  -6  -3   2  -2  -2  -3   2  -3  -6   4   2  -5   1  -3    6   4   9   1   6   1   0   2   4   3   4   1   4   1   0  34  14   0   5   2  0.69 0.51
   85 S    -6  -2   1   5  -1  -4   0   3   1  -7  -5  -3  -7  -8  -5   3  -1  -8  -7  -8    0   2   6  33   1   1   6  18   3   0   2   2   0   0   1  20   5   0   0   0  1.02 0.63
   86 V     1  -1  -4  -5  -6  -4  -5  -6   0  -3  -1  -3  -4  -2   7   0  -2   1   2  -4   12   3   1   1   0   1   1   1   2   2   7   2   0   2  45   6   3   2   7   1  1.10 0.70
   87 D    -1  -1  -1   4  -6   1   5  -5  -1  -5  -6   1  -7  -9  -2   0  -4  -9  -8  -5    6   4   3  21   0   5  38   1   2   1   1   8   0   0   2   7   1   0   0   1  1.02 0.65
   88 A     2  -4   0   0  -3  -3  -3  -1  -2   1   2  -4   2  -1  -5  -2   1  -2   0   1   20   1   6   5   1   1   2   5   1   7  19   1   6   2   0   3   8   1   4   8  0.28 0.25
   89 A     4  -7   0  -7  -1  -5  -7  -5  -3   4  -1  -7   1  -2  -6  -3  -3   1  -2   4   29   0   5   0   1   0   0   1   1  23   5   0   3   2   0   2   1   2   1  23  0.95 0.56
   90 R    -2   5  -2  -4  -5   0   2  -6   3  -5  -7   5  -5  -2  -6  -3  -5  -2  -2  -6    4  24   2   1   0   4  13   0   5   1   0  36   0   2   0   2   1   1   2   1  1.18 0.69
   91 D    -1  -2  -2   1  -5   3   5  -6   3  -4  -3   0  -3   0  -4  -4  -1  -7  -2  -2    5   3   2   7   0  12  38   0   6   1   4   5   1   4   1   1   5   0   2   3  0.80 0.54
   92 I     2  -7  -7  -8   1  -7  -7  -7  -4   5   1  -7   0   0  -7  -5  -5  -7  -6   5   16   0   0   0   3   0   0   0   1  27  11   0   3   4   0   1   1   0   0  33  1.22 0.64
   93 L    -7  -7  -6  -8  -3  -6  -7  -6  -3  -3   5  -7   3   5  -7  -6  -6   0   2  -4    0   0   0   0   1   0   0   1   1   2  57   0   7  19   0   1   1   1   7   1  1.61 0.79
   94 K    -1   2   0  -2  -4   0  -3  -2   1   2  -1   3  -1  -4  -4   0   1  -5  -2   3    5   9   5   2   0   4   1   4   3  10   5  17   1   1   1   6   7   0   1  18  0.27 0.23
   95 T    -1   1   2   2  -3   1  -1  -2  -1  -4  -5   3  -5  -3  -4   1   3  -4  -4  -3    4   7  10   9   1   6   3   4   2   1   1  19   0   1   1  10  18   0   1   2  0.46 0.35
   96 H    -4   0   3   0   1   4   1  -4   5  -4  -4   2  -2  -3  -2  -1  -3  -4  -1  -3    1   5  14   6   3  16  10   1  13   1   2  11   1   1   3   4   2   0   2   2  0.61 0.42
   97 D     0  -4   0   4  -4  -2  -1   3   1  -6  -4  -2  -6   3  -1   1  -3  -1   0  -6    7   1   4  23   0   2   4  19   3   0   2   3   0  13   3  11   1   1   3   0  0.59 0.40
   98 H     0   0   1   1  -4   0   2  -2   3  -1   0   1  -3  -3  -2   1  -1  -3  -1   0    7   5   5   8   0   4  14   2   6   3   8   9   0   1   2  12   3   0   2   6  0.17 0.17
   99 V    -1  -2   2   2  -2  -2   2  -3   0   1   0  -1  -2  -1  -2   0  -1  -5  -1   1    6   2  11  13   1   2  12   2   3   9   9   3   1   3   2   6   3   0   3  10  0.17 0.16
  100 W    -4  -3  -4  -6   2  -3  -5  -5  -3  -1   0  -3  -1   7  -5  -4  -1  -1   3   0    1   2   1   1   4   1   1   1   1   3  10   2   1  46   1   2   5   1  10   7  1.29 0.62
  101 A     2  -3  -1  -2   1  -1  -2  -1   0  -2  -3   0  -2  -2   1   4   1  -5  -2  -1   17   1   3   2   3   3   3   5   2   2   2   6   1   2   8  26   8   0   2   4  0.36 0.31
  102 T     0  -1   3   3  -2  -1  -2   2  -1  -3  -3   0  -2  -3  -2   2  -1  -5  -2  -3    8   3  14  14   1   3   2  17   2   1   3   7   1   1   2  13   4   0   1   2  0.33 0.26
  103 R    -3   7  -1  -5  -6  -2  -1   0   0  -4  -5   0  -5  -2  -4  -2  -4   2  -3  -5    2  59   3   1   0   2   4   8   2   1   1   5   0   2   1   3   1   2   1   1  1.52 0.76
  104 P    -2  -1  -2  -2  -5  -3  -1   1  -1  -4  -4  -2   0   0   6  -2  -2   2   0  -3    4   4   2   3   0   1   4  12   1   1   2   3   2   3  41   4   3   2   4   2  0.89 0.55
  105 K    -1   1  -1   1  -2   0   0  -3   1  -1  -1   2  -1  -2   2   0   0   0   0   0    5   9   2   8   1   5   6   2   3   4   6  12   2   1  10   8   5   2   3   6  0.13 0.14
  106 Y    -1  -2   1  -2  -4  -1  -3  -2   1  -1   1   0   1   2   0   1   1   2   3  -1    6   1   6   2   0   2   1   2   3   4  12   6   3   9   5   9   9   3  11   4  0.18 0.18
  107 S     0  -1   0  -1  -4   0  -1  -2   0  -2  -1   0  -1  -1   4   1   0   1   2  -1    9   3   4   4   0   4   3   3   3   3   7   6   1   3  21   9   5   2   6   5  0.24 0.22
  108 I     1  -1  -2  -2  -3  -2  -3   0   0   2   0  -1   1   2  -1   1   1  -3   0   2   11   3   2   2   0   1   1   6   2  10   7   3   4   9   3  10   8   0   3  15  0.14 0.15
  109 A     1  -1  -1  -3  -3  -1  -2  -1  -1   0   1  -2   1   3  -1   0   0  -1   2   0   11   4   2   1   0   3   3   4   1   4  12   2   4  15   3   9   7   1   6   8  0.16 0.16
  110 D    -2   2   0   2  -6   1   1   0   3  -4  -2   2  -1  -2  -2  -2   0  -3   1  -3    3  10   4  13   0   5  10   7   7   1   4  14   1   2   2   2   6   0   5   2  0.29 0.24
  111 S    -1   1  -1  -1   0   0   0  -2   2   1   0   1   0  -1   1   0   0   0   0  -1    4   7   2   4   2   3   6   4   6  12   8   8   2   3   9   6   6   2   4   4  0.07 0.09
  112 L    -2   0  -3  -1  -2  -3  -3  -3  -2   3   3  -2   3   3   1  -4  -3   1   0   0    4   5   1   3   1   1   2   2   1  13  24   3   7  11   6   1   2   2   3   7  0.38 0.26
  113 L    -1  -2   0  -2  -1  -3  -3   1  -1   0   1  -2   2   2  -1   1   1  -1  -1   0    5   3   4   3   1   1   1  12   1   6  16   2   5   8   3  12  11   1   1   7  0.14 0.15
  114 Y    -1   1   0  -1  -2   0  -2   0   2  -2   0   0   1   3  -1  -1   0  -1   4  -2    4   6   5   4   1   5   2   6   4   2   8   6   3  12   3   4   5   1  15   2  0.23 0.19
  115 G    -3  -2   4   2  -3  -2  -3   5   1  -3  -4   0  -1  -3  -1  -1  -4   1  -2  -4    2   3  16  10   1   2   2  35   3   2   2   5   2   2   4   4   1   2   2   2  0.70 0.43
  116 S    -1   0   1  -1   0  -1   1   2   1  -3  -1   1  -2   0   0   0  -1   1   2  -3    5   4   6   3   2   3   8  18   3   1   7   9   1   5   5   8   3   2   6   2  0.13 0.13
  117 K    -1   2   1  -1  -1   2  -1   2   1  -2  -1   3  -1  -1  -1   0  -1  -4  -1  -2    4  10   5   4   1   8   3  14   4   3   6  17   1   2   3   7   4   0   2   3  0.18 0.16
  118 D    -1  -3   1   4  -2  -3  -2   3  -1  -3  -2  -4  -1  -4  -2   2   1  -3  -3  -1    6   2   7  21   1   1   2  22   2   2   4   1   2   1   2  14   7   0   1   4  0.47 0.34
  119 V    -3  -4  -1  -3  -2  -4  -5   2  -1   4   2  -4   3  -1  -5  -1  -3  -4  -2   3    2   1   4   2   1   0   1  14   2  22  17   1   7   2   1   5   1   0   1  17  0.55 0.32
  120 G     2  -5  -3  -5  -3  -4  -5   1  -5   4   2  -5  -2   0  -2   0  -1  -5  -1   2   14   1   1   0   0   1   0  11   0  19  17   0   1   5   2   7   3   0   2  15  0.46 0.31
  121 F    -4  -7  -3  -3  -3  -5  -6  -5  -4   0   2  -5   1   7  -4  -3  -1   2  -1  -1    2   0   1   2   1   1   1   1   0   5  19   1   4  45   1   3   5   2   1   5  1.26 0.63
  122 S     3  -5   2  -2   0  -4  -4  -2   0  -1   0  -4   1  -3  -5   3   2  -4  -5  -1   21   0  10   2   2   1   1   4   2   3   9   1   3   1   0  21  13   0   0   4  0.46 0.37
  123 P     0   0   2   1  -3   0  -1  -4   0  -3   0  -1  -1  -4   4   2   1  -6  -4   0    6   4   9   8   0   4   4   1   2   2   9   4   1   1  19  13   7   0   0   6  0.32 0.28
  124 F    -3  -1   3   3  -2   0  -1  -4   2  -3  -3  -3  -2   0  -4   0  -2  -1   6  -2    2   4  12  17   1   4   5   1   4   1   3   2   1   3   1   7   3   1  24   3  0.68 0.42
  125 G    -4  -3   0   1  -4  -3  -3   6   0  -7  -6  -3  -6  -6  -3   1  -2  -7  -6  -4    1   2   4   7   0   1   2  61   2   0   1   2   0   0   2   9   2   0   0   1  1.37 0.73
  126 E     1  -2  -1   4  -8   1   4  -3   0  -7  -5   0  -6  -5   3  -2  -3  -8  -5  -4   10   2   3  19   0   5  26   2   2   0   1   5   0   0  16   3   1   0   0   2  0.77 0.54
  127 Y    -1   2  -1   0  -5   0   2  -2   3  -2  -1   2  -2  -1  -1  -1   0  -3   3  -2    5  12   3   5   0   4  11   3   7   2   7  10   1   3   3   4   6   0  12   3  0.25 0.23
  128 W    -4  -5  -7  -8  -7  -3  -8  -9   6  -8  -4  -6   0  -2 -10  -5  -7  12  -2  -4    2   1   0   0   0   2   0   0  14   0   2   1   2   2   0   1   0  69   1   2  3.74 1.62
  129 W    -1   5  -4  -6  -8  -1  -2  -5   3  -4  -3   5  -4  -2  -6  -1  -4   3  -2  -4    5  31   1   0   0   3   3   1   6   1   3  31   1   2   0   5   1   3   1   1  1.09 0.65
  130 Q     0   3   0  -1  -5   3   2  -5   3  -3  -2   2  -1   0  -5  -1  -1  -5  -2  -3    8  15   4   3   0  12  12   1   7   1   5  14   2   5   0   4   4   0   1   2  0.40 0.32
  131 V    -1   1  -2  -3  -5   2  -4  -5   4   1   3  -3   5  -1  -6  -1  -2  -4  -1   0    5   6   2   2   0  10   1   1  10   7  24   1  13   3   0   4   3   0   2   6  0.55 0.38
  132 R    -8   9  -7  -8 -10  -5  -7  -8   0  -8  -7   1  -8  -9  -9  -8  -8  -9  -5  -9    0  86   0   0   0   0   0   0   2   0   1   8   0   0   0   0   0   0   0   0  3.04 1.38
  133 S    -2   6  -2  -5  -8  -1  -4  -2   0  -6  -4   5  -5  -6  -3   1  -1  -8  -7  -5    4  33   2   1   0   3   1   4   2   1   2  32   0   0   1   9   4   0   0   1  1.16 0.68
  134 I    -1   0  -3  -5  -3  -3  -4  -3  -3   4   3   1   3   3  -5  -3  -2  -4  -1   1    5   5   2   1   1   1   1   2   1  19  22   8   7  12   0   1   2   0   2   8  0.49 0.31
  135 V     1  -6  -6  -6   4  -4  -6  -6  -4   2   3  -6   2   2  -3   1   0  -1  -1   1   10   0   0   0   8   1   0   0   0  11  29   0   5   7   1  10   5   1   2   8  0.60 0.38
  136 V     2   0   2  -4  -5  -1  -5  -4   0   0   1  -3   3  -4  -5   1   2  -2  -3   2   14   4   9   1   0   3   0   1   3   4  14   2   6   1   0  11  14   1   1  12  0.34 0.30
  137 L    -1  -2  -1  -4  -5   2  -3  -3  -1  -3   0   0   2  -3   5   2   1  -7  -4  -1    5   2   4   1   0  10   1   2   1   2   8   6   4   1  24  15   8   0   1   4  0.49 0.40
  138 H     0  -1   1  -2  -4   1   3  -1   3  -2  -4  -1  -3  -3   2   1   2  -4  -2  -2    9   3   6   2   0   5  17   5   7   2   2   4   0   1  10   9  13   0   2   3  0.32 0.27
  139 L     2  -6  -6  -7  -4  -5  -5  -3  -6   1   4  -5   2   5  -6  -5  -5  -5  -2   0   18   0   0   0   0   0   1   2   0   6  36   1   4  21   0   1   1   0   1   5  0.99 0.53
  140 L    -5   2  -4  -7  -7  -6  -6  -5   0  -3   3  -4   4   6  -7  -3   1  -6  -1  -4    1  10   1   0   0   0   0   1   3   2  24   1   8  34   0   3  10   0   2   1  1.18 0.64
  141 S    -2  -1   2  -1  -2  -2  -3   1   3  -7  -4   1  -5  -3  -5   5   2  -7  -4  -5    3   4  10   3   1   2   1   9   7   0   2   8   0   1   1  35  11   0   1   1  0.72 0.52
  142 N    -1   0   2   0  -4  -1  -2   0  -1  -2  -1  -1   0   3   4   0  -1  -4  -1  -2    5   6   9   5   0   3   2   8   2   2   5   4   3  11  20   7   4   0   2   2  0.30 0.27
  143 K    -1   2   0   0  -6   1   1   2  -1  -4  -5   4  -3  -2  -4   0   0  -5  -4  -4    6   9   4   5   0   6   8  15   1   1   1  26   1   2   1   7   5   0   0   1  0.48 0.36
  144 R     2   3   1  -3  -1  -2  -2  -1  -1   0   0   1   4  -4  -4   1  -2  -5  -1   0   15  14   7   1   1   2   2   4   2   5   8   7  12   1   1   9   3   0   2   5  0.30 0.26
  145 V    -3  -2  -5  -5  -5  -3  -4  -2  -1   3   4   1   1  -1  -6  -4  -3  -7  -6   3    3   3   1   1   0   1   1   4   1  13  34   9   3   3   0   1   2   0   0  20  0.70 0.42
  146 Q     0   4   0  -1  -7   3   1  -4   0  -4  -3   4  -3  -3  -5  -1  -3  -7  -4  -3    7  20   4   3   0  13   9   1   2   1   3  26   1   1   0   4   2   0   1   2  0.72 0.49
  147 S     0   1   1  -1  -3   2   0  -1   0  -3  -3   1   2  -5  -1   4  -1  -1  -4  -4    8   6   7   3   0  10   5   6   2   1   3   7   6   0   3  26   4   1   0   1  0.38 0.34
  148 Y    -4  -5  -4  -8  -3   0  -6  -4   1   1   2  -6   4   5  -5  -3  -3   0   5  -2    2   1   1   0   1   5   0   2   4   7  15   1  10  24   1   2   2   1  19   3  1.02 0.56
  149 R    -1   1  -2  -3  -4   1   4  -2   0   0   0  -1  -1  -1  -2  -1  -1  -1  -1   2    4   9   2   1   0   5  24   3   2   4   8   3   2   3   2   4   5   1   2  15  0.29 0.27
  150 D    -1  -1  -1   2  -2   0   2   0   2  -3  -4   0  -4  -3   4   0   0  -7   0  -5    4   3   3  11   1   5  11   7   5   2   2   6   0   1  23   8   5   0   3   1  0.47 0.37
  151 V    -2   1  -4  -3  -3  -1  -3  -3   1   4   2  -1   2   0  -5  -4  -1   2  -2   3    4   7   1   1   1   3   1   2   4  21  17   4   5   3   1   1   5   2   1  16  0.44 0.29
  152 R    -5   4  -7  -7   1   0  -7  -7  -5   4   0  -3   5   2  -8  -3  -5   0  -5   2    1  19   0   0   2   5   0   0   0  24  10   2  12   7   0   2   0   1   0  14  0.95 0.55
  153 E     0  -1   2   2  -1   4   4  -4   1  -2  -3  -1  -1  -6  -5   0  -1  -8  -5   0    6   3   8  10   2  15  26   1   3   3   2   4   1   0   0   6   5   0   0   6  0.53 0.41
  154 E    -1   1  -1   2  -8   2   5  -2   0  -3  -4   1  -1  -6  -3   0  -3  -5  -3  -3    5   7   3  11   0   9  31   4   2   2   2   9   2   0   1   6   2   0   1   2  0.60 0.44
  155 E    -1  -3  -2  -3   0   1   5  -3   2   0  -3  -1   0  -2  -6   1  -2  -7   0   1    4   1   2   1   2   5  37   3   5   6   3   3   2   2   0   9   3   0   3   9  0.62 0.46
  156 T     3  -4  -2  -3   2  -4  -3  -2  -3   2  -1  -6   1  -3  -6   0   2  -7  -3   3   23   1   2   1   4   1   2   3   1  12   6   0   3   1   0   6  11   0   1  21  0.53 0.38
  157 A     0   2   2   2  -2   2   0  -2   0  -2  -2   1  -1  -4  -4   0   0  -1  -3  -2    9  11   9  13   1  10   6   3   3   3   5   9   1   1   0   8   5   1   1   3  0.23 0.22
  158 N    -1   2   1   1   2   1   1  -3   1  -1   0   1   0   0  -3   0  -1  -2  -1   0    5  10   6   7   4   6   8   1   4   4  10  11   2   4   1   5   4   1   2   6  0.11 0.12
  159 M    -4  -4  -5  -8   0  -5  -4  -7   2  -1   5  -5   5   4  -8  -4  -3  -5  -1   0    1   1   1   0   2   0   2   1   4   3  45   1  14  13   0   2   2   0   2   6  1.15 0.62
  160 I    -2  -3  -3  -3   3  -3  -3  -5   1   3   2  -3   2   1  -6  -3  -2  -2  -3   4    3   2   2   1   6   1   2   1   3  16  20   2   5   5   0   2   3   1   1  24  0.57 0.34
  161 E     0   2   1   3  -3   2   4  -2   0  -5  -4   2  -4  -4  -4   0  -2  -4  -5  -4    8  10   6  13   1   7  23   3   2   1   2  13   0   1   1   6   3   0   0   1  0.53 0.40
  162 K     0   3   0  -1  -4   1   1  -4   2  -3  -2   3  -2   0  -4   1  -1  -2   1  -2    7  14   5   4   0   7   9   1   6   2   4  15   1   3   1   9   4   1   6   3  0.29 0.25
  163 I    -5  -4  -8  -6  -5  -8  -8  -7  -7   3   5  -5   4   2  -8  -6  -5   7  -4   0    1   1   0   0   0   0   0   0   0  16  44   1   8   8   0   1   1  12   1   6  1.41 0.71
  164 R     0   4  -1   1  -5   1   2  -2   1  -3  -1   3  -2  -3  -4   0  -1  -1  -1  -4    6  19   3   7   0   6  12   3   3   2   6  14   1   1   1   7   3   1   2   1  0.35 0.28
  165 Q    -1   1   1   0  -3   2   3  -3   0  -6  -4   4  -5  -4  -4   1  -1  -6  -5  -4    6   6   6   5   1  10  19   2   2   0   2  25   0   1   1  10   3   0   0   1  0.62 0.43
  166 G     1  -1   1  -1  -2   1   1   0   2  -2   0  -1   1  -1  -4   1   1   2   0  -2   10   4   6   3   1   7   8   7   6   2   8   4   4   2   0  12   8   3   3   3  0.13 0.16
  167 C     3   0   0  -1   2  -1  -2   0  -1  -2  -2  -1  -1  -3   1   2  -1  -4  -2   0   24   6   5   3   4   3   3   7   2   2   3   3   1   1   6  13   4   0   1   7  0.24 0.21
  168 D    -2  -2   3   4  -4   1   2   2  -1  -4  -5   1  -3  -6  -2   1  -3  -6  -5  -4    3   2  12  19   0   5  14  15   1   1   1   9   1   0   3  10   2   0   0   1  0.54 0.38
  169 A     1  -2   1  -1  -4   1  -1   4   0  -6  -4   0  -4  -2  -1   1  -1  -6  -5  -3   10   2   7   4   0   6   5  33   2   0   2   6   0   2   3  11   3   0   0   2  0.52 0.37
  170 S    -1   0   1  -1  -4   3   2   2  -1  -3  -3   2  -4  -4  -2   2   0  -2  -5  -2    5   5   6   4   0  11  12  13   2   1   3  13   0   1   2  14   5   1   0   3  0.31 0.28
  171 V     0  -2  -3  -3  -3  -2   1  -3  -1   0  -2  -3   0  -1   5   0   2  -6  -2   2    8   2   1   2   1   2   8   3   1   5   4   1   2   3  27   7  10   0   1  13  0.50 0.37
  172 I    -4  -6  -8  -6   0  -3  -5  -7  -8   4   1  -4   0   5  -5  -4  -3  -7  -5   5    1   0   0   0   2   1   1   0   0  21  14   1   2  18   1   1   2   0   0  33  1.16 0.60
  173 N    -3  -3   4   6  -2  -3   2  -7  -1  -5  -5  -2  -4  -5  -3  -1  -3  -3  -5  -2    2   2  20  41   1   1  13   0   2   1   1   2   0   1   2   4   2   0   1   3  1.20 0.68
  174 L    -2  -8  -7  -8  -3  -6  -8  -8  -5   3   3  -7   4   1   3  -5  -2  -3  -4   3    4   0   0   0   1   0   0   0   0  16  27   0  11   5  14   1   3   1   0  17  0.97 0.55
  175 G    -1   2   0  -1  -3   2  -1  -2   1  -3   0   2  -1   1  -3   1   1   0   1  -2    4  10   5   3   0   9   3   4   3   1   9  11   2   5   1  10   9   1   5   3  0.15 0.17
  176 E    -2   1   0   3  -3   1   3  -3   2  -4  -4   2  -2   1   2  -1  -1  -5  -2  -3    3   6   4  15   1   7  17   3   4   1   2  10   1   6   9   5   3   0   2   2  0.37 0.31
  177 H    -1  -2  -2  -1  -1  -1   1  -5   3   0   2  -2   1   0  -3  -2  -2   5   3   0    5   2   2   4   1   3  10   1   7   6  21   3   3   3   2   3   3   8   8   6  0.32 0.25
  178 L    -1  -8  -8  -8   1  -5  -8  -7  -7   3   4  -7   4   5  -6  -3  -2  -1   0   1    5   0   0   0   2   1   0   0   0  15  31   0   8  18   1   2   3   1   3   9  0.98 0.53
  179 C    -1   2   2  -2  -1   2  -2   0   1  -2  -2   1   0   3  -3   1   0  -5  -1  -1    6   9   9   2   2   9   2   7   3   2   4   9   2  11   1  11   7   0   2   4  0.18 0.19
  180 F     0   3   0  -2   3  -1   0  -2   2  -2   0   2   0   0  -4  -1   0   1   0  -1    7  18   4   2   5   2   5   2   5   2   9  12   2   4   1   5   5   2   3   4  0.23 0.20
  181 L     1  -7  -6  -8   2  -7  -5  -6  -5  -1   3  -7   4   4  -7  -2  -1   2   4  -1   13   0   0   0   3   0   1   0   0   4  24   0  10  16   0   4   4   3  14   4  0.86 0.51
  182 T     2  -7  -3  -7  -3  -7  -7  -3  -8  -1  -3  -7   2  -6  -1   2   6  -8  -4   2   14   0   1   0   1   0   0   2   0   4   2   0   4   0   3  14  40   0   1  13  1.05 0.67
  183 N     1  -5   1  -6   3  -5  -5  -2  -6   0   2  -6   3   5  -6   0  -1  -6   0  -1   10   1   7   0   5   0   1   4   0   6  21   0   7  20   0   7   4   0   3   5  0.57 0.37
  184 N    -3  -2   6   6  -4  -5   2  -4  -5  -9  -6  -3  -8  -4  -6   1  -3  -9  -4  -8    2   3  30  36   0   0  11   1   0   0   1   2   0   1   0   9   2   0   1   0  1.42 0.78
  185 I    -1  -8   0  -8  -4  -7  -7  -6  -8   5  -1  -7   2  -3  -8   0   2  -8  -7   5    5   0   4   0   0   0   0   1   0  27   5   0   5   1   0   8  11   0   0  33  1.11 0.61
  186 T     0  -8  -8  -9  -6  -8  -8  -6  -9   7   0  -8   3  -2  -8  -1   0  -8  -7   2    9   0   0   0   0   0   0   1   0  50   9   0   7   2   0   6   6   0   0  11  1.43 0.72
  187 S     1  -5   0  -7   7  -3  -7   2  -4  -3  -1  -5   3  -1  -7   2   2  -2  -2  -2   11   1   4   0  21   1   0  12   1   2   5   0   6   3   0  17  10   1   1   3  0.79 0.50
  188 R    -1   4   0   1  -1   0   0  -2  -1  -4  -3   2  -2  -2  -6   2   1  -3  -2  -3    5  25   4   7   1   4   7   3   1   1   3  10   1   2   0  14   7   0   1   2  0.44 0.35
  189 V     0  -5  -5  -7   4  -4  -6  -6  -5   3   2  -6   4   1  -6  -2   2  -6   0   2    8   0   0   0   8   1   0   0   0  14  20   0  10   5   0   4  11   0   3  14  0.68 0.41
  190 A     3  -7  -4  -7   4  -6  -6  -3  -7   2   2  -6   2   1  -7  -1   1  -7  -5   2   25   0   1   0   7   0   0   2   0  10  16   0   5   6   0   5   8   0   0  13  0.66 0.43
  191 L    -4  -9  -6 -10  -1  -5  -9  -9  -4  -2   1  -9   3   8 -10  -5  -5  -1   2  -2    2   0   0   0   1   1   0   0   0   2  13   0   7  62   0   1   1   1   6   3  2.17 0.99
  192 G    -4  -5   1  -2  -9  -2  -4   7  -3 -10  -8  -7  -9  -7  -8   1  -8  -9  -7  -7    2   1   6   3   0   2   1  72   1   0   0   0   0   0   0  11   0   0   0   0  1.99 0.99
  193 R    -2   3  -1  -1  -2   1   1  -3   0   1  -2   3  -1  -1  -4   0  -1  -4  -1   1    2  13   2   3   1   7  11   2   3   8   5  16   1   3   1   7   4   0   3   9  0.25 0.21
  194 T    -4   5   1   2  -6   0   1  -3   0  -4  -5   0  -4  -6   0   3  -1  -4  -3  -3    1  27   7  10   0   3   8   2   2   1   1   6   0   0   5  19   4   0   1   2  0.64 0.44
  195 Y    -3  -5  -4  -4   2  -3  -5  -4   1   2   2  -4   1   5  -2  -2  -3  -3   5   0    2   1   1   1   4   1   1   2   3   9  15   1   3  25   3   3   2   0  15   8  0.78 0.41
  196 D    -2  -1   3   4  -4  -2   2   2   1  -4  -5  -1  -3  -3  -1   1  -3  -5  -4  -3    4   3  11  23   0   2  11  17   3   1   1   4   1   1   3  10   1   0   1   2  0.54 0.36
  197 E    -1  -3  -1   2   2   0   3  -1   1  -5  -3   0   0  -1  -3   2  -1  -2   4  -4    4   1   3   9   4   3  18   5   3   0   2   6   3   3   2  16   3   0  12   1  0.38 0.31
  198 R    -2   0   1   2   0   2   1  -1   0  -1   1   1   1  -2  -2   0  -2  -3  -2  -1    2   4   8  12   2   8   9   6   2   4  16   8   3   1   2   6   2   0   1   4  0.15 0.15
  199 E    -1  -1   1   4  -6   1   4  -1   0  -4  -4   1  -2  -6  -3   0  -1  -6  -5  -3    5   3   6  24   0   7  23   4   2   1   2   7   1   0   2   6   4   0   0   2  0.60 0.40
  200 S    -1  -1   2   1  -4   0   3  -2  -1  -1  -1   0  -1  -1   2   0   0  -2  -1  -2    5   4  10   9   0   4  17   3   1   3   6   6   2   3  10   8   6   1   2   2  0.20 0.19
  201 G     0  -2   0  -1  -3  -1   0   1  -2   0   0  -1   1   1   2   0  -1  -1  -1   0    7   2   5   3   0   2   6  13   1   4   9   4   5   7  10   8   3   1   2   6  0.10 0.10
  202 I    -1   1   0   0  -2   0   0  -2  -1   1   1   0   0   1  -1   0   0  -3  -1   0    4   8   4   5   1   4   6   3   2   8  17   5   2   7   3   8   4   0   1   8  0.06 0.07
  203 D    -2   1   1   3  -4   1   3  -2   0  -4  -3   2  -2  -1   0  -1   0  -3  -2  -4    3   7   6  17   0   5  20   3   2   1   3  10   1   3   4   5   5   0   1   1  0.37 0.28
  204 A     0  -2  -1  -2  -1  -2  -1  -2   1   1   2  -1   1   3  -1   0  -1  -1   2   0    9   2   2   3   1   2   5   3   3   8  18   3   3  12   3   7   4   1   6   7  0.13 0.12
  205 K    -1   1  -1  -2  -3   2   0  -3   2   0   0   2   2   1  -1  -1  -1  -4  -1   1    4   8   3   1   0   9   6   1   5   7  10  13   5   6   3   4   3   0   2   9  0.15 0.15
  206 D    -1   1   1   3  -5   1   3   0   2  -3  -3   2  -2  -2  -1   0  -1  -2  -3  -2    4   6   6  13   0   5  18   6   4   2   2  12   1   2   3   7   4   1   1   3  0.30 0.24
  207 I     0  -1  -1  -3  -1  -2  -2  -4  -1   2   3  -1   2   3  -1  -3  -1   0   2   1    8   3   3   2   1   2   3   1   1  10  24   4   5  10   3   2   4   1   6   8  0.26 0.19
  208 L    -1  -3  -1  -5  -2  -3  -3  -4  -4   3   2  -3   3   3  -5  -2  -1  -3  -2   3    6   2   3   1   1   1   1   1   0  17  18   2   7  11   0   4   4   0   2  19  0.51 0.31
  209 E    -2   1   1   2  -5   2   2  -2   3  -2  -2   1   0  -1  -3  -1  -1   0   0  -2    4   7   7  11   0   8  14   3   6   2   5   9   2   3   1   5   4   2   3   4  0.21 0.20
  210 Q     1   1  -1   1  -3   1   4   0   0  -3  -2   1  -2  -2  -3  -1  -1  -1  -3  -3   12   6   2   7   0   6  25   6   2   2   4  10   1   2   2   3   5   1   1   2  0.33 0.28
  211 F     0  -1   0  -3  -1  -2  -3  -1  -1   2   1  -3   2   3  -4  -1   0   3   1   1    7   4   5   1   1   2   1   4   1  13  14   1   5  12   1   5   5   4   5   9  0.22 0.17
  212 L    -1  -1  -1  -2  -1   0   0  -1   0   0   1  -1   3   3  -4   0  -1  -1   1   1    4   3   2   3   1   5   5   5   2   5  15   4   8  13   0   8   3   1   4   8  0.14 0.14
  213 Q     1   2   1   1  -3   1   2  -2   1  -4  -2   2  -2  -3  -4   0   0  -4  -2  -2   10  10   6   9   1   7  15   3   3   1   5  12   1   1   1   6   6   0   1   3  0.27 0.24
  214 L     0  -2  -1  -4  -1  -3  -2  -4  -4   2   3  -3   4   2  -5  -2  -1  -1  -1   1    7   3   3   1   1   1   3   1   0  11  29   1   9   8   1   3   4   1   2  10  0.43 0.28
  215 L     2  -3  -3  -3  -3  -3  -4  -1  -2   1   3  -4   3   3  -5  -1   0   0  -1   1   14   1   1   2   0   1   1   4   1   6  25   1   7  10   0   5   5   1   2  11  0.38 0.27
  216 D     0  -1   1   1  -5   0   1   3   1  -1  -3   1  -2  -2  -3   2  -1  -3  -3  -3    7   3   5   7   0   4  10  23   3   4   3   7   1   2   1  13   3   0   1   2  0.28 0.24
  217 T     1  -1  -1  -2  -3  -1  -1   0   0  -1  -1   1   0  -2  -2   2   2  -2   0  -1   10   4   3   2   1   2   5   7   2   4   7   9   2   2   2  19  12   1   3   5  0.14 0.17
  218 F    -1  -1  -3  -4  -4  -4  -4   1  -1   0   0  -5   0   6   2  -1  -1  -2  -2  -1    6   4   1   1   0   1   1  11   1   6   9   1   2  30   9   6   5   1   1   4  0.59 0.37
  219 N     0   0   4   0  -1   0  -1  -2   2  -1  -1  -2   0   1  -1   2   0   1  -1  -2    7   5  18   5   1   3   3   3   4   4   5   2   2   5   4  14   6   2   2   3  0.20 0.20
  220 V    -1  -1  -4  -4  -1  -1  -2  -3  -1   3   2  -2   1   1   2  -2  -1   1   1   2    5   4   1   1   1   3   2   2   1  15  18   2   4   5   9   2   3   2   5  14  0.27 0.20
  221 G     1   0   0  -2  -1   1  -2   1  -3  -1   0  -1   1  -1   1   2  -1  -3  -2   0   14   5   4   2   2   7   2  13   1   3   8   2   3   3   6  14   3   0   1   8  0.13 0.16
  222 D    -1  -1   1   5  -2   0   0  -2  -2   0   0  -2   2   0  -3  -1  -2  -4  -3  -1    5   4   7  31   1   3   5   3   1   6   8   3   5   4   1   4   3   0   1   5  0.43 0.29
  223 Y    -2  -3  -1  -2  -3  -1  -4  -4   1   1   0  -2   1   5  -3  -1  -4  -2   5   0    4   2   3   3   1   3   1   1   3   9  10   2   3  26   1   5   1   0  16   6  0.64 0.37
  224 I    -3  -4  -1  -4  -3  -5  -3  -5  -4   3   2  -5   2   6  -4  -3  -3  -1   1   1    2   1   4   1   1   1   2   1   1  17  20   1   4  27   1   2   2   1   4   9  0.82 0.43
  225 P    -3  -2   0  -2  -7  -4  -5  -3  -2  -5  -2  -4   0  -3   8  -3  -4   0  -1  -4    2   2   4   2   0   1   1   2   1   1   4   1   2   2  66   2   2   1   2   2  1.83 0.92
  226 W    -1  -1  -2  -5  -2  -3  -3   0  -2   2  -1  -2   0   4  -3   1  -2   7   2  -1    5   4   2   1   1   1   1   8   1  12   7   2   2  15   2  10   2  15   5   4  0.55 0.33
  227 L    -2  -3  -3  -5  -3  -4  -5  -4  -2   0   5  -3   2   1  -1  -1  -1   2   0  -1    4   1   2   1   0   1   1   2   1   6  48   2   4   6   3   5   4   2   3   5  0.68 0.39
  228 K     0   3   0   0  -3   1  -1   1  -2  -2  -1   2  -2  -2   1   0  -1   0  -1  -2    7  19   4   4   1   6   3   9   1   2   5  14   1   1   6   7   4   2   2   2  0.24 0.20
  229 W    -3  -2  -3  -4  -2  -2  -3  -3   0   1   0  -2  -1   4   2  -2  -3   7   4   0    2   3   1   1   1   2   2   2   2   9   9   3   1  17  10   3   2  14  12   5  0.64 0.36
  230 V    -3  -2  -4  -5  -1  -5  -5  -4  -4   3   4  -3   2   3  -1  -4  -2   1   0   1    2   2   1   1   1   0   1   1   0  15  35   2   4  13   4   1   3   2   3   9  0.68 0.37
  231 N    -2   1   1   3  -2  -1  -2  -2   0  -3  -1   0  -2   2   4  -2  -2   2   2  -3    3   7   6  18   1   2   2   3   2   1   7   5   1   9  17   2   2   2   8   2  0.40 0.29
  232 K    -1   2   1  -1  -2   0  -1  -1   0  -2  -1   2  -1  -1   1   0  -1   4   2  -2    4  11   8   3   1   3   4   5   3   3   7  11   2   3   7   7   3   5   7   3  0.15 0.13
  233 I    -2  -1  -3  -3  -1  -3  -3  -4  -2   2   3   0   1   3  -1  -3  -2   3   1   0    3   3   1   2   1   1   1   2   1  12  30   5   3  13   4   2   2   3   4   5  0.41 0.24
  234 T    -2   0  -1  -2  -3   1  -3  -2  -3  -3   0  -1  -2   1   4   2   2   1  -1  -2    2   5   3   2   1   6   1   4   1   1  11   4   1   5  18  16  13   2   2   3  0.33 0.28
  235 G    -1   0   0  -4  -4  -2  -2   4  -2  -3  -2   1  -3  -1   2   0  -1   2  -2  -3    6   5   5   1   0   2   2  34   1   2   4   8   1   2   9   7   4   3   1   2  0.48 0.32
  236 L     0  -1  -1  -1  -2  -1  -1  -3   0   1   2  -1   1   1   0   0  -1   0   1   0    6   4   3   3   1   3   3   2   3   8  24   4   3   7   6   7   4   2   4   5  0.11 0.11
  237 D    -1   1   1   0   0   0   1  -1   4  -2  -1   0   1   1  -1  -1  -2   3   2  -2    4   7   6   5   2   4   9   6   9   2   6   7   4   5   4   4   2   4   8   2  0.16 0.15
  238 T     0   4   0  -2  -3   0  -2  -1   2  -3  -2   3  -1  -1  -1   0   0   0  -3  -2    6  21   5   2   1   4   2   4   4   2   4  20   1   2   3   7   6   1   1   3  0.39 0.29
  239 K    -2   4  -2  -1  -4   1   1  -3  -1  -3  -1   4  -3   0  -1  -2  -1  -2  -2  -4    4  21   2   3   0   6   9   2   1   2   6  25   1   4   3   3   4   1   1   1  0.53 0.37
  240 V     0  -1  -3  -5   0  -2  -4  -4   1   2   2  -4   4   3  -2  -2  -3   0   1   2    8   4   1   0   2   2   1   1   4  10  19   1   9  13   2   3   1   1   5  11  0.41 0.27
  241 E    -1   2   0   0  -2   1   1  -4  -1  -1   0   3   1   1  -2  -1  -1   3  -1  -2    6  11   4   5   1   5   8   1   2   4   8  19   3   7   2   4   3   3   1   3  0.21 0.19
  242 K    -1   3   1   1  -4   2   2  -2  -1  -4  -4   4  -2  -4  -3  -1  -1  -2  -4  -2    5  16   5   8   0   8  13   3   2   1   2  21   1   1   1   5   3   1   1   3  0.48 0.35
  243 I     2  -2   1  -1   2  -2  -3  -2   0   1   0  -2   1   1  -3   1   0  -1  -1   0   20   2   8   3   4   1   1   3   3   9  10   2   3   6   1   9   6   1   2   7  0.16 0.16
  244 A     0   2   0  -2   1   0  -1  -1   2   1   0  -1   0   1  -3  -1  -1   2  -1   0    8  13   6   2   4   3   3   4   6   7  10   3   2   7   1   4   3   3   2   8  0.10 0.11
  245 K     0   3   2   1  -6   2   0  -2  -1  -5  -4   4  -3  -2  -2  -1  -2  -3  -2  -3    8  13   8   9   0   7   6   3   1   1   2  26   1   2   3   4   3   0   1   2  0.48 0.36
  246 K    -1   3  -1   1  -2   1   2  -2  -2  -1  -1   2  -2   0  -2  -1   0  -3  -1  -1    6  14   3   7   1   5  14   4   1   4   5  13   1   4   1   4   5   0   2   5  0.19 0.18
  247 L    -1   0  -4  -6  -2  -3  -6  -6  -2   3   3  -4   3   3  -4  -4  -2   2  -2   2    6   5   1   0   1   2   0   1   1  15  26   1   6  11   1   1   2   3   1  16  0.63 0.37
  248 D    -2   1   1   4  -5   1   0  -3   4  -2  -2   1   0  -1  -5  -1   0  -1   0  -2    3   8   7  20   0   6   5   1   9   3   5   9   2   3   0   5   5   1   4   3  0.33 0.26
  249 T     1   0   1   3  -4   1   2  -1  -2  -3  -3   2  -2  -5  -3   1   0  -2  -4  -2   13   5   7  14   0   5  11   5   1   1   3  13   1   0   1   8   7   1   1   3  0.28 0.24
  250 F    -2  -4  -3  -6  -2  -2  -2  -5   0   2   1  -4   1   6  -6  -2  -2  -1   3   0    4   1   2   0   1   2   3   1   2  13  13   1   3  31   0   3   3   1  10   6  0.79 0.44
  251 L    -2  -3  -3  -6  -3  -5  -6  -5  -1   3   3  -4   3   3  -6  -2   1  -2   1   2    4   1   2   0   1   0   0   1   2  17  24   1   6  11   0   3   9   1   4  13  0.60 0.36
  252 D    -1   1   2   3  -6   3   3  -2  -1  -3  -2   0   0  -4  -4   1  -1  -4  -2  -3    4   7  10  15   0  11  15   3   1   1   5   6   2   1   0   8   4   0   2   2  0.35 0.29
  253 S     0   2   1   1  -4   0   2   0   2  -3  -5   3  -1  -3  -2   0  -1  -4   0  -3    6  11   7   7   0   3  11   7   4   2   1  19   1   1   2   7   4   0   3   1  0.31 0.26
  254 V    -1  -1  -4  -6  -1  -2  -3  -6  -3   4   2   0   2   1  -6  -3  -2   1   1   2    4   3   1   0   2   2   1   0   1  26  17   7   6   5   0   2   3   2   4  15  0.56 0.33
  255 I    -3  -5  -4  -6  -4  -6  -7  -6  -3   6   1  -2   0  -1  -7  -4  -3  -7   0   4    3   1   1   0   0   0   0   1   1  43  12   3   2   2   0   2   2   0   4  23  1.21 0.60
  256 E     0   1   1   3  -4   3   3  -3  -1  -5  -4   2  -3  -4  -4  -1  -1  -1  -4  -3    8   8   6  15   0  10  20   2   1   1   2  14   1   1   1   4   3   1   1   2  0.51 0.37
  257 E    -2   0   0   2  -5   2   5  -4  -1  -5  -4   2  -2  -5  -4  -1  -3  -6  -2  -6    3   5   5   9   0  10  39   1   1   1   2  13   1   1   1   4   2   0   1   1  0.87 0.54
  258 H    -1   5  -1  -5  -2  -2  -3  -4   8  -3  -2   1  -3  -4  -4  -4  -2  -3   0  -2    6  31   3   0   1   2   1   1  28   2   4   7   1   1   1   2   3   1   3   3  1.18 0.60
  259 I    -1   2  -2  -2  -1  -1  -1  -3  -1   2   2   1   2  -1  -2  -2  -1  -2   1   1    5  12   2   2   2   3   4   2   1  11  18  10   4   2   2   3   3   1   4   9  0.17 0.12
  260 I     1   0   0   1  -2   2   1  -1  -1   0  -1   1   0  -2  -2   0   0   0  -1   0   13   5   4   7   1   8  11   4   1   6   7  10   2   2   1   4   5   1   2   6  0.09 0.09
  261 R     0   3   1   0  -2   1   1  -1  -1  -2  -2   1  -1  -2  -1   0   0  -2  -1  -2    9  17   6   5   1   7  10   4   1   2   4   9   1   2   4   7   6   1   2   3  0.19 0.14
  262 N    -1   3   1  -1  -2   0   0  -1   0  -1   0   1   1   0  -2  -1   0  -1  -1  -1    4  17   8   4   1   5   4   6   3   4  10   9   3   5   2   4   5   1   1   4  0.12 0.10
  263 K     0   2  -1   0  -3   2   2  -1  -1  -1  -1   3  -1  -2  -1   0  -2  -3  -2  -1    7  12   3   4   0  10  11   4   2   3   5  15   1   2   3   7   2   0   2   4  0.21 0.16
  264 K     0   2   1   0  -2   1   1  -1  -2  -1  -1   4   0  -2  -2   0  -1  -2  -1  -2    6  10   6   5   1   6   8   4   1   4   5  23   3   1   2   7   3   1   2   3  0.23 0.16
  265 E     0  -1   1   1  -3   3   3   0   1  -2  -2   1  -1  -3   0  -1  -1   0  -3  -3    8   3   6   7   0  11  18   6   4   2   5   9   2   1   4   5   4   1   1   2  0.23 0.18
  266 E     0   1   1   1  -2   1   3   0   0  -2  -1   1  -2  -2  -1   0   0  -4  -2  -2    6   9   7   7   1   6  18   6   2   2   7  10   1   2   3   5   5   0   1   2  0.18 0.15
  267 Y     0  -1   1   0  -2   0   0   0   0  -1  -1   0   0  -1  -1   1   1   0  -1   0    7   3   6   6   1   4   7   7   2   4   6   7   3   2   2  14   7   2   2   6  0.05 0.06
  268 A     1   0   0   1   0   0   0   1  -1  -1   0   0   0  -1  -1   0   0  -1  -1  -1   11   5   4   8   2   3   6  11   1   3  11   6   2   3   2   8   5   1   2   3  0.04 0.05
  269 I     0  -1   1   3  -2   0   0   0  -1  -1  -2   1  -1  -3   0   0   1  -3  -2  -1    9   3   5  16   1   3   6   7   1   4   5   9   1   1   5   7   9   0   1   5  0.13 0.12
  270 T     0   0   1   0  -2   0   0   1   0  -1  -1   1  -1  -2   1   1   1  -3  -1  -1    8   6   6   5   1   3   6  11   2   2   7   8   1   1   8   9   8   0   2   6  0.08 0.07
  271 D    -1  -1   2   2  -3   1   2   1   0  -2  -2   0  -3  -3   0   1   0  -4  -3  -2    5   3   9  13   1   5  13  10   2   2   4   5   1   1   5  12   6   0   1   3  0.22 0.18
  272 E    -1   0   2   1  -1   1   2  -1   1  -2  -3   1  -2  -3   1   1  -1  -2  -2  -2    5   5  11   9   1   7  14   6   3   3   3   9   1   1   6   8   3   1   1   3  0.21 0.18
  273 A     0   2   0  -1  -1   0   0   0   1  -1  -2   0  -1  -2   3   0   0  -1  -2  -2    7  12   4   4   1   4   6   8   3   4   4   5   1   2  17   6   5   1   2   3  0.20 0.16
  274 K    -2   3   1   1  -4   1   1  -1   0  -3  -2   2   0  -2   0  -1  -1  -1   0  -2    3  18   8   6   0   7   7   5   2   2   3  14   3   1   5   5   4   1   3   3  0.27 0.21
  275 D    -2  -6   0   7   2  -5  -4  -2  -1  -5  -6  -5  -7  -6  -6   0  -1  -7  -6  -4    3   0   5  64   4   1   1   3   1   1   1   1   0   0   0   8   4   0   0   2  1.75 0.86
  276 F    -2  -5  -7  -4  -5  -6  -6  -6  -2   1   3  -4   4   6  -6  -6  -6  -3   2   0    3   1   0   1   0   0   0   1   1   8  27   1   9  34   0   0   0   0   5   5  1.23 0.61
  277 V    -3  -5  -6  -5  -4  -6  -6  -6  -6   4   4  -5   4  -1  -3  -3   0   0  -5   2    2   1   0   1   0   0   0   0   0  20  38   1   8   3   2   2   7   1   0  14  0.92 0.49
  278 D    -3  -4   0   7  -7   2  -1   0   0  -7  -6  -4  -6  -5  -6   2  -1  -3  -3  -5    3   1   4  51   0   7   3   7   2   0   1   1   0   1   0  12   4   1   1   1  1.30 0.70
  279 V     1  -1  -2  -3   1  -1  -2  -3   2   1   1  -2   1   0  -4  -1   0  -1   2   2   11   4   2   1   3   2   2   1   6   9  15   2   3   4   0   6   5   1   6  17  0.20 0.17
  280 L    -4  -5  -6  -8  -1  -5  -7  -7  -7   1   5  -7   4   4  -7  -7  -5  -1   0  -1    1   1   1   0   1   0   0   0   0   7  53   0  10  16   0   0   1   1   3   4  1.39 0.69
  281 L    -4  -7  -7  -5  -5  -4  -4  -5  -1   4   5  -6   3  -1  -6  -6  -4  -4  -2  -1    1   0   0   1   0   1   1   1   2  21  54   1   7   3   0   1   1   0   1   3  1.30 0.65
  282 E    -1   2   1   2  -3   1   3  -3   0  -2  -1   1   0  -1  -3   1   0  -4  -2  -3    5   9   6  13   0   7  17   2   2   2   6   8   2   3   1   9   5   0   1   1  0.27 0.22
  283 I     2  -2  -2  -2  -2  -2   0  -2   0   2   2  -1   2  -1  -3   1  -2  -4  -1   0   20   2   1   2   1   2   6   3   3  10  18   4   6   3   1   9   2   0   2   6  0.22 0.19
  284 Q    -1   1  -1  -2  -1   4   2  -3  -1  -1   0   3   1  -3  -4  -2  -1  -4   0  -2    4   7   3   2   1  16  14   2   1   3   8  17   4   1   1   3   4   0   4   3  0.35 0.27
  285 N    -1   1   2   2  -4   1   1   0   0  -3  -2   2   1  -3  -3   0  -1  -2   0  -2    4   6  10  12   0   7  10   6   2   2   5  14   4   1   1   6   3   1   3   2  0.23 0.19
  286 G     0   0   1   2  -3   0   1   1  -1  -2  -3   1  -2  -3  -2   2   0  -3  -2  -2    8   4   6  13   0   4  11  11   2   2   3  10   1   1   2  14   5   0   2   3  0.21 0.16
  287 K    -1   0   1   1  -3   1   2   2  -1  -3  -2   3  -2  -4   0  -1  -2  -3  -2  -3    5   4   7   9   1   5  12  14   1   1   4  20   1   1   4   5   3   0   1   2  0.30 0.22
  288 E    -2  -2   2   3  -4   1   4  -1   0  -3  -2   0  -3  -3   0  -1   0  -4  -1  -2    3   2  10  13   0   6  25   5   2   2   4   7   1   1   4   5   6   0   2   3  0.38 0.27
  289 T     0  -1   2   1  -3   0   1   0   0  -1  -1   1  -1  -2   1   1   1  -3  -3  -1    6   3   9   7   1   3   7   7   2   4   5   9   1   2   7  11   9   0   1   4  0.11 0.11
  290 D    -2   0   2   3  -3   1   2   3   1  -2  -3   0  -4  -4   0   0  -1  -4  -2  -3    3   4   8  15   1   5  11  19   3   2   2   5   0   1   5   8   4   0   2   2  0.32 0.22
  291 F    -1   0   1   1  -2  -1   0   1  -1   0  -1   0  -1   1   0   1   0  -1   0  -1    4   5   7   7   1   2   7  10   1   5   6   7   1   7   4  11   5   1   4   5  0.04 0.05
  292 P    -1   0  -1  -1  -2   1   2   0   0  -2  -2   2  -2  -2   3   0  -1  -3  -3  -2    4   5   3   3   1   7  14   7   3   2   5  13   1   2  14   8   4   0   1   2  0.24 0.20
  293 L    -4  -3  -4  -2  -4  -3  -3  -6   0   2   4  -4   4   3  -3  -4  -4  -1   0   0    1   2   1   2   0   1   2   1   2  11  41   1   9  13   2   1   1   1   3   5  0.82 0.43
  294 Q    -2  -3   2   1  -4  -1  -1  -2   1  -4  -3  -2  -4  -5   0   3   4  -4  -3  -3    3   1   9   7   0   3   3   3   3   1   2   2   0   0   5  26  30   0   1   1  0.65 0.45
  295 R    -2   2   0   4  -4   0   2  -3   1  -1  -1   0   1  -2  -2  -2  -1  -1  -1  -2    4  11   4  27   0   3  13   2   4   4   6   4   3   2   2   2   4   1   2   3  0.35 0.26
  296 D    -1  -1   1   4  -5   2   4  -2   0  -2  -3   1  -2  -4  -3  -1  -1  -1  -4  -2    4   3   6  22   0   8  26   3   2   2   3   7   1   1   1   4   4   1   0   2  0.51 0.35
  297 S    -1  -1   3   2  -3   1   4  -3   3  -2  -3  -1  -2  -1  -4   0  -1  -5  -2  -1    5   2  14  13   1   6  25   2   7   2   2   3   1   3   0   6   3   0   1   4  0.45 0.33
  298 L    -3  -7  -7  -7  -4  -6  -7  -6  -5   6   3  -5   2  -3  -4  -6  -4  -6  -5   3    2   0   0   0   0   0   0   1   0  44  28   1   4   1   1   0   1   0   0  17  1.35 0.63
  299 K     1   2  -1  -3   0   0  -2  -2  -1   2   0   3   0  -3  -3  -1   0  -4  -2   1   10  13   3   1   2   3   1   2   2  11   9  20   3   0   1   3   5   0   1  12  0.23 0.22
  300 A     3  -2   0   3  -1   0   0   1   1  -2  -2  -2   1  -1  -3   1  -2  -2   0  -2   26   1   4  15   1   4   5  12   3   3   3   1   4   3   1   8   2   1   3   3  0.27 0.25
  301 I    -2  -3   2  -1   0   2   2  -3   0   2   0  -2   2  -1  -4  -1   1  -1  -3   0    2   1  11   2   2  11  14   1   2  12  10   1   5   3   0   4  10   1   0   7  0.25 0.25
  302 L     2  -6  -5  -6   5  -5  -6  -3  -6   3   2  -5   1  -1  -5   0  -1  -6  -5   3   15   0   0   0  11   0   0   2   0  16  17   0   4   2   0   6   4   0   0  23  0.66 0.40
  303 L    -1  -3   0   0  -1  -2  -2  -1  -3   2   2  -1   2   2  -3  -1   0   2  -2   0    6   1   5   5   1   2   2   4   0  12  23   3   6   9   0   5   6   3   1   6  0.17 0.17
  304 D    -1  -5   2   5  -5  -3   2  -1  -4  -1  -2  -4  -2  -3  -5   0   3  -6  -3  -1    6   0   8  29   0   0  14   4   0   4   5   0   1   1   0   6  16   0   1   5  0.57 0.41
  305 A    -3  -6  -4  -7  -3  -4  -6  -4  -4   3   4  -6   5   5  -6  -5  -3  -5  -1   0    2   0   1   0   1   1   0   1   0  15  31   0  16  22   0   1   2   0   1   6  1.06 0.54
  306 F    -4  -6  -3  -7  -4  -4  -6  -7  -4   3   3  -6   4   5  -7  -5  -3  -2   1   1    1   0   2   0   0   1   0   0   0  14  28   0  11  26   0   0   2   1   4   8  1.05 0.53
  307 A     0  -5  -3  -3  -4  -3  -2   1  -2   2   2  -4   2   4  -5  -1   0  -3  -1   1    8   0   1   1   0   1   2   9   1  13  18   0   5  20   0   5   5   0   2   9  0.39 0.28
  308 A     6  -5  -6  -3  -6  -6  -1   2  -7  -7  -5  -6  -6  -8  -3  -2  -3  -8  -7  -4   70   1   0   1   0   0   5  16   0   0   1   0   0   0   1   2   2   0   0   1  1.59 0.83
  309 G     1  -8  -4  -5  -8  -5  -7   7  -7  -9  -6  -7  -5  -8  -7  -2  -4  -8  -8  -6   10   0   1   0   0   0   0  82   0   0   1   0   0   0   0   4   1   0   0   1  2.22 0.98
  310 T    -2   0  -3  -4  -5   1  -3  -4   5   0  -3  -3   0   2  -2   2   3  -5   2   1    3   5   0   1   0   5   0   1  13   5   2   1   3   7   2  14  22   0   7   9  0.48 0.38
  311 D    -3  -6  -1   7  -8  -2   5  -4   1  -7  -6  -5  -5  -7  -6  -4  -4  -8  -6  -3    2   0   2  50   0   1  35   1   3   0   1   0   0   0   0   1   1   0   0   2  1.71 0.84
  312 T    -1  -7  -3  -7  -7  -5  -6  -6  -7  -5  -6  -6  -6  -8  -3   1   8  -8  -7  -4    4   0   1   0   0   0   0   0   0   1   1   0   0   0   1   8  82   0   0   1  2.32 1.11
  313 I    -3  -6  -2  -6  -3  -4  -6  -4  -6  -1  -2  -6  -1  -5  -3   3   6  -7  -6   1    2   0   1   0   1   1   0   1   0   3   3   0   2   0   1  22  54   0   0   9  1.33 0.76
  314 Y     4  -5  -2  -5  -5  -5  -5  -1  -5  -4  -4  -3  -5  -5  -3   5   1  -7  -3  -3   35   0   1   0   0   0   0   4   0   1   2   1   0   1   2  43   7   0   1   2  1.13 0.69
  315 T     1  -3   2  -3  -4  -2  -4  -2  -1   0  -2  -4   0  -2  -4   3   4   0  -4   1   11   1  10   1   0   2   0   3   1   6   4   0   2   2   1  23  23   1   0  10  0.47 0.39
  316 N     3  -6  -4  -6  -2  -4  -5  -1  -4  -2   1  -5  -2  -4  -2   1   5  -7  -6   0   20   0   1   0   1   0   0   4   0   2  11   0   1   1   2   9  41   0   0   7  0.84 0.56
  317 L    -2  -6  -5  -7  -2  -5  -6  -7  -7   3   5  -6   4  -1  -7  -1   0  -6  -5   1    3   0   0   0   1   0   0   0   0  15  50   0  11   2   0   5   5   0   0   8  1.07 0.57
  318 D     0   1  -1  -2   0   0   2  -2  -2  -1  -1  -2   0  -2  -4   3   2  -5  -2  -1    7   7   2   2   2   3  15   3   1   4   5   1   3   2   0  24  15   0   1   3  0.30 0.30
  319 W    -2  -8  -6  -9  -4  -6  -8  -2   0  -5  -2  -8   1   4  -8  -2  -3  11   2  -3    4   0   0   0   0   0   0   3   2   0   3   0   3  17   0   3   2  52   7   2  2.49 1.04
  320 T     3  -5  -3  -5   2  -4  -4   0  -2   2   0  -4   2   1  -5  -1   2  -5  -4   1   29   0   1   0   5   0   0   6   1  10   9   0   5   7   0   4  15   0   0   8  0.49 0.37
  321 M    -4  -6  -6  -7  -2  -6  -7  -5  -6   2   4  -6   5   3  -7  -5   0  -3  -4   2    1   0   0   0   1   0   0   1   0  12  41   0  15  10   0   1   6   0   0  12  1.05 0.55
  322 A     1  -4  -4  -5  -1  -2  -4  -4  -1  -1   2  -1   2   3  -5  -1   0   2   5   0   12   0   0   0   1   1   1   1   1   3  17   4   5  10   0   5   6   3  22   5  0.51 0.36
  323 D    -1  -2  -1  -4  -1  -1   4  -5   1  -2   3  -4   0   2  -6  -3  -4  -1   4  -3    7   3   4   0   2   3  25   0   3   1  24   0   2   9   0   2   1   1  13   1  0.60 0.43
  324 V    -6  -7  -8  -9  -3  -7  -8  -6  -8   1   6  -8   5  -3  -8  -7  -6  -7  -6  -2    0   0   0   0   1   0   0   1   0   6  76   0  13   1   0   0   0   0   0   3  1.94 0.88
  325 L     3  -5  -5  -5   1  -3  -4  -1  -2   2   2  -3   3  -3  -5   1   0  -4  -3   1   28   0   0   0   3   1   1   4   1  10  20   1   7   1   0   9   5   0   1   9  0.47 0.36
  326 R    -2   4   2  -1  -1   1   0  -4   2  -4   0   3   0  -5  -5  -1   0  -6  -4  -4    3  20  12   2   1   5   5   1   5   0  11  20   2   0   0   5   7   0   0   1  0.49 0.36
  327 Q    -5  -1   6  -1  -1  -1  -2  -6   8  -8  -6  -2  -7  -2  -7  -3  -3  -3   4  -8    0   3  36   3   2   2   2   0  32   0   0   2   0   2   0   2   1   0  11   0  1.68 0.81
  328 P    -5  -3  -6  -5  -9   0  -4  -7  -2  -8  -4  -3  -8  -9   8  -4  -4  -9  -9  -5    1   2   0   1   0   4   1   0   1   0   2   2   0   0  82   1   1   0   0   1  2.67 1.19
  329 R    -2   1   0   4  -4   0   5  -3   3  -5  -5   1  -4  -7  -4  -1  -2  -7  -6  -4    4   7   4  22   0   4  33   2   6   1   1   8   0   0   0   4   3   0   0   1  0.80 0.50
  330 A     0  -5  -6  -6   2  -4  -3  -6   0   4  -1  -1  -1  -3  -6  -4  -1   3   0   5    9   0   0   0   4   0   2   0   2  22   6   4   1   0   0   1   3   3   3  37  0.82 0.48
  331 M    -4  -3  -6  -6  -3   7   0  -5  -2  -3   2  -3   5  -2  -7  -5  -2   0   0  -3    1   1   0   0   1  45   6   1   1   1  19   1  12   2   0   0   3   1   4   2  1.24 0.73
  332 K     1   2  -1   1  -5   2   4  -4  -1  -6  -4   3  -4  -6  -4  -1  -2  -5  -5  -4   14  11   3   9   0  10  25   1   2   0   2  18   0   0   0   3   2   0   0   1  0.65 0.44
  333 T    -1   5  -3  -5  -5   0   0  -6  -4  -4  -5   6  -1  -8  -6  -4  -3  -4  -7  -6    5  26   1   0   0   4   5   0   0   1   1  52   1   0   0   1   1   0   0   0  1.48 0.76
  334 L     2  -6  -7  -7   2  -4  -5  -6  -7   2   4  -6   0  -4  -6  -5  -4  -6  -5   4   18   0   0   0   5   1   0   0   0  10  39   0   2   0   0   0   1   0   0  24  1.01 0.55
  335 Q    -4   5  -5  -4  -4   5  -2  -6   3  -2  -1   0  -1   0  -6  -4  -2  -4   3  -1    1  26   0   1   0  27   1   0   8   2   6   4   2   4   0   0   3   0  10   4  0.90 0.56
  336 N     1  -1   0   2  -6   3   5  -4  -2  -6  -5   1  -4  -6  -5  -1  -2  -7  -6  -5   14   3   5  10   0  12  37   1   1   0   1   9   0   0   0   4   2   0   0   1  0.83 0.53
  337 E    -5  -5  -6  -2  -9  -3   8  -5  -5  -5  -8  -4  -5  -9  -7  -5  -6  -9  -8  -8    1   0   0   2   0   1  93   1   0   1   0   0   0   0   0   0   0   0   0   0  2.76 1.23
  338 V    -4  -6  -5  -5  -4   0  -6  -7  -2   6   3  -6   0  -4  -7  -4  -4  -6  -5   4    1   0   1   1   0   5   0   0   1  41  25   0   2   0   0   1   0   0   0  22  1.24 0.61
  339 R    -2   4  -1   5  -2   1   0  -4  -2  -2   0   1   0  -3  -5  -2  -3  -2  -4  -2    4  19   2  32   1   5   5   1   1   2   8   9   2   1   0   2   1   1   0   3  0.63 0.41
  340 G     1   2   0   0  -3   2   2  -1  -1  -3  -3   0  -2  -5  -3   1   1  -5  -4  -3   14  12   5   6   0   8  16   5   1   1   2   4   1   0   1  12  10   0   0   2  0.30 0.27
  341 L     1  -3  -2  -4  -2  -1  -2  -5   0   2   0  -2  -1  -2  -4  -2   0  -3  -2   5   13   1   3   1   1   3   2   0   2  12   8   3   1   2   0   2   5   0   1  37  0.51 0.35
  342 A    -2  -2  -3  -4   2  -3  -2  -3  -3   3   2  -2   1   3  -1  -3  -2  -3  -1   3    3   2   1   1   5   1   3   2   0  15  17   3   3  15   3   2   2   0   2  21  0.40 0.27
  343 Q    -1   0   0  -2  -6   0  -1   5  -2  -4  -6   2  -4  -7   2  -2  -3  -4  -6  -5    5   4   4   2   0   4   5  47   1   1   0  11   0   0   9   3   2   0   0   1  0.85 0.49
  344 G    -1   2   2   2  -2   1   0   1   1  -4  -3   1  -3  -2   1   1  -1  -5  -4  -4    3  10  10  13   1   5   6  11   3   1   3   9   0   2   6  11   4   0   0   1  0.26 0.21
  345 K    -1   0   2   3  -4   0   1   1   2  -2  -5   2  -3  -4  -2   0  -1  -4  -4  -2    5   4  10  20   0   3  10  11   5   2   1  16   1   0   2   6   3   0   0   2  0.39 0.28
  346 S    -1   5   0   1  -2   1   2   0   0  -4  -3   1  -4  -4  -2   0  -1  -5  -4  -3    6  30   3   8   1   5  12   9   2   1   3   7   0   0   2   7   3   0   1   1  0.46 0.33
  347 E    -1   1   0   0  -2   1   2  -1   0  -1   0   1   0  -2   2   0   0  -2  -1  -1    4   6   4   6   1   6  15   3   2   3  10   7   2   2  10   9   5   1   1   3  0.12 0.13
  348 I    -2  -5  -3  -3  -4  -5  -5  -5  -4   4   2  -6  -1  -1   5  -4  -3  -2  -4   3    3   0   1   2   0   0   0   1   0  23  17   0   1   3  27   1   1   1   0  18  0.92 0.51
  349 T    -2   0   1   2   1   1   1  -3  -1  -4  -3   0  -2  -5  -1   2   4  -6  -3  -3    3   5   7  11   3   5   8   1   1   1   2   4   1   0   3  13  30   0   1   1  0.48 0.38
  350 E    -1  -4  -2  -1  -3  -1   2  -4   1   0   1  -3   3   3  -3  -2  -3   5   4  -1    4   0   1   3   0   2  17   1   4   5  14   1   7  11   1   3   1   9  12   4  0.47 0.33
  351 D     0  -2   0   4  -1   1   3  -2  -1  -4  -4   1  -5  -4  -2   2  -1  -6  -4  -3    6   2   4  20   2   5  23   3   1   1   1   8   0   1   2  16   4   0   1   2  0.50 0.36
  352 D    -1  -4   0   6  -3   1   0  -2   2  -3  -4  -2   0  -5  -5   0  -1  -7  -4  -4    6   1   3  50   1   6   6   3   4   2   2   2   2   0   0   6   4   0   1   1  1.02 0.57
  353 L    -3   2  -4  -5  -2  -2  -4  -6  -3   3   4  -2   2   0  -4  -3  -1  -4   0   2    2  13   0   0   1   2   0   0   0  14  36   3   5   3   1   1   3   0   3  11  0.58 0.36
  354 K     1   1   1   0  -3   3   1  -2  -1  -3  -3   2   1  -4   1   1  -1  -2  -3  -2   10   6   6   5   0  12  10   3   1   1   2  11   4   0   8  12   4   1   0   2  0.24 0.23
  355 N    -2   2   3   1  -5   3   1  -2   2  -5  -4   4  -3  -6  -4   1  -3  -5  -4  -5    2   9  13   6   0  14   9   3   4   0   2  26   1   0   1   9   1   0   0   0  0.65 0.43
  356 M    -4  -7  -6  -6   2  -6  -7  -6  -7  -1   5  -7   8  -3  -7  -6  -3  -6  -4  -1    1   0   0   1   4   0   0   1   0   2  54   0  30   1   0   0   2   0   1   3  1.70 0.80
  357 Q    -3  -1  -1  -2  -7  -1   1  -6   0  -4  -5   2  -5  -6   7  -2   0  -7  -6  -1    1   3   3   2   0   3   8   0   2   1   1  14   0   0  48   3   5   0   0   5  1.22 0.66
  358 Y    -7  -6  -6  -8  -6  -6  -8  -7  -2  -3   0  -6  -3   3  -9  -6  -4  -2   9  -2    0   0   0   0   0   0   0   0   1   2  10   0   1   9   0   1   1   0  71   3  2.53 1.09
  359 L    -5  -6  -7  -7  -4  -6  -7  -8  -5   1   5  -6   3  -2  -6  -3   3  -6  -5   0    0   0   0   0   0   0   0   0   0   6  60   0   6   1   0   2  18   0   0   6  1.33 0.68
  360 R    -3   1   2   3  -4   3   2  -3   1  -4  -4   2  -2  -5  -4  -1   1   1  -3  -4    2   8  10  15   0  14  13   2   3   1   1  14   1   0   0   4   8   2   1   1  0.50 0.37
  361 A     5  -1   0  -6   3   0  -5  -2  -2  -5  -2  -3   4  -6  -6  -1  -4  -1  -3  -5   54   3   4   0   6   5   0   3   1   0   4   1  12   0   0   4   0   1   1   0  1.10 0.66
  362 V    -1  -7  -7  -8   6  -7  -7  -7  -5   2  -3  -7  -1   2  -7  -3   0  -7  -5   6    4   0   0   0  16   0   0   0   0  11   2   0   1   8   0   2   5   0   0  51  1.44 0.70
  363 I    -2  -7  -8  -6  -2  -7  -8  -8  -8   7   2  -7   1  -1  -7  -6  -4  -7  -4   3    3   0   0   0   1   0   0   0   0  53  16   0   3   2   0   0   0   0   0  20  1.55 0.71
  364 K    -4   0   3  -1  -1   1  -2  -6   4  -6  -1   6  -1  -3  -6  -1  -3  -3   0  -5    1   5  13   3   2   5   2   0   9   0   6  42   2   1   0   4   1   0   3   1  0.91 0.55
  365 E    -7  -6  -7  -3 -10  -4   8  -9  -6 -10  -9  -5  -8 -10  -7  -6  -7  -9  -8  -9    0   0   0   1   0   0  99   0   0   0   0   0   0   0   0   0   0   0   0   0  3.19 1.38
  366 S     2  -6  -4  -6  -1  -5  -6  -2  -6   0  -4  -5  -3  -6  -6   2   6  -7  -6   2   15   0   0   0   1   0   0   4   0   6   1   0   0   0   0  14  42   0   0  15  1.05 0.64
  367 L    -6  -7  -6  -8  -5   2  -6  -8  -2  -2   6  -6   5   2  -8  -4  -5  -2  -2  -4    0   0   0   0   0   9   0   0   1   2  61   0  12   9   0   1   0   1   1   1  1.46 0.74
  368 R    -8   9  -7  -8 -10  -5  -6  -9  -4  -9  -8  -4  -8  -9  -8  -6  -7  -9  -8  -9    0  99   0   0   0   0   0   0   0   0   0   0   0   0   0   0   0   0   0   0  3.46 1.41
  369 L    -5  -2  -7  -7  -2  -5  -7  -8   0   1   5  -1   4   2  -7  -6  -5   2   2  -1    1   2   0   0   1   0   0   0   2   8  53   5   9   7   0   0   0   3   6   3  1.11 0.58
  370 H    -1   2  -2  -6  -3  -2  -5  -2   7   0  -4  -3  -4   2  -7   0  -3   0   6  -4    5   9   2   0   1   1   0   3  24   5   2   2   0   6   0   7   2   1  29   1  1.15 0.62
  371 P    -3  -7   0   0  -8  -5  -6  -5  -2  -6  -6  -6  -1  -4   8   1   0  -8  -3  -7    2   0   4   5   0   0   0   1   1   0   1   0   2   1  66   9   6   0   1   0  1.96 0.96
  372 P     0  -5  -5  -6  -4  -4  -5  -2  -5   2  -1  -5  -2   0   6   1  -2  -6  -5   3    9   1   0   0   0   0   0   4   0  13   7   0   1   4  33   9   2   0   0  17  0.85 0.51
  373 N     2  -5  -3  -6  -4  -3  -4   0  -4   2   1  -5  -2  -2  -3  -1   0  -6  -5   4   19   0   1   0   0   1   1   8   0   9  13   0   1   2   1   5   6   0   0  34  0.60 0.40
  374 S    -1  -4  -2  -1  -2  -2  -5  -2  -1  -2  -5  -4  -4  -4   7   0  -1  -2  -2  -3    6   1   2   3   1   2   1   4   1   3   1   1   1   1  60   8   3   1   2   2  1.52 0.74
  375 L    -2  -3  -2  -5  -3  -3  -3   0   0   1   3  -4   3   4  -5  -2  -1   0  -1   0    3   1   2   0   0   1   1   8   2   7  30   0   7  19   0   4   4   1   2   6  0.49 0.31
  376 L     0   0   1  -1  -1  -1  -2   2  -2  -1   1  -2   0  -2  -2   1   1  -4  -3  -1    8   6   9   3   1   3   1  16   1   3  18   1   3   1   2   9  11   0   1   4  0.16 0.17
  377 V    -1  -5  -2  -5  -4  -4  -4  -4  -3   3   3  -4   3   2  -2  -1  -2  -5  -2   3    4   0   2   0   0   1   1   1   1  17  29   1   6   8   2   6   3   0   1  18  0.58 0.35
  378 P     0   0  -2  -2  -4  -1   0  -1  -1  -4  -4  -2   0  -1   6   0   0  -1  -2  -4    6   5   2   2   0   3   5   5   1   1   2   2   2   3  44   6   5   1   1   1  0.89 0.47
  379 R    -7   8  -5  -7  -5  -4  -5  -8   7  -6  -7  -1  -5  -6  -6  -6  -7  -8  -5  -7    0  69   0   0   0   1   0   0  24   1   0   2   0   0   0   0   0   0   0   0  2.60 1.12
  380 E     0   1  -2  -2   0   0   3  -4  -3   1  -1   2   2  -2  -4  -1   0  -4   0   1    7   8   1   1   2   4  18   1   0   7   5  12   5   2   0   5   5   0   4  13  0.22 0.22
  381 S     3  -6  -2  -6   5  -4  -5  -4  -6  -1   0  -5  -4  -3  -2   1   3  -6  -5   3   27   0   2   0  11   0   0   1   0   2   9   0   0   1   2   8  19   0   0  18  0.74 0.49
  382 M    -1   0   0  -1  -2  -1  -1  -2  -1   0   0   1   2  -3   2   1   3  -5  -4   0    4   4   4   3   1   2   3   2   2   6   9   9   5   0   9  11  20   0   0   6  0.21 0.22
  383 E    -1   2   1   0   0   2   3  -4   1  -4  -5   3  -4  -6   0   0   0  -4  -4  -4    5  10   5   5   2   9  22   0   4   1   0  17   0   0   5   6   5   0   0   1  0.51 0.37
  384 D    -3  -5  -1   7  -8  -3   2  -1  -2  -5  -7  -3  -7  -8   1  -3  -1  -9  -5  -6    3   0   3  59   0   1  11   5   1   1   0   1   0   0   8   2   4   0   0   0  1.52 0.77
  385 V    -2  -5  -3   0   4  -3  -3   0  -4   2   0  -4   0   1  -3  -2   3  -5   0   3    3   0   1   6   8   1   1   8   0  13   7   0   2   7   1   2  19   0   3  18  0.39 0.30
  386 K    -1   0  -1  -2  -3   1   3  -4   0   0  -1   2   0  -3  -2   0   2  -2  -2   2    4   4   3   1   0   5  20   1   2   4   4  13   2   1   2   7  12   1   1  13  0.24 0.24
  387 L    -5  -5  -5  -4  -3  -2  -4  -7  -3   4   3  -4   0   2  -3  -5  -1  -1   1   3    0   0   0   1   1   2   1   0   1  25  29   1   1  10   1   0   3   1   5  19  0.81 0.44
  388 L     0   1   2   1   0   1  -1  -2  -1   0  -1   0   0  -2   2   0  -1  -2   0  -1    6   9  13   7   2   6   2   3   1   7   7   6   2   1  11   6   2   1   3   4  0.13 0.13
  389 G    -3  -5   2   3  -1  -5  -2   7  -3  -8  -7  -3  -7  -6  -4  -4  -6  -8  -8  -8    2   1   8  13   2   0   3  66   1   0   0   2   0   0   1   1   0   0   0   0  1.66 0.79
  390 Y    -2  -2   0   1  -2  -2   0   4   1  -2  -3   0  -2   0  -1  -1  -2  -2   3  -2    3   2   5   8   1   2   7  30   4   2   3   7   1   4   2   4   3   0  11   3  0.35 0.19
  391 Y    -5   0  -6  -7  -4  -2  -5  -6   1  -1   0  -3   0   4  -7  -5  -2   2   8  -1    1   5   0   0   0   2   1   0   3   4  10   1   2  15   0   1   3   2  45   4  1.39 0.68
  392 H    -1   1  -1   1  -2  -1  -1  -3   3   0   0   0  -1   2  -1  -1   1   0   1   1    3   7   2   9   0   3   4   2   7   5   8   6   1   9   2   5  11   1   4  11  0.09 0.11
  393 I    -5  -6  -8  -8  -5  -6  -8  -8  -8   7   1  -7  -3  -2  -8  -7  -6  -7  -4   4    0   0   0   0   0   0   0   0   0  62  12   0   0   2   0   0   0   0   1  22  1.92 0.83
  394 P    -3  -3  -4  -3  -6  -5  -1  -7  -4  -8  -8   0  -8  -8   8  -4  -4  -9  -6  -6    3   2   1   1   0   0   4   0   1   0   0   5   0   0  79   1   1   0   0   1  2.53 1.15
  395 A     3   0  -4  -4  -2  -2   0  -1  -5  -5  -6   6  -5  -7   0  -2  -4  -8  -7  -4   20   5   1   1   1   1   5   4   0   0   0  52   0   0   5   2   1   0   0   2  1.20 0.68
  396 R    -5  -4   1   1  -6  -4  -2   7  -4  -7  -9   0  -8  -7  -7  -5  -7  -8  -8  -8    0   1   7   8   0   1   3  74   1   0   0   6   0   0   0   1   0   0   0   0  1.92 0.89
  397 T    -1  -4  -4  -2   0  -2  -4  -5  -1  -3  -5  -6   1  -6  -5   1   7   5  -3  -1    5   1   1   3   2   2   1   0   2   2   1   0   3   0   0   9  55   7   1   5  1.26 0.73
  398 Q    -2   1   1  -1   1   2   0  -3   0   1  -1   1   1  -3   0  -1   2   0  -2   0    1   9   7   3   3  10   5   2   2   8   5   8   4   1   5   4  12   1   1   8  0.13 0.16
  399 A    -3  -7  -8  -8  -2  -7  -8  -8  -8   5   2  -7  -1  -1  -7  -6  -5  -7  -4   6    3   0   0   0   1   0   0   0   0  25  15   0   1   2   0   0   0   0   1  52  1.58 0.74
  400 L    -1  -4  -2  -4  -2  -1  -3  -1  -1   3   2  -4   3   3  -5  -1  -1   0   1   1    4   0   2   1   1   3   1   6   2  19  17   0   9  12   0   5   4   1   5   7  0.36 0.26
  401 I    -2  -5  -5  -6  -2  -1  -5  -6  -4   4   1  -4   3  -1   2  -3   0   0   1   4    3   0   0   0   1   3   0   0   0  23  11   0   6   2   9   1   7   1   5  25  0.65 0.41
  402 N    -2  -5   6  -1   1  -2  -5  -3   0  -3  -2  -4  -2  -3   2   3  -1  -1  -2  -4    4   0  39   3   3   2   0   1   2   2   4   0   1   1  10  22   3   1   2   1  0.93 0.59
  403 V     1  -3  -2  -5  -2   0  -4  -4   0   3   2  -4   0  -1   1  -2   1  -5  -1   2   10   1   2   0   1   5   0   1   2  19  18   0   2   3   8   3  10   0   2  14  0.34 0.27
  404 W    -3   0  -2  -5  -1  -2  -6   0   0  -2  -1  -5  -2   2  -3  -1  -1   9   6  -4    2   4   2   1   1   2   0   7   2   2   5   0   1   6   2   5   4  25  26   1  1.25 0.64
  405 A     4  -1  -2  -2  -2   0  -2   1  -2  -4  -2  -2  -2  -2  -2   2   0   0  -2  -1   33   3   2   2   1   4   3  12   1   1   3   2   1   2   2  17   5   1   1   5  0.40 0.33
  406 I     0  -6  -4  -6   0  -4  -6  -6  -6   4   3  -6   5  -2  -5  -3   1  -6  -4   2    7   0   1   0   2   0   0   0   0  25  23   0  14   2   0   2   9   0   0  15  0.84 0.47
  407 G    -2  -5   2  -5  -1   1  -5   2   9  -5   0  -5   0  -4  -6  -1  -4  -7  -1  -6    4   0   9   0   1   5   0  16  44   0   9   0   2   0   0   4   1   0   2   0  1.47 0.73
  408 R    -5   6   0  -3  -7  -2  -4  -5   7  -4  -1   0   1  -2  -6  -4  -2  -5   1  -4    1  43   4   1   0   1   1   1  21   1   6   4   4   1   0   1   3   0   5   1  1.30 0.67
  409 D    -5  -3   4   7  -3  -4  -2  -6   0  -6  -3  -4   0  -8  -6   1  -4  -8  -5  -6    1   1  17  57   1   0   2   0   2   0   3   1   3   0   0  10   1   0   0   0  1.62 0.80
  410 P    -1  -4  -3   0  -4  -1   3  -5  -4  -6  -7   0  -4  -8   7  -1  -2  -8  -6  -5    6   1   1   5   0   2  20   1   0   0   0   6   0   0  47   5   3   0   0   1  1.34 0.73
  411 L     1   1   0   1  -4   1   2  -2  -1  -4  -3   3  -3  -3  -3   1   0  -5  -2  -2   10   7   5   9   0   5  15   2   1   1   3  20   1   1   1   9   7   0   1   2  0.34 0.28
  412 S    -3  -3   0  -3  -2  -2   0  -5   2   2   1  -4  -3   3  -6  -2  -1   0   5   3    2   1   4   1   1   2   6   0   4  13  11   1   0  10   0   2   3   1  18  18  0.48 0.34
  413 W    -6  -9  -9 -10  -5  -8  -9  -6  -2  -6  -7  -9  -7   7  -7  -6  -8  11   4  -4    1   0   0   0   0   0   0   1   1   0   0   0   0  36   0   1   0  46  13   1  3.09 1.23
  414 E    -2  -3  -3   2  -6  -1   3  -2   0  -5  -4   2  -4  -5   6   0   0  -7  -6  -3    3   1   1   9   0   2  16   3   2   0   2  12   0   0  33   8   6   0   0   2  0.82 0.52
  415 N    -5   0   4   6  -6   0   2  -5  -1  -8  -6   1  -4  -8  -6  -1  -3  -8  -6  -7    1   5  19  41   0   4  13   0   2   0   1   9   0   0   0   4   1   0   0   0  1.24 0.66
  416 P     2  -6  -5  -7  -1  -7  -6  -6  -6  -8  -8  -5  -8  -9   8  -2  -6  -4  -7  -3   17   0   1   0   1   0   0   0   0   0   0   0   0   0  74   3   0   0   0   2  2.47 1.13
  417 E    -3  -1   2   3  -3  -1   4  -4   1  -5   0   0  -2  -1  -5  -1  -2  -4   0  -5    2   3  10  15   1   2  31   1   4   0  10   5   1   3   0   5   3   0   3   0  0.55 0.40
  418 E    -1   1  -2   0  -3   2   4  -4  -1  -3  -3   3  -1  -5  -5   0   1  -6  -5   0    4   7   1   5   0   8  31   1   2   2   2  15   1   0   0   6   8   0   0   7  0.55 0.41
  419 F    -9  -9  -9 -10  -9  -9 -10 -10  -7  -6  -5  -9  -4  10 -10  -9  -8   2   2  -6    0   0   0   0   0   0   0   0   0   0   1   0   0  90   0   0   0   2   6   0  3.46 1.32
  420 C    -4   3   4   4  -3   0  -2  -5   0   0  -2   3   0  -5  -5  -2  -2  -2  -2  -3    0  16  19  19   1   3   2   0   2   7   4  16   3   0   0   2   2   1   2   2  0.63 0.42
  421 P    -6  -9  -9  -8  -9  -8  -8  -9  -4  -7  -4  -8  -9 -10   9  -7  -8 -10  -9  -9    0   0   0   0   0   0   0   0   1   0   2   0   0   0  96   0   0   0   0   0  3.53 1.47
  422 E    -3  -5  -3   3  -5   0   7  -2  -1  -8  -5  -4  -5  -4  -6   0  -2   1  -4  -7    2   0   1  13   0   3  61   3   2   0   1   1   0   1   0   6   2   2   1   0  1.45 0.79
  423 R    -7   9  -1  -8  -9  -5  -6  -8   4  -9  -8  -4  -8  -9  -7  -7  -7  -9  -7  -9    0  87   3   0   0   0   0   0   8   0   0   0   0   0   0   0   0   0   0   0  2.99 1.26
  424 F    -8  -9  -9  -9  -8  -8  -9  -9   1  -7  -6  -9  -3   8  -9  -8  -8   9   1  -7    0   0   0   0   0   0   0   0   4   0   0   0   1  61   0   0   0  30   4   0  3.17 1.24
  425 L    -1  -4  -3   0  -2  -3   1  -4  -5   1   5  -3   1   0  -5   0  -3  -4  -3  -1    5   1   1   5   1   1   8   1   0   7  49   2   3   3   0   7   1   0   1   3  0.63 0.39
  426 N    -2  -1   3   4  -4   0   3   1  -3  -4  -5   0  -5  -5   2   0   0  -4  -5  -3    3   2  13  22   0   4  16  10   0   1   1   6   0   0   9   5   5   0   0   2  0.51 0.34
  427 N     1  -2   2   2  -2   0   3   1  -1  -3  -4   1  -3  -4   1   1  -1  -5  -2  -3   11   2   8  10   1   3  19  10   1   1   1   8   0   0   6  12   3   0   1   1  0.32 0.25
  428 D    -1   0   3   2  -4   0   2   1  -2  -3  -4   0  -3  -4   1   1  -1  -5  -3  -3    4   6  15  13   0   4  12  10   1   1   1   6   0   1   7  12   3   0   1   2  0.33 0.25
  429 I     0  -1  -1  -2  -1   0   0   2  -1   0  -1   1   0  -2   1   0   0  -2  -2   1    7   4   2   1   1   4   5  17   1   7   6   8   2   2   6   8   5   0   1  12  0.08 0.09
  430 D     0   0   1   4  -3   1   2  -1   0  -3  -3   1  -3  -1   0  -1  -1  -4  -1  -3    7   4   8  23   0   6  14   4   2   1   3   8   0   4   4   4   4   0   2   1  0.32 0.22
  431 M     0  -1   1   0  -2   0  -1   0  -1   0   0   0   1   2   1   0  -1  -2   1   0   10   2   8   5   1   3   4   6   1   4   9   4   5  11   7   6   3   0   5   6  0.05 0.06
  432 K    -2   3   1   0  -2   0  -1  -3   1   0  -2   4  -1  -2  -1  -1   1  -4  -2  -1    3  15   5   6   1   4   2   2   3   5   4  25   1   2   3   4   9   0   1   4  0.30 0.20
  433 G    -1   0   0   2  -2  -1   0   2   1  -1  -2   2  -2  -3   1  -1   0  -1  -1  -1    5   5   4  11   1   2   4  17   4   3   3  13   1   1   8   4   5   1   3   6  0.15 0.12
  434 L     0   0   1   1  -1   1   0  -1   2  -1   0   0   0  -1   1   1   0  -3   0  -1    6   4   9   8   1   6   5   4   6   2  10   4   3   2   6  12   4   0   3   4  0.08 0.08
  435 K    -1   1   1   2  -2   0   0  -1   2  -4  -3   2  -3  -4   4   1  -1  -5  -2  -3    5   7   7  13   1   4   4   4   5   1   3  10   1   0  17  11   2   0   1   1  0.37 0.23
  436 F    -2   0   0  -1  -1  -1   0  -1   1  -2  -1   0  -1   4   0  -1  -2   2   4  -2    3   6   4   4   2   2   6   4   4   1   7   6   2  18   4   5   2   2  14   3  0.25 0.17
  437 E     3   0   1  -1   1  -1   1  -1   0  -2  -3   1  -1  -2  -1   1   0  -4   0  -1   26   6   6   3   3   2   8   3   2   2   2   9   1   1   3   9   6   0   3   4  0.21 0.18
  438 L    -5  -6  -3  -5  -3  -3  -5  -7   2  -2   1  -4   0   6  -7  -2  -4   4   6   0    1   0   1   1   1   1   1   0   4   2  11   1   3  33   0   4   1   4  25   6  1.24 0.53
  439 L    -3  -3  -3  -6  -5   0  -5  -6  -3   3   3  -3   5   1  -3  -4  -1  -1  -1   1    2   1   1   0   0   5   0   0   1  16  32   2  16   6   1   1   3   1   2  10  0.71 0.36
  440 P     1  -5  -3  -6  -7  -6  -6  -1  -1  -4  -4  -6  -3  -7   8  -2  -1  -8  -7  -1   11   1   1   0   0   0   0   5   1   1   2   0   1   0  65   3   3   0   0   4  1.87 0.79
  441 F    -8  -9  -9  -9  -8  -9  -9  -9  -7  -6  -4  -9  -6  10  -9  -8  -8   1   1  -7    0   0   0   0   0   0   0   0   0   0   1   0   0  91   0   0   0   2   4   0  3.47 1.15
  442 G    -3  -7  -1  -4  -7  -3  -5   6  -3  -4  -4  -6  -4  -8  -7   3  -4  -8  -8  -8    2   0   3   1   0   1   1  64   1   1   3   0   1   0   0  24   1   0   0   0  1.69 0.73
  443 S     3  -2  -1  -2  -1  -2  -3   2  -1   0   0  -2   2   1  -4   0  -1   1   1   0   25   2   3   2   2   1   1  13   1   6   7   2   5   5   0   8   4   2   5   7  0.20 0.18
  444 G    -2  -9  -7  -8  -9  -8  -8   8  -8 -10 -10  -8  -9  -9  -8  -6  -8  -9  -9  -9    3   0   0   0   0   0   0  97   0   0   0   0   0   0   0   0   0   0   0   0  3.02 1.09
  445 R    -1   4  -4  -5  -6   0  -5  -6  -3  -3  -4   2  -1  -7   5   1  -1  -7  -4   0    5  23   1   0   0   4   0   0   1   2   2  11   2   0  29  10   3   0   1   8  0.86 0.48
  446 R    -8   9  -3  -8 -10  -5  -4  -5   3  -9  -8  -2  -8  -4  -8  -7  -7  -9  -2  -9    0  88   1   0   0   0   1   1   6   0   0   1   0   1   0   0   0   0   1   0  2.90 1.08
  447 G     0   0   3  -2  -2   1  -3  -1  -2   3  -1  -1   3  -3  -5   1   0  -5  -3   1    9   6  14   1   1   7   0   4   1  15   4   3   9   1   0  12   4   0   1   9  0.28 0.24
  448 C    -8 -11 -10 -11  12 -10 -11 -10 -10  -8  -8 -10  -9 -10 -10  -8  -8 -10 -10  -8    0   0   0   0 100   0   0   0   0   0   0   0   0   0   0   0   0   0   0   0  5.03 1.53
  449 P    -1  -7  -7  -7  -6  -4  -7  -5  -7   5   2  -6   0  -3   5  -6  -5  -7  -6   2    6   0   0   0   0   1   0   1   0  33  19   0   2   1  27   0   0   0   0  11  1.20 0.53
  450 G    -1  -8  -6  -4  -8  -7  -8   8  -8  -9  -9  -7  -8  -3  -8  -4  -7  -8  -9  -9    5   0   0   1   0   0   0  91   0   0   0   0   0   2   0   1   0   0   0   0  2.64 0.93
  451 S    -2   3   0  -2  -6   3   2  -5  -3   1  -2   3   4  -4  -3  -1  -3  -1  -2  -1    4  15   4   2   0  11  15   0   0   8   4  15  10   0   1   4   1   1   1   4  0.42 0.29
  452 S    -1   3   3  -1  -5   1   1   0   3  -3  -2   0  -2  -2   0   1   0   0  -1  -2    5  14  14   3   0   7   8   7   6   1   3   4   1   1   4  10   4   1   3   2  0.24 0.19
  453 F    -6  -7  -8  -8  -6  -4  -7  -8  -6   2   5  -7   3   6  -5  -5  -4  -1   1  -1    0   0   0   0   0   1   0   0   0   9  46   0   7  27   1   1   1   1   4   3  1.35 0.56
  454 A     6  -7  -6  -5  -6  -6  -6   3  -7  -7  -7  -6  -7  -5  -5   0  -2  -8  -7  -3   72   0   0   1   0   0   0  17   0   0   0   0   0   1   0   5   2   0   0   2  1.78 0.79
  455 I    -4   2  -2  -1  -5   0   1  -5  -2   1   2   1   4  -1  -5  -3  -1   3   2  -1    0  13   2   4   0   4   8   1   1   8  18   8  13   2   0   2   4   4   7   3  0.35 0.26
  456 A     1   0   0  -1  -2   1  -2  -4  -1   0   2  -3   6  -3  -3  -1   0   1  -3   0   13   5   5   4   1   6   2   1   2   4  17   1  20   0   1   3   5   2   1   7  0.35 0.26
  457 V    -4  -5   1  -3  -4   3   6  -5   0  -1  -2  -3   3  -2  -6  -1  -1  -7  -6  -2    1   0   6   0   0  11  49   0   2   4   5   1   6   2   0   4   5   0   0   3  1.00 0.54
  458 I     0  -6  -4  -5  -4  -3  -4  -5  -6   3   3  -5   6  -2  -6  -2  -2  -6  -4   3    7   0   1   0   0   1   1   1   0  16  28   0  20   1   0   3   2   0   0  18  0.92 0.45
  459 E    -2   2  -2  -4  -2  -1   1  -2   2  -3  -2   3  -1   4  -2  -1   0  -1   1  -3    3   9   1   0   1   2   9   3   4   1   4  21   2  20   2   5   5   1   5   1  0.40 0.28
  460 L    -2  -4  -6  -7  -3  -5  -6  -5  -6   3   4  -4   3   0  -6  -2   1  -5   0   2    4   1   0   0   0   0   0   1   0  13  41   1   6   4   0   3   8   0   3  14  0.77 0.39
  461 A     2  -5  -4  -5   0  -5  -5   0  -5   2   1  -5   2   4  -2  -2   2   0  -2   2   16   0   0   0   2   0   0   7   0  13  10   0   4  16   2   2  11   1   1  14  0.43 0.28
  462 L    -2  -5  -7  -7  -2  -6  -6  -5  -6   3   5  -6   2   2  -6  -4   0  -1  -3   2    4   0   0   0   1   0   0   1   0  13  51   0   5   7   0   1   5   1   0  11  0.99 0.46
  463 A     5  -4  -5  -5  -1  -4  -5   0   2  -1  -3  -5  -3  -4  -3   1   2  -6  -4   1   46   0   0   0   1   0   0   6   5   3   2   0   0   1   1  11  11   0   0  10  0.77 0.46
  464 R    -1   3   3  -3  -1   0  -1  -3   4  -1  -1   1   1  -3  -4   0   1  -1  -1  -2    5  15  13   0   1   4   2   1   9   4   8   8   5   1   0   7  11   1   2   2  0.29 0.24
  465 L    -4  -6  -7  -8  -2  -6  -7  -8  -7   4   5  -7   3   2  -7  -6  -1  -3  -4   1    1   0   0   0   1   0   0   0   0  21  51   0   6   9   0   0   3   0   0   8  1.23 0.53
  466 V    -2  -6  -7  -7  -1  -6  -7  -7  -7   2   5  -6   2   1  -7  -4  -3  -6  -3   3    3   0   0   0   1   0   0   0   0  12  52   0   4   6   0   1   2   0   1  20  1.16 0.51
  467 H    -2   3  -1  -5  -3   5  -2  -3   3  -5   0   1  -2  -3  -4  -1  -1   4   2  -4    3  16   2   0   1  26   1   2   7   0   9   6   1   1   0   5   4   6   7   1  0.64 0.40
  468 K    -1   3   4  -2   2   0   0  -1   4  -5  -4   2  -2  -2  -5   0  -1  -4  -2  -4    6  19  22   1   4   4   5   4  10   0   2  10   1   2   0   5   3   0   1   1  0.55 0.34
  469 F    -6  -8  -8  -6  -1  -8  -8  -7  -2  -3  -2  -8  -3   9  -8  -6  -7  -2   5  -4    0   0   0   0   1   0   0   0   1   1   4   0   0  71   0   1   0   0  17   1  2.57 0.92
  470 N    -4   2   2   5  -3   0   3  -4   1  -5  -5   2  -5  -4  -5   0   0  -4  -4  -5    1  11   9  27   1   3  17   1   4   1   1  10   0   1   0   7   7   0   0   1  0.68 0.38
  471 F    -5  -7  -7  -7  -2  -6  -7  -7  -6   2   2  -7   2   5  -7  -6  -4   9  -2   2    1   0   0   0   1   0   0   0   0  13  16   0   4  26   0   0   1  25   1  12  1.56 0.62
  472 A    -1   1  -2  -2  -1   1   3  -3   0  -2  -2   3  -3  -4  -4   2   0  -5  -3  -2    6   7   1   2   1   5  23   1   2   2   4  20   0   1   0  16   6   0   1   3  0.46 0.31
  473 L    -1   0  -1  -4  -1  -3  -2  -4  -2   0   3  -2   1   0   3  -1   0  -3  -2   1    5   5   3   1   1   1   2   0   1   4  33   1   3   3  14   5   6   0   1  11  0.35 0.24
  474 P     1  -2  -1   0   2  -1  -2  -3   0   0  -1  -1  -1  -3   5   1  -2  -3  -2   0   10   2   2   5   4   3   3   2   3   5   6   3   1   1  28  10   1   0   2   8  0.43 0.26
  475 K    -1  -1   2   3  -3   0   2  -1   0  -4  -3   1  -3  -4   4   0  -1  -5  -2  -3    4   3  10  14   1   3  12   5   3   1   3   9   1   1  19   6   4   0   1   2  0.40 0.24
  476 G    -2   0   1   2  -5  -2   1   5  -2  -4  -2  -1  -3  -4   0  -1  -1  -5  -5  -4    2   4   5  11   0   2  11  39   1   1   5   4   0   1   5   4   5   0   0   1  0.58 0.32
  477 T    -1   0  -1   0  -1   1   0  -1   0  -1  -1   0   2  -1  -1   0   2  -3   0   0    4   4   2   6   2   7   6   5   2   3   3   6   8   2   3   8  16   0   4   9  0.10 0.12
  478 K    -1   1   0   1  -1   1   1  -1  -1  -2  -2   2  -1  -2   1   0   1  -3  -2  -1    5   9   4   8   2   7   9   4   2   2   4  16   1   2   6   6   9   0   1   4  0.15 0.12
  479 P    -1  -1   0  -1   0  -1  -1   0   1  -1   0  -2  -2  -2   5  -1  -1  -3  -2   1    6   3   4   4   2   2   4   8   3   4   8   2   1   2  28   3   3   0   2  10  0.37 0.19
  480 E    -2   0  -1   2  -4   0   4  -2  -1   0  -2   2  -2  -3   1  -1  -2  -1  -2  -1    3   4   3   9   0   2  27   3   1   6   3  15   1   1   7   5   2   1   1   5  0.35 0.22
  481 D    -2  -2   1   5  -2   0   1  -3  -1  -4  -3   2  -3  -2   3   0  -2  -4  -3  -3    3   2   5  29   1   4   9   2   2   1   3  13   1   2  14   6   2   0   1   1  0.56 0.30
  482 L    -3  -3  -4  -3  -4  -3  -4  -4  -3   5   3  -3   2   0  -2  -3  -2   0  -1   3    2   1   1   1   0   1   1   1   1  28  26   1   5   4   2   2   2   1   2  17  0.65 0.30
  483 D    -2  -2   2   6  -3   0   1  -4  -3  -3  -4   0  -3  -5   1  -1  -1  -1  -3  -2    3   2   8  44   1   4   8   1   0   2   2   5   1   0   8   3   3   1   1   3  0.85 0.41
  484 M    -2  -2  -4  -1  -4   0   0  -3  -2   0   2  -1   7   0  -1  -2   0   3  -1   1    3   2   1   4   0   4   6   2   1   4  16   3  27   4   3   3   5   3   2   8  0.52 0.31
  485 T     0  -1   0   1  -3  -1   2  -2  -2  -1  -2   0  -1  -2  -3   2   3  -4  -3   0    6   4   4   6   0   3  13   3   1   4   4   6   1   2   1  13  23   0   1   6  0.25 0.21
  486 E    -1  -1  -1   0  -4  -1   4  -1   1  -3  -2  -1  -2  -1   4  -1  -2  -1  -1  -2    4   3   3   5   0   2  28   5   3   2   5   4   1   3  21   4   3   1   2   2  0.49 0.30
  487 C     1   1   0   0  -1   1   0  -1   1   0  -1   1   0  -1  -2   1   0  -3   0   0   11   6   3   6   1   5   6   3   3   6   5  10   3   2   1  11   6   0   3   8  0.06 0.07
  488 T    -1  -1  -1  -1  -2  -1  -2   0  -2  -1   0  -2   0   3   1   0   1   0   3   0    3   4   3   4   1   3   2   7   1   2  11   2   2  15   9   7   8   1  10   6  0.15 0.15
  489 G    -1  -1   0  -2  -5  -2  -1   6   0  -1  -4  -2  -4  -3  -4   0  -1  -5  -5  -1    5   3   4   2   0   2   4  51   2   4   1   2   0   2   1   7   4   0   0   4  0.82 0.41
  490 I    -1  -4  -3  -5  -1  -4  -5  -2  -3   3   4  -5   3   3  -3  -4  -1  -1  -1   1    5   1   1   0   2   1   0   4   1  13  35   0   7  13   1   1   3   1   2   9  0.61 0.33
  491 A     0  -4  -1  -2  -4  -2  -3  -2   0   1  -1  -3  -1   1  -1   0   5   2  -3   1    8   1   2   2   0   1   1   3   2   8   6   1   2   5   4   7  34   3   1  10  0.43 0.33
  492 T    -1  -5  -3  -5   0  -4  -5  -4  -4   3   4  -4   4  -1   0  -2   1  -2  -2   2    6   0   1   1   2   0   0   1   0  15  34   0   9   2   4   2   7   1   1  12  0.58 0.34
  493 R     0   2  -1  -2   0   1   0  -2   3  -2  -2   2  -1   0   1   0   0   1   0  -1    6  12   2   1   3   8   5   2   7   2   4  15   1   4   8   5   5   2   3   5  0.17 0.16
  494 R    -2   2  -2  -3  -1  -2  -1  -5   2  -1  -2   3   4  -3   5  -1  -1  -6  -4  -1    3  12   2   1   2   1   3   0   5   3   3  16  11   1  24   6   4   0   0   4  0.62 0.40
  495 K     1   0  -3  -1  -4   0   1  -3  -2  -3  -2   5  -2  -3   2  -2  -2  -5  -5  -2   14   4   1   3   0   4   7   1   1   1   4  40   1   1   9   3   3   0   0   3  0.62 0.40
  496 S    -1   0   2   1  -4   0   0  -1   3  -1  -2   1  -2   0   0   0   0  -3   1   0    2   6  14   7   0   3   4   5   9   3   4   9   0   5   4   7   6   0   5   7  0.13 0.14
  497 P    -3  -2   0  -1   2  -2  -1   2   1  -6  -6  -1  -3  -7   7  -3  -2  -7  -6  -6    1   2   5   3   4   2   3  18   3   0   1   4   1   0  49   2   2   0   0   0  1.30 0.64
  498 L    -2  -4  -7  -7  -1  -5  -4  -7  -2   2   5  -5  -1   4  -5  -3  -4  -5   0   0    3   1   0   0   1   0   1   0   1  12  53   0   1  15   1   2   0   0   3   6  1.02 0.51
  499 P    -2   1  -1  -1   2   2   1  -4   3  -1  -1   2   1  -1   1  -1  -1   3   1  -1    1   7   3   2   5   9   9   0   7   3   6  14   4   2   6   4   4   4   4   5  0.19 0.19
  500 V     2  -6  -7  -7   2  -6  -6  -6  -6   1   3  -6   2   0  -6  -5  -4  -6  -5   5   14   0   0   0   4   0   0   0   0   7  31   0   4   4   0   0   0   0   0  34  0.96 0.50
  501 V    -2   2  -1  -4   2   0  -2  -3   1   2  -1   2   2  -1  -4  -1   0  -3  -2   3    2  13   2   0   4   4   1   1   4  14   4  14   4   2   0   3   6   0   1  21  0.31 0.26
  502 A     1  -6  -6  -6   0  -5  -5  -5  -3   1   2  -5  -2   4   4  -4  -4  -5  -3   1   14   0   0   0   2   0   0   0   1   8  21   0   0  18  22   0   0   0   0  11  0.79 0.45
  503 T    -2   3  -2  -4  -5  -1   0  -4  -2   0  -4   3  -2  -4  -4   1   4   0  -4   2    1  14   1   0   0   2   6   0   1   5   0  17   1   0   0  11  23   1   0  15  0.51 0.38
  504 P    -5  -7  -4  -6  -8  -6  -6  -6  -4  -6  -8   0  -7  -8   9  -3  -6  -9  -5  -3    0   0   1   0   0   0   0   0   0   0   0   5   0   0  89   2   0   0   0   2  2.91 1.06
  505 F    -5   7  -5  -6  -7  -4  -5  -7  -3  -1   0  -2  -4   1  -6  -5  -5  -5   2  -2    0  67   0   0   0   0   0   0   0   4  10   1   0   6   0   0   0   0   8   4  1.65 0.71
  506 S     1  -1   3   2  -4   2   0  -2  -2  -5  -5  -2  -4  -6   0   4   2  -6  -5  -4    9   2  12  10   0  11   5   2   1   0   1   1   0   0   4  30  11   0   0   0  0.57 0.40
  507 G     4  -4  -2  -3  -3  -3  -3   4  -4  -4  -5  -3  -4  -5  -3   4  -2  -5  -4  -4   36   0   0   0   0   0   0  33   0   0   0   0   0   0   0  31   0   0   0   0  0.94 0.41

                      K         Lambda
Standard Ungapped    0.1381     0.3211
Standard Gapped      0.0529     0.2670
PSI Ungapped         0.1726     0.3143
PSI Gapped           0.0529     0.2670
