
Last position-specific scoring matrix computed, weighted observed percentages rounded down, information per position, and relative weight of gapless real matches to pseudocounts
            A   R   N   D   C   Q   E   G   H   I   L   K   M   F   P   S   T   W   Y   V   A   R   N   D   C   Q   E   G   H   I   L   K   M   F   P   S   T   W   Y   V
    1 M    -1  -2  -3  -4  -2  -1  -2  -3  -2   1   2  -2   7   0  -3  -2  -1  -2  -1   0    0   0   0   0   0   0   0   0   0   0   0   0 100   0   0   0   0   0   0   0  0.64 0.06
    2 S     2  -1   0   0  -1   0  -1   1  -1  -2  -2   1  -1  -3  -1   3   2  -3  -2  -1   20   0   3   3   0   0   0   7   0   0   0  12   0   0   0  35  16   0   0   4  0.24 0.03
    3 T     0  -1   0   1  -2   0   1  -1  -1  -2  -3  -1  -2  -3   3   3   2  -3  -2  -2    4   0   2   8   0   0  12   1   0   0   0   0   0   0  14  33  25   0   0   0  0.38 0.04
    4 R    -2   6  -1  -2  -4   0  -1  -3   0  -3  -3   3  -2  -4  -3  -1  -2  -4  -2  -1    0  76   0   0   0   0   0   0   2   0   0  15   0   0   0   3   0   0   0   5  0.91 0.14
    5 E    -1  -1   0   3  -4   1   6  -3  -1  -4  -4   0  -3  -4  -2   0  -1  -4  -3  -3    2   0   3  14   0   0  75   0   0   0   0   0   0   0   0   3   2   0   0   0  0.91 0.15
    6 E    -2  -1   1   3  -4   2   4  -2  -1  -4  -4   1  -3  -4  -2   0  -1  -4  -3  -3    0   0   6  18   0  12  51   0   0   0   0  10   0   0   0   1   3   0   0   0  0.66 0.11
    7 N     0  -2   2  -2   3   0  -2  -2   0   0   2  -2   0   2  -3   0  -1  -2   1   0   11   0  18   0   8   6   0   0   1   0  31   0   1  11   0   4   0   0   5   3  0.14 0.06
    8 V    -1  -3  -4  -4  -2  -3  -3  -4  -4   2   1  -3   0  -2  -3  -3  -1  -4  -2   5    0   0   0   0   0   0   0   0   0   4  12   0   0   0   0   0   0   0   0  84  0.73 0.15
    9 Y    -2   0  -1  -3  -4   4  -1  -4   2  -3  -2  -1  -2   1  -3  -1  -2   0   7  -3    0   3   1   0   0  28   0   0   3   0   0   0   0   2   0   2   0   0  61   0  0.95 0.17
   10 M    -2   1  -2  -3  -2   0  -2  -3  -2   1   2   2   4  -1  -3  -2  -1  -3  -2   0    0  10   0   0   0   1   0   0   0   8  30  23  25   0   0   0   1   0   0   2  0.30 0.09
   11 A     6  -2  -2  -3  -1  -2  -2  -1  -3  -2  -3  -2  -2  -3  -2   1  -1  -4  -3  -1   96   0   0   0   0   0   0   0   0   0   0   0   0   0   0   4   0   0   0   0  0.89 0.17
   12 K    -2   2   2  -1  -4   0   0  -2  -1  -4  -4   6  -2  -4  -2  -1  -2  -4  -3  -3    0   6  12   0   0   0   0   0   0   0   0  82   0   0   0   0   0   0   0   0  0.90 0.16
   13 L    -2  -3  -4  -5  -2  -3  -4  -5  -4   1   5  -4   1  -1  -4  -3  -2  -3  -2   1    0   0   0   0   0   0   0   0   0   0  95   0   0   0   0   0   0   0   0   5  0.90 0.17
   14 A     5  -2  -1  -2  -1  -2  -2  -1  -2  -2  -3  -2  -2  -3  -2   2  -1  -4  -3  -1   85   0   2   0   0   0   0   0   0   0   0   0   0   0   0  13   0   0   0   0  0.78 0.17
   15 E    -2  -1  -1   2  -5   1   6  -3  -1  -4  -4   0  -3  -5  -2  -1  -2  -4  -3  -4    0   0   0  10   0   0  90   0   0   0   0   0   0   0   0   0   0   0   0   0  1.24 0.21
   16 Q    -2   0  -1  -2  -4   7   1  -3  -1  -4  -3   0   2  -4  -3  -1  -2  -3  -3  -3    0   0   0   0   0  90   4   0   0   0   0   0   6   0   0   0   0   0   0   0  1.31 0.24
   17 A     5  -2  -2  -3  -1  -2  -2  -1  -3  -2  -3  -2  -2  -3  -2   1   0  -4  -3  -1   93   0   0   0   0   0   0   0   0   0   0   0   0   0   0   5   2   0   0   0  0.87 0.19
   18 E    -2  -1  -1   0  -5   1   7  -3  -1  -5  -4   0  -3  -5  -2  -1  -2  -4  -3  -4    0   0   0   0   0   0 100   0   0   0   0   0   0   0   0   0   0   0   0   0  1.40 0.23
   19 R    -3   7  -2  -3  -5   0  -1  -4  -1  -4  -4   1  -3  -4  -3  -2  -2  -4  -3  -4    0 100   0   0   0   0   0   0   0   0   0   0   0   0   0   0   0   0   0   0  1.54 0.24
   20 Y    -4  -3  -4  -5  -4  -3  -4  -5   0  -3  -3  -4  -3   2  -5  -3  -3   1   9  -3    0   0   0   0   0   0   0   0   0   0   0   0   0   4   0   0   0   0  96   0  2.05 0.35
   21 E    -3  -2  -1   5  -5   0   5  -3  -2  -5  -5  -1  -4  -5  -3  -1  -2  -5  -4  -4    0   0   0  49   0   0  51   0   0   0   0   0   0   0   0   0   0   0   0   0  1.18 0.23
   22 E    -2  -2  -1   5  -5   0   5  -2  -2  -5  -4  -1  -4  -5  -2  -1  -2  -5  -4  -4    0   0   0  36   0   0  62   2   0   0   0   0   0   0   0   0   0   0   0   0  1.11 0.23
   23 M    -3  -3  -4  -5  -3  -2  -4  -5  -3  -1   0  -3  10  -2  -4  -3  -2  -3  -3  -1    0   0   0   0   0   0   0   0   0   0   0   0 100   0   0   0   0   0   0   0  1.97 0.39
   24 V     3  -3  -3  -4  -2  -3  -3  -3  -4   1  -1  -3  -1  -2  -3  -1  -1  -4  -3   5   35   0   0   0   0   0   0   0   0   2   0   0   0   0   0   0   0   0   0  63  0.64 0.20
   25 E     1  -1  -1   1  -3   2   5  -1  -1  -3  -3   1  -2  -4  -2   0  -1  -4  -3  -2   15   0   0   6   0   9  52   5   0   0   0   7   0   0   0   3   1   0   0   2  0.55 0.15
   26 F     2  -2   1  -2   1  -2   0  -2   1  -2  -2  -2  -2   4  -3   0  -1  -1   2  -2   29   0   8   0   4   0   6   0   4   0   0   0   0  34   0   6   2   0   8   0  0.34 0.13
   27 M    -3  -3  -4  -5   1  -2  -4  -5  -3  -1   0  -3   9  -2  -4  -3  -2  -3  -3  -1    0   0   0   0   4   0   0   0   0   0   0   0  96   0   0   0   0   0   0   0  1.84 0.38
   28 E    -2   0   0   0  -4   1   3  -2  -1  -4  -3   5  -2  -4  -2  -1  -2  -4  -3  -3    0   0   2   4   0   2  29   0   0   0   1  59   0   0   0   0   0   0   0   0  0.74 0.18
   29 K     1   2   1  -1  -3   1   0  -1  -1  -2  -3   4  -2  -3  -2   1   1  -4  -3  -2   16  10   6   0   0   5   1   2   0   2   0  41   0   0   0  10   9   0   0   0  0.36 0.11
   30 V    -1  -3  -3  -3  -2  -3  -3  -3  -3   2   1  -3   1  -1  -3  -2  -1  -3   0   5    4   0   0   0   0   0   1   1   0   3  13   1   4   0   0   1   1   0   3  68  0.52 0.15
   31 A     4  -2  -2  -2   0  -1  -1  -1  -2  -1  -1  -1  -1  -2  -1   1   1  -2  -2   1   52   1   1   1   1   1   1   1   0   1   3   1   0   1   1   5  13   0   1  15  0.31 0.10
   32 K     0   1   0   0  -1   1   3   0  -1  -1  -2   2  -1  -2  -1   0   0  -2  -2  -1    8   7   4   1   2   6  26   6   0   3   2  14   1   1   1   7   4   0   1   7  0.16 0.04
   33 T     1  -1   1  -1  -1   0  -1   0  -1  -1   0   0   1  -2  -1   1   2  -2  -2   0   15   1   7   1   0   5   1   4   0   1   9   4   9   1   1  10  26   0   1   3  0.13 0.06
   34 V     0  -2   1   0   0  -1   0   2  -2  -1   0  -1   1  -2   0   0   0  -2  -2   0    9   1   8   3   2   0  10  16   0   1  15   1   6   0   5   5   7   0   0  10  0.07 0.03
   35 D     0  -1   1   3  -2   1   1   1   0  -2  -2   0  -2  -2   1   0  -1  -2  -2  -2    8   1   8  30   1   8   6  11   2   1   3   3   1   1   7   4   3   0   1   2  0.26 0.05
   36 V     1  -1   0   0  -1   0  -1   2   1   0  -1   0  -1  -1  -1   0   0  -1  -1   1   10   2   2   6   1   2   3  17   6   2   4   5   1   2   2  10   5   1   1  19  0.05 0.02
   37 E     0   0   0   2  -2   1   3   0   0  -2  -2   0  -1  -2  -1   0   0  -2  -1  -1    6   4   1  12   1   4  38   6   3   2   3   3   1   1   2   4   3   0   1   5  0.24 0.04
   38 E     0   0   1   2  -2   1   3   0   0  -2  -2   0  -1  -2   1   0   0  -2  -1  -1    5   2   7  14   1   2  32   7   1   2   4   4   1   2   8   3   2   1   1   3  0.22 0.01
   39 L    -1  -2  -2  -2  -1  -1  -2  -2  -2   1   4  -2   2   0  -2  -2  -1  -1  -1   0    2   1   1   1   0   1   2   2   1   1  70   1   8   1   1   2   1   0   1   2  0.28 0.04
   40 S     0  -1   2   0  -1   0   0   0  -1  -2  -2   0  -1  -2  -1   2   3  -2  -1  -1    2   1  14   1   0   1   2   7   1   1   2   1   1   1   1  33  27   0   1   2  0.23 0.03
   41 V     0  -1   2  -1   1  -1  -1  -1  -1   1   0   0   0  -1  -1   0   0  -2  -1   2    9   1  24   1   3   1   2   2   1   5   2   6   1   1   1   2   1   0   1  35  0.08 0.02
   42 E    -1   0  -1   1  -2   1   5  -2   0  -2  -1   0   1  -2  -1   0  -1  -2  -2  -1    2   1   1   1   0   1  66   2   1   1   2   1  11   1   1   2   1   0   1   2  0.42 0.05
   43 E     0   0   0   2  -2   1   4  -1   0  -2  -2   0  -2  -2  -1   0  -1  -2  -2  -2   12   1   1   6   0   1  61   2   1   1   2   1   1   1   1   2   1   0   1   2  0.41 0.04
   44 R    -1   4   0  -1  -2   1   0  -1   0  -1  -1   1  -1  -1  -1   0   0  -1  -1  -1    4  53   2   3   1   2   3   4   1   3   5   3   1   2   3   4   3   1   2   3  0.24 0.02
   45 N    -2  -1   7   1  -3  -1  -1  -1   0  -3  -2  -1  -2  -3  -3   0  -1  -4  -3  -3    0   0  93   0   0   0   0   0   0   0   7   0   0   0   0   0   0   0   0   0  0.87 0.09
   46 L    -2  -3  -4  -4  -2  -3  -3  -4  -3   1   5  -3   2   0  -3  -3  -2  -2  -1   0    0   0   0   0   0   0   0   0   0   0 100   0   0   0   0   0   0   0   0   0  0.64 0.07
   47 L    -2  -3  -4  -4  -2  -3  -3  -4  -3   1   4  -3   2   2  -3  -3  -2  -2   0   1    0   0   0   0   0   0   0   0   0   2  82   0   0  13   0   0   0   0   0   3  0.51 0.06
   48 S     1  -1   0  -1  -1  -1  -1  -1  -1  -3  -3  -1  -2  -3  -1   5   1  -3  -2  -2    0   0   0   0   0   0   0   0   0   0   0   0   0   0   0 100   0   0   0   0  0.68 0.09
   49 V    -1  -3  -3  -4  -1  -3  -3  -4  -4   2   0  -3   0  -1  -3  -2   0  -3  -2   5    0   0   0   0   0   0   0   0   0   0   0   0   0   0   0   0   0   0   0 100  0.58 0.08
   50 A     4  -2  -2  -2  -1  -1  -1   3  -2  -2  -2  -1  -2  -3  -1   1  -1  -3  -2  -1   80   0   0   0   0   0   0  20   0   0   0   0   0   0   0   0   0   0   0   0  0.52 0.06
   51 Y    -2  -2  -3  -4  -3  -2  -3  -4   1  -2  -1  -3  -1   3  -4  -2  -2   2   8  -2    0   0   0   0   0   0   0   0   0   0   0   0   0   7   0   0   0   0  93   0  1.20 0.10
   52 K    -1   2  -1  -1  -4   1   0  -2  -1  -3  -3   6  -2  -4  -2  -1  -1  -4  -2  -3    0   0   0   0   0   0   0   0   0   0   0 100   0   0   0   0   0   0   0   0  0.78 0.09
   53 N    -2   0   6   1  -3   0   0  -1   0  -3  -3   1  -2  -3  -2   0   0  -3  -2  -3    1   1  80   1   0   1   1   1   0   1   1   8   0   1   1   1   1   0   0   1  0.69 0.06
   54 V     0  -2  -2  -3  -1  -2  -2  -3  -3   2   1  -2   0  -1  -2  -1   1  -2  -1   4    4   1   1   1   0   1   1   1   0   2  11   1   0   1   1   1   8   0   0  67  0.26 0.04
   55 I    -1  -2  -3  -3  -1  -2  -2  -3  -3   4   1  -2   1  -1  -2  -2  -1  -2  -1   3    1   1   1   1   0   1   1   1   0  47   4   1   0   1   1   1   1   0   0  38  0.32 0.04
   56 G     0  -2  -1  -1  -2  -2  -2   6  -2  -3  -3  -1  -2  -3  -2   0  -1  -2  -3  -3    1   1   1   1   0   1   1  82   0   1   1   1   0   1   1   7   1   0   0   1  0.86 0.05
   57 A     4  -1  -1  -1  -1  -1  -1   1  -2  -2  -2  -1  -1  -2  -1   2   0  -2  -2  -1   65   1   1   1   0   1   1   6   0   1   1   1   0   1   1  19   1   0   0   1  0.34 0.04
   58 R    -1   6  -1  -2  -3   1   0  -2  -1  -2  -1   2  -1  -2  -2  -1  -1  -2  -2  -2    1  75   1   1   0   4   1   1   0   1   5   5   0   1   1   1   1   0   0   1  0.62 0.06
   59 R    -2   6  -1  -2  -3   1   0  -2  -1  -3  -2   2  -2  -3  -2  -1  -1  -3  -2  -2    1  87   1   1   0   1   1   1   0   1   1   1   0   1   1   1   1   0   0   1  0.79 0.07
   60 A     4  -1  -1  -1  -1  -1  -1   0  -1  -2  -2  -1  -1  -2  -1   3   0  -2  -2  -1   58   1   1   1   0   1   1   1   0   1   1   1   0   1   1  30   1   0   0   1  0.35 0.04
   61 S     2  -1   0  -1  -1   0   0   0  -1  -2  -2  -1  -1  -2  -1   4   1  -2  -2  -1   18   1   1   1   0   1   1   1   0   1   1   1   0   1   1  70   1   0   0   1  0.40 0.05
   62 W    -2  -3  -3  -4  -2  -2  -3  -3  -2  -2  -2  -3   0   0  -3  -3  -2  11   1  -3    1   1   1   1   0   1   1   1   0   1   1   1   4   1   1   1   1  83   0   1  2.17 0.10
   63 R    -2   6  -1  -2  -3   1   0  -2  -1  -3  -2   2  -2  -3  -2  -1  -1  -3  -2  -2    1  87   1   1   0   1   1   1   0   1   1   1   0   1   1   1   1   0   0   1  0.79 0.07
   64 I    -1  -3  -4  -4  -1  -3  -3  -4  -4   5   1  -3   2  -1  -3  -3  -1  -3  -2   3    0   0   0   0   0   0   0   0   0  69   0   0   6   0   0   0   0   0   0  25  0.49 0.06
   65 I    -2  -3  -4  -4  -2  -3  -3  -4  -3   4   2  -3   2   0  -3  -3  -1  -3  -1   2    0   0   0   0   0   0   0   0   0  59  24   0   6   2   0   0   0   0   0  10  0.42 0.05
   66 S     0  -1   0  -1   2   0   1   0   1  -3  -3  -1  -2  -3  -1   4   1  -3  -2  -2    0   0   0   0   6   0   7   4   5   0   0   0   0   0   0  75   3   0   0   0  0.44 0.06
   67 S     1  -1   0  -1  -1  -1  -1   0  -1  -3  -3  -1  -2  -3  -1   5   1  -3  -2  -2    0   0   0   0   0   0   0   5   0   0   0   0   0   0   0  95   0   0   0   0  0.62 0.09
   68 I    -1  -3  -3  -3  -2  -2  -1  -4  -3   4   2  -3   1  -1  -3  -1  -1  -3  -2   2    0   0   0   0   0   0   6   0   0  76  11   0   0   0   0   5   0   0   0   3  0.38 0.06
   69 E     0   1  -1   1  -4   1   6  -2  -1  -4  -3   0  -2  -4  -2  -1  -1  -3  -3  -3    5   6   0   0   0   0  89   0   0   0   0   0   0   0   0   0   0   0   0   0  0.81 0.08
   70 Q    -1   0  -1  -1  -3   6   1  -1   0  -3  -1   1   1  -3  -2  -1  -1  -3  -2  -2    0   0   0   0   0  85   0   2   0   0   4   5   5   0   0   0   0   0   0   0  0.73 0.09
   71 K    -1   2  -1  -1  -4   1   0  -2  -1  -3  -3   6  -2  -4  -2  -1  -1  -4  -2  -3    0   0   0   0   0   0   0   0   0   0   0 100   0   0   0   0   0   0   0   0  0.78 0.09
   72 E     0  -1  -1   1  -3   1   4  -2  -1  -2  -1   0  -1  -3  -2   0   1  -3  -2   0    5   0   0   2   0   5  57   0   0   0   6   0   0   0   0   4  14   0   0   7  0.38 0.05
   73 E     0  -1   0   1  -3   2   5  -2  -1  -2  -2   0  -1  -3  -1   0   0  -3  -2  -1    8   0   4   2   0   4  65   1   0   0   2   0   1   0   0   2   3   0   0   5  0.45 0.05
   74 S     1  -1   1  -1  -1   0   0   2  -1  -2  -2  -1  -1  -2  -1   3   2  -3  -2  -1   10   2   8   0   0   0   4  15   0   0   1   0   0   0   0  41  13   0   0   4  0.25 0.03
   75 K     0   4   0   1  -3   1   1  -2  -1  -2  -2   3  -1  -3  -1   0   0  -3  -2  -2    8  36   0   7   0   0   4   1   0   1   1  29   0   0   1   4   5   0   0   1  0.34 0.03
   76 G     0   0   0  -1  -2  -1  -1   5  -2  -3  -3   0  -2  -3   1  -1  -1  -2  -2  -2    4   4   3   1   0   3   3  60   1   1   2   5   1   1   6   2   1   0   1   2  0.58 0.09
   77 N    -1   0   5   2  -2  -1  -1  -1   2  -2  -1   0  -2  -3  -2   1   0  -3  -2  -2    4   2  45  11   0   1   1   2   6   1   6   4   0   1   1   8   4   0   0   1  0.40 0.09
   78 E     0  -1   0   3  -3   1   4  -2  -1  -2  -2   1   0  -3   1   0   0  -3  -2  -2    7   1   1  16   0   7  41   1   0   1   1   5   4   1   6   3   4   0   0   1  0.39 0.08
   79 D     0   0   0   3  -2   2   2  -1  -1  -2  -2   2  -2  -3   1   1  -1  -3  -2  -1    5   3   1  19   0  10  12   2   0   1   2  19   0   1   7  12   1   0   0   4  0.26 0.05
   80 H    -1   1   2  -1  -3   2   0   0   5  -2  -2   2  -2  -2  -2  -1  -1  -3  -1  -1    1   4  14   1   0  16   1   7  24   1   1  19   0   1   1   2   1   0   1   6  0.34 0.09
   81 V     0  -2  -2  -2  -2   1  -1  -1  -2   1   0  -1   0  -1  -2  -1   0  -3  -2   3    6   1   1   1   0  12   1   4   0   5   8   4   0   1   1   1   6   0   0  49  0.20 0.08
   82 A     1   0   0   0  -2   2   1  -1   1  -2  -2   1  -1  -2   1   1   1  -2  -2  -1   17   3   2   6   0  13  10   1   6   1   1  14   0   1   5   8  11   0   0   2  0.19 0.04
   83 I    -1   1  -2  -2  -1   0  -1  -2  -2   2   2   0   3  -1  -2  -1   0  -2  -1   1    3  12   1   1   1   4   4   1   0  15  21   3  14   1   1   5   5   0   1   8  0.10 0.04
   84 I     1  -2  -2  -2  -1  -2  -2  -1  -2   4   0  -2   0  -1  -1  -1   0  -2  -1   2   14   1   1   2   1   1   2   6   1  45   4   2   1   1   2   3   4   0   1  10  0.16 0.06
   85 K     0   3   2  -1  -3   1   0  -2  -1  -3  -2   4  -2  -3  -1  -1  -1  -3  -2  -2    7  20  11   1   0   2   4   1   0   1   2  43   0   1   1   1   1   0   1   1  0.40 0.09
   86 D    -1  -1   0   2  -3   0   4   1   0  -3  -3   0  -2  -3  -1   0   0  -3  -2  -2    3   1   2  14   0   1  44  11   1   1   2   2   0   1   1   5   7   0   1   1  0.39 0.08
   87 Y    -2  -2  -3  -3  -3  -2  -2  -3   0  -2  -2   0  -2   2  -3  -2  -2   1   8  -2    1   1   1   1   0   1   1   1   0   1   1   6   0   1   1   1   1   0  82   1  1.33 0.22
   88 R    -2   6  -1  -2  -3   0  -1  -2  -1  -1  -1   2  -1  -2  -2  -1  -1  -3  -2  -2    1  63   1   1   0   2   1   1   0   6   7   9   2   1   1   1   1   0   1   1  0.62 0.13
   89 G     0   1   0   0  -1   2   2   0   0  -1  -2   2  -1  -2  -1   1   0  -2  -2  -1    7   3   1   1   1  13  17   7   1   4   2  19   0   1   1  15   3   0   1   3  0.18 0.05
   90 K    -1   2  -1  -1  -3   1   0  -2  -1  -2  -2   5  -1  -3  -2  -1  -1  -3  -2  -1    1   8   1   1   0   2   1   1   0   1   1  70   1   1   1   1   1   0   1   7  0.60 0.14
   91 I    -1  -3  -3  -3  -1  -2  -3  -3  -3   4   0  -2   1  -1  -2  -2  -1  -3  -2   4    1   1   1   1   0   1   1   1   0  33   1   1   3   1   1   1   1   0   1  49  0.45 0.11
   92 E    -2  -1  -1   0  -3   1   6  -2  -1  -3  -3   0  -2  -3  -2  -1  -2  -3  -2  -3    1   1   1   1   0   1  85   1   0   1   1   1   0   1   1   1   1   0   1   1  0.99 0.18
   93 S     1   0   1   2  -2   1   2  -1  -1  -2  -2   1  -1  -2  -1   1   1  -2  -2  -1   12   1   6  13   0   4  14   1   0   1   3  13   0   1   1  11  15   0   1   2  0.19 0.04
   94 E    -2  -1  -1   1  -3   1   6  -2  -1  -3  -3   0  -2  -3  -2  -1  -2  -3  -2  -3    1   1   1   2   0   1  84   1   0   1   1   1   0   1   1   1   1   0   1   1  0.98 0.18
   95 L    -2  -2  -3  -3  -2  -2  -3  -3  -3   1   5  -2   2   0  -3  -2  -2  -2  -2   0    1   1   1   1   0   1   1   1   0   1  82   1   3   1   1   1   1   0   1   1  0.61 0.13
   96 S     0   2   1   0  -2   1   0  -1  -1  -1  -1   0  -1  -2  -1   2   2  -2  -2  -1    7  14   8   4   0   6   3   1   0   4   6   3   0   1   1  25  14   0   1   1  0.16 0.05
   97 K     0   1   1   2  -2   1   1   0  -1  -2  -2   2  -2  -3   0   0   0  -3  -2  -2    8   6   8  15   0   4   5   4   0   1   2  26   0   1   4   6   7   0   1   1  0.21 0.04
   98 I    -2  -3  -3  -4  -1  -3  -3  -4  -3   5   0  -2   0   1  -3  -3  -1  -3   0   3    0   0   1   0   1   0   0   0   0  69   1   2   0   5   0   0   0   0   3  15  0.60 0.15
   99 C    -1  -4  -4  -4  10  -4  -4  -4  -4  -3  -3  -4  -3  -4  -4  -2  -2  -3  -4  -2    2   0   0   0  92   0   0   0   0   0   1   0   0   0   0   1   0   0   0   0  2.27 0.30
  100 D     0  -1   3   3   1   1   2  -1   1  -2  -3   0  -2  -3  -2   0  -1  -3   0  -2    6   0  26  25   4   6  12   1   4   2   1   2   0   0   0   5   1   0   3   0  0.35 0.08
  101 G    -1  -2   0   4  -3   0   2   3  -2  -3  -3  -1  -3  -4  -2  -1   0  -4  -3  -3    0   0   1  41   0   3  15  28   0   0   2   0   0   0   0   1   5   0   0   0  0.58 0.12
  102 I    -1  -3  -4  -4  -2  -3  -3  -4  -4   5   0  -3   0  -1  -3  -3  -1  -3  -2   4    0   0   0   0   0   0   0   0   0  49   1   0   0   0   0   0   2   0   0  44  0.65 0.15
  103 L    -2  -3  -4  -4  -2  -3  -3  -4  -3   1   5  -3   2   0  -3  -3  -2  -2  -2   0    0   0   0   0   0   0   0   0   0   3  87   0   6   0   0   0   0   0   0   0  0.77 0.17
  104 N     0   2   1   1  -2   1   0   0  -1  -2  -2   2  -2  -3  -1   1   1  -3  -2  -2    8  14   9   7   0   4   4   8   0   0   1  19   0   0   0  18   7   0   0   1  0.22 0.05
  105 V    -1  -3  -3  -4  -2  -3  -3  -4  -3   3   4  -3   1  -1  -3  -2  -1  -3  -2   2    3   0   0   0   0   0   0   0   0  18  53   0   0   0   0   0   0   0   0  21  0.46 0.11
  106 L    -2  -3  -4  -4  -2  -3  -3  -4  -3   3   4  -3   1  -1  -3  -3  -2  -3  -2   1    0   0   0   0   0   0   0   0   0  28  66   0   0   0   0   0   0   0   0   0  0.64 0.14
  107 E     0  -2   0   5  -3   0   2  -2  -2  -3  -3  -1  -3  -4   0   0   1  -4  -3  -3    6   0   0  57   0   1  15   0   0   0   1   1   0   0   3   3  10   0   0   0  0.69 0.14
  108 A     0   0   0   1  -2   1   2  -2  -1  -1  -2   2  -2  -3  -1   2   1  -3  -2  -1    3   1   2   8   0   4  13   0   0   6   1  21   0   0   0  29   7   0   0   3  0.23 0.07
  109 H    -2   0   1  -2  -3  -1  -1  -3   7  -2  -2   0  -2   2  -3  -2  -2  -1   4  -3    0   4   8   0   0   0   2   0  45   1   3   7   0   9   0   0   0   0  17   0  0.69 0.15
  110 L    -2  -3  -4  -4   2  -3  -3  -4  -3   1   5  -3   1  -1  -1  -3  -2  -2  -2   0    0   0   0   0   6   0   0   0   0   5  80   0   0   0   3   0   0   0   0   2  0.64 0.15
  111 I    -2  -3  -4  -4  -2  -3  -3  -4  -4   5   2  -3   1  -1  -3  -3  -1  -3  -2   2    0   0   0   0   0   0   0   0   0  64  20   0   0   0   0   0   0   0   0  12  0.62 0.14
  112 P    -1  -2  -2  -2  -3  -2  -2  -2  -3  -3  -3   0  -3  -4   7   0   0  -4  -3  -2    4   1   0   0   0   0   0   3   0   0   1   7   0   0  70   5   6   0   0   2  1.45 0.19
  113 S     1   0   2  -1  -1   0   0  -1   1  -2  -1   1  -2  -2  -2   3   0  -3  -2  -2   11   2  17   0   1   0   7   2   4   0   6   8   0   1   0  37   2   0   0   1  0.24 0.08
  114 A     4  -1  -1  -2   1   0  -1  -1  -2  -2  -2   0  -2  -3  -2   2   0  -3  -2  -1   54   0   0   0   4   5   0   0   0   0   1   5   0   0   0  24   4   0   0   0  0.43 0.13
  115 S     1  -1   1  -1  -2   0  -1   0  -2  -1  -2   0  -2  -3  -2   2   3  -3  -2  -1    9   0   9   0   0   2   0   6   0   5   1   6   0   0   0  26  33   0   0   0  0.30 0.10
  116 P     2  -1   1   1  -2   0   0   1  -1  -2  -2  -1  -2  -3   1   2   2  -3  -2  -2   24   0   9   6   0   5   3   8   0   0   2   0   0   0   5  21  14   0   0   0  0.24 0.07
  117 A     2  -2  -1  -1  -2  -1  -1   3  -2  -1  -2  -1  -2  -3   1   1  -1  -3  -2  -1   32   0   0   3   0   0   2  32   0   7   1   0   0   0   8   9   1   0   1   2  0.34 0.08
  118 E    -2  -1  -1   2  -4   1   6  -3  -1  -4  -4   0  -3  -4  -2  -1  -2  -4  -3  -3    0   0   0  11   0   0  83   0   0   0   1   0   0   0   0   0   0   0   0   0  1.11 0.21
  119 S     1  -2   1  -1  -2  -1  -1  -1  -2  -3  -3  -1  -2  -3  -1   5   0  -3   0  -2    7   0   6   0   0   0   0   2   0   0   1   0   0   0   1  75   0   0   5   0  0.64 0.17
  120 K    -1   1   1  -1  -2   0   0  -2  -1  -2  -2   5  -1  -3  -1   0   1  -3  -2  -1    1   5   6   1   0   1   1   1   0   1   1  56   0   1   1   5  11   0   1   7  0.40 0.11
  121 V    -1  -3  -3  -3  -1  -2  -3  -3  -3   2   0  -2   0  -1  -2  -2  -1  -3  -2   5    1   1   1   1   0   1   1   1   0  10   1   1   0   1   1   1   1   0   1  75  0.57 0.14
  122 F    -3  -3  -3  -4  -3  -3  -3  -3  -2  -1  -1  -3  -1   8  -3  -3  -3   0   2  -2    1   1   1   1   0   1   1   1   0   1   1   1   0  87   1   1   1   0   0   1  1.27 0.20
  123 Y    -2  -2  -3  -3  -3  -2  -3  -3   1  -2  -1  -3  -2   4  -3  -2  -2   1   7  -2    1   1   1   1   0   1   1   1   1   1   1   1   0  20   1   1   1   0  66   1  1.13 0.19
  124 L    -2  -2  -2  -3  -2  -2  -2  -3   1   0   3  -1   0   1  -3  -2  -2   0   5  -1    1   1   2   1   0   1   1   1   3   1  47   5   0   2   1   1   1   0  32   1  0.43 0.11
  125 K    -2   1  -1  -2  -4   0   0  -2  -2  -3  -3   6  -2  -4  -2  -1  -2  -3  -3  -3    1   1   0   1   0   0   1   1   0   1   1  90   0   0   1   1   1   0   0   1  1.01 0.21
  126 M    -2  -2  -3  -4  -2  -2  -3  -3  -3   0   1  -2   9  -1  -3  -2  -2  -2  -2  -1    1   1   0   1   0   0   1   1   0   2   1   1  89   0   1   1   1   0   0   1  1.36 0.27
  127 K    -2   1  -1  -1  -3   1   1  -2  -1  -3  -3   6   1  -3  -2  -1  -1  -3  -2  -3    1   1   0   1   0   3   4   1   0   1   1  78   5   0   1   1   1   0   0   1  0.78 0.17
  128 G    -1  -3  -1  -2  -3  -2  -3   6  -3  -4  -4  -2  -3  -4  -3  -1  -2  -3  -3  -4    1   1   0   1   0   0   1  90   0   1   1   1   0   0   1   1   1   0   0   1  1.32 0.19
  129 D    -3  -2   0   7  -4  -1   0  -2  -2  -4  -4  -2  -4  -4  -2  -1  -2  -4  -4  -4    1   1   0  90   0   0   1   1   0   1   1   1   0   0   1   1   1   0   0   1  1.37 0.21
  130 Y    -3  -3  -3  -4  -3  -2  -3  -4   0  -2  -2  -3  -2   2  -3  -3  -3   1   8  -2    1   1   0   1   0   0   1   1   0   1   1   1   0   0   1   1   1   0  90   1  1.60 0.25
  131 H    -2  -2  -2  -3  -3  -2  -2  -3   5  -2  -2  -2  -2   2  -3  -2  -2   0   7  -2    1   1   0   1   0   0   1   1  22   1   1   1   0   7   1   1   1   0  62   1  1.12 0.19
  132 R    -2   7  -1  -2  -4   0  -1  -3  -1  -4  -3   1  -2  -3  -3  -2  -2  -3  -2  -3    1  90   0   1   0   0   1   1   0   1   1   1   0   0   1   1   1   0   0   1  1.26 0.21
  133 Y    -3  -3  -3  -4  -3  -2  -3  -4   0  -2  -2  -3  -2   2  -3  -3  -3   1   8  -2    1   1   0   1   0   0   1   1   0   1   1   1   0   0   1   1   1   0  90   1  1.60 0.25
  134 L    -2  -2  -3  -3  -2  -2  -3  -3  -3   1   4  -1   1   0  -3  -3  -2  -2   0   0    1   1   0   1   0   0   1   1   0   4  78   5   1   2   1   1   1   0   3   1  0.54 0.13
  135 A     5  -2  -2  -2  -1  -1  -1  -1  -2  -2  -2  -1  -2  -3  -1   2  -1  -3  -2  -1   80   1   0   1   0   0   1   1   0   1   1   1   0   0   1  11   1   0   0   1  0.67 0.16
  136 E    -2  -1  -1   0  -4   1   6  -3  -1  -4  -3   0  -3  -4  -2  -1  -2  -3  -3  -3    1   1   0   1   0   0  90   1   0   1   1   1   0   0   1   1   1   0   0   1  1.15 0.21
  137 F    -2  -3  -3  -3  -2  -3  -3  -3  -2   0   0  -3  -1   6  -3  -3  -2  -1   1   3    1   1   0   1   0   0   1   1   0   1   1   1   0  55   1   1   1   0   0  35  0.71 0.16
  138 K     2   0  -1  -1  -2   1   0  -1  -1  -2  -2   3  -1  -3  -1   1   0  -3  -2   0   31   1   1   1   0   7   1   1   0   1   1  32   0   0   1  12   6   0   0   6  0.27 0.09
  139 A     0  -2   0  -1   0  -1   0  -1  -2   0  -2  -1  -1  -2  -2   2   4  -3  -2   0    6   1   2   1   1   0   6   3   0   4   1   1   0   0   1  22  44   0   0   8  0.33 0.10
  140 G     0  -3  -1   1  -3  -2  -1   6  -2  -4  -4  -2  -3  -3  -2  -1  -2  -3  -3  -3    3   1   0   7   0   0   5  76   0   1   1   1   0   0   1   2   1   0   0   1  0.96 0.15
  141 A     1  -1   1   4  -3   0   3  -2  -1  -3  -3  -1  -2  -3   1   0   1  -3  -2  -2   14   1   7  30   0   3  23   1   0   1   1   1   0   0   5   2  11   0   0   1  0.38 0.08
  142 E     0   0   1   2  -3   1   4  -1  -1  -3  -3   1  -2  -3  -1   0  -1  -3  -2  -2    7   2   4  14   0   6  40   4   0   1   1  11   0   0   1   4   2   0   0   2  0.38 0.08
  143 R    -2   5   1  -2  -1   0  -1  -2   2  -3  -3   3  -2  -3  -2  -1  -2  -3  -2  -3    1  52   5   1   1   0   1   1   5   1   1  28   0   0   1   1   1   0   0   1  0.68 0.14
  144 K     0   1   0   0  -3   2   0  -2  -1  -2  -2   4  -2  -3  -1   0   0  -3  -2  -2    6   1   4   5   0   8   3   1   1   3   1  55   0   0   1   6   4   0   0   1  0.40 0.11
  145 E     0   0  -1   1  -3   1   4  -1  -1  -2  -2   1  -2  -3  -1   0   2  -3  -2  -2    9   3   0   6   0   4  41   2   1   1   2   7   0   0   1   3  17   0   0   1  0.36 0.09
  146 A     3  -2  -2  -2  -1  -1  -2  -1  -2   1  -1  -1  -1  -2  -2   1   1  -3  -2   2   42   1   0   1   0   0   1   1   0   5   1   1   0   0   1  11   9   0   0  26  0.27 0.09
  147 A     3  -2  -2  -2  -1  -1  -2  -1  -2   0  -1  -1  -1  -2  -2   1   2  -3  -2   2   43   1   0   1   0   0   1   2   0   5   1   1   0   0   1  10  13   0   0  21  0.26 0.09
  148 E    -1  -1   0   4  -3   1   4  -2  -1  -3  -3   1  -3  -3  -2   0  -1  -3  -3  -3    2   1   1  30   0   3  45   2   0   1   1   5   0   0   1   6   1   0   0   1  0.62 0.12
  149 S     0   0   2   1  -2   3   0  -1   2  -2  -1   1  -1  -2  -2   1  -1  -3  -1  -2    8   1  17   8   0  19   2   1   8   1   7  10   0   0   1  16   1   0   0   1  0.23 0.07
  150 T     2  -2  -1  -1  -1  -1  -1  -1  -2  -2  -2  -1  -2  -3  -1   4   3  -3  -2  -2   18   1   0   1   0   0   1   1   0   1   1   1   0   0   1  54  19   0   0   1  0.50 0.13
  151 L    -1   0  -2  -2  -2   2   1  -3  -2   0   3  -1   2  -1  -2  -1  -1  -2  -2  -1    6   3   0   1   0  17  12   1   0   1  47   1   8   0   1   1   1   0   0   1  0.26 0.09
  152 V     0   0   0   1  -2   1   2  -1  -1  -1  -1   2   1  -2  -1   0   0  -3  -2  -1    8   1   4   5   0   8  20   2   0   3   7  18   6   0   1   7   5   0   0   4  0.14 0.04
  153 A     5  -2  -2  -2  -1  -1  -1   0  -2  -2  -2  -1  -2  -3  -1   2  -1  -3  -2  -1   77   1   0   1   0   0   1   3   0   1   1   1   0   0   1  12   1   0   0   1  0.63 0.16
  154 Y    -3  -3  -1  -3  -3  -2  -3  -3   0  -2  -2  -3  -2   2  -3  -2  -2   1   8  -2    1   1   3   1   0   0   1   1   0   1   1   1   0   0   1   1   1   0  87   1  1.49 0.24
  155 K    -2   1  -1  -1  -4   5   2  -3  -1  -4  -3   4  -2  -4  -2   0   0  -4  -3  -3    0   0   1   0   0  35   9   0   0   0   0  45   0   0   0   4   5   0   0   0  0.69 0.17
  156 S     2   0  -1   1  -2   0   3  -1  -2  -2  -2   1  -2  -3  -2   2   0  -3  -2  -2   30   2   0   6   0   0  25   0   0   1   3  10   0   0   0  20   5   0   0   0  0.31 0.10
  157 A     6  -2  -2  -3  -1  -2  -2  -1  -3  -2  -2  -2  -2  -3  -2   0  -1  -3  -3  -1   95   0   0   0   0   0   0   0   0   0   1   0   0   0   0   0   0   0   0   0  0.91 0.21
  158 S    -1  -1  -1  -2  -2   4   0  -2   1  -2  -1  -1   0   2  -2   1   3  -2  -1  -1    0   0   0   0   0  29   0   0   4   0   2   0   3  15   0  12  30   0   0   2  0.33 0.12
  159 D    -1  -1   0   5  -3   0   3  -2  -1  -3  -3   0  -3  -3  -2   0   0  -4  -3  -3    5   0   0  48   0   1  26   1   0   0   1   3   0   0   0   6   5   0   0   1  0.64 0.12
  160 I    -1  -3  -3  -3  -2  -3  -3  -4  -1   5   1  -1   0  -1  -3  -2   1   3  -2   1    6   0   0   0   0   0   0   0   2  59   5   5   0   0   0   1  15   6   0   3  0.42 0.14
  161 A     5  -2  -2  -2  -2  -2  -2  -1  -2  -3  -3  -2  -2  -3   1   2  -1  -4  -3  -2   72   0   0   0   0   0   0   0   0   0   0   0   0   0   6  22   0   0   0   0  0.70 0.18
  162 T     1   0   1  -1   2   1   2  -2  -1  -2  -1   2   0  -3  -2   0   0  -3  -2  -1   14   0  11   0   6   4  15   0   0   0   8  27   2   0   0   5   3   0   0   4  0.18 0.07
  163 A     3  -1   0  -1  -2   0   1   0  -2  -2  -2   1  -2  -3  -2   1   2  -3  -3  -1   50   0   3   2   0   2   8   4   0   0   0  11   0   0   0   2  17   0   0   1  0.34 0.11
  164 E    -2  -1   0   3  -4   2   5  -2   2  -4  -3   1  -3  -4  -2  -1  -2  -4  -2  -3    0   0   3  17   0   8  54   2   6   0   0   5   0   0   0   2   0   0   0   0  0.67 0.14
  165 L    -2  -3  -4  -5  -2  -3  -4  -4  -4   1   5  -3   5  -1  -4  -2  -2  -3  -2   0    0   0   0   0   0   0   0   0   0   0  75   0  23   0   0   2   0   0   0   0  0.82 0.19
  166 A     3  -2  -2  -2  -2   3  -1  -2  -2  -3  -3  -1  -2  -3   5   1   0  -3  -3  -1   33   0   0   0   0  20   0   0   0   0   1   0   0   0  32   7   3   0   0   2  0.64 0.13
  167 P    -1  -3  -3  -2  -3  -2  -2  -3  -3  -2  -3  -2  -3  -4   8  -1   0  -4  -3  -1    2   0   0   0   0   0   0   0   0   1   1   0   0   0  79   4   5   0   0   5  1.75 0.21
  168 T    -1  -2  -1  -2  -2  -2  -2  -3  -3  -2  -2  -2  -2  -3  -2   0   7  -3  -3  -1    0   0   0   0   0   0   0   0   0   0   1   0   0   0   0   0  94   0   0   0  1.13 0.24
  169 H    -3  -2   2   0  -4  -1  -1  -3   9  -4  -4  -2  -3  -3  -3  -2  -3  -4   0  -4    0   0   8   4   0   0   0   0  83   0   1   0   0   0   0   0   0   0   0   0  1.64 0.26
  170 P    -2  -3  -3  -3  -4  -2  -2  -3  -3  -4  -4  -2  -4  -4   8  -2  -2  -4  -4  -3    0   0   0   0   0   0   0   0   0   0   1   0   0   0  94   0   0   0   0   0  2.37 0.27
  171 I    -2  -4  -4  -4  -2  -4  -4  -4  -4   6   0  -3   1  -1  -3  -3  -2  -3  -2   2    0   0   0   0   0   0   0   0   0  92   1   0   1   0   0   0   0   0   0   2  0.98 0.21
  172 R    -2   7  -2  -3  -4   0  -1  -3  -1  -4  -3   2  -2  -4  -3  -2  -2  -4  -3  -3    0  90   0   0   0   0   0   0   0   0   1   5   0   0   0   0   0   0   0   0  1.30 0.23
  173 L    -2  -3  -4  -4  -2  -3  -3  -4  -3   1   5  -3   1   0  -3  -3  -2  -2  -2   0    1   0   0   0   0   0   1   1   0   0  92   0   0   0   0   1   1   0   0   1  0.70 0.12
  174 G    -1  -3  -1  -2  -3  -2  -3   6  -3  -4  -4  -2  -3  -3  -3  -1  -2  -3  -3  -3    1   0   0   0   0   0   1  92   0   0   1   0   0   0   0   1   1   0   0   1  1.27 0.14
  175 L    -2  -3  -4  -4  -2  -3  -3  -4  -3   1   5  -3   1   0  -3  -3  -2  -2  -2   0    1   0   0   0   0   0   1   1   0   0  92   0   0   0   0   1   1   0   0   1  0.70 0.12
  176 A     5  -2  -2  -2  -1  -1  -2  -1  -2  -2  -2  -1  -2  -3  -1   0  -1  -3  -2  -1   92   0   0   0   0   0   1   1   0   0   1   0   0   0   0   1   1   0   0   1  0.72 0.14
  177 L    -2  -3  -4  -4  -2  -3  -3  -4  -3   1   5  -3   1   0  -3  -3  -2  -2  -2   0    1   0   0   0   0   0   1   1   0   0  92   0   0   0   0   1   1   0   0   1  0.70 0.12
  178 N    -2  -1   7   0  -3  -1  -1  -1   0  -4  -4  -1  -3  -4  -3   0  -1  -4  -3  -3    1   0  92   0   0   0   1   1   0   0   1   0   0   0   0   1   1   0   0   1  1.20 0.17
  179 F    -3  -4  -4  -5  -3  -4  -4  -4  -2   0  -1  -4  -1   7  -5  -3  -3   0   4  -2    0   0   0   0   0   0   0   0   0   3   0   0   0  85   0   0   0   0  13   0  1.29 0.17
  180 S     0  -2   0  -1  -2  -1  -1  -1  -2  -3  -4  -1  -3  -3  -2   6   0  -4  -3  -3    0   0   0   0   0   0   0   0   0   0   0   0   0   0   0 100   0   0   0   0  0.97 0.19
  181 V    -1  -3  -4  -4  -2  -3  -3  -4  -4   2   1  -3   0  -2  -3  -3  -1  -4  -2   5    0   0   0   0   0   0   0   0   0   0   9   0   0   0   0   0   0   0   0  91  0.77 0.15
  182 F    -3  -4  -4  -5  -3  -4  -4  -4  -2  -1   1  -4  -1   8  -5  -3  -3   0   2  -2    0   0   0   0   0   0   0   0   0   0   9   0   0  91   0   0   0   0   0   0  1.33 0.18
  183 Y    -2  -2  -2  -3  -3  -2  -2  -3   3  -2  -2  -2  -2   3  -3  -2  -2   1   8  -2    1   0   0   0   0   0   1   1   8   0   1   0   0   7   0   1   1   0  77   1  1.18 0.16
  184 Y    -2  -2  -2  -3   0  -2  -2  -3   1  -2  -1  -2  -1   3  -3  -2  -2   2   7  -2    1   0   0   0   2   0   1   1   0   0   1   0   0   4   0   1   0   0  86   1  1.04 0.10
  185 E    -1   0  -1   1  -4   2   6  -3  -1  -4  -3   1  -2  -4  -2  -1  -1  -3  -3  -3    0   0   0   0   0   4  91   0   0   0   0   5   0   0   0   0   0   0   0   0  0.91 0.10
  186 I    -2  -4  -4  -4  -2  -3  -4  -4  -4   6   1  -3   1  -1  -3  -3  -1  -3  -2   2    0   0   0   0   0   0   0   0   0 100   0   0   0   0   0   0   0   0   0   0  0.71 0.11
  187 L    -1  -2  -3  -3  -2   0  -2  -3  -2   1   3  -1   4   0  -3  -2  -1  -2  -1   0    4   0   0   0   0   5   0   0   0   5  55   5  23   0   0   0   0   0   0   0  0.31 0.05
  188 N    -2  -1   7   1  -3  -1  -1  -1   0  -4  -4  -1  -3  -3  -2   1   0  -4  -3  -3    0   0  90   2   0   0   0   0   0   0   0   0   0   0   0   5   0   0   0   0  0.94 0.11
  189 S     1  -1   1   2  -1   0   0  -1  -1  -2  -2  -1   0  -3  -1   4   1  -3  -2  -2    5   0   2  15   1   3   0   0   0   0   3   0   5   0   0  64   2   0   0   0  0.36 0.06
  190 P     1  -2  -2  -2  -3  -2  -1  -2  -2  -1  -3  -1  -2  -3   7   0  -1  -4  -3  -2   12   0   0   0   0   0   0   0   0   5   0   0   0   0  72   8   0   0   0   0  1.40 0.09
  191 D    -1  -1   0   4  -3   1   4  -2  -1  -3  -3   0  -2  -3  -1   0  -1  -3  -2  -3    4   0   0  41   0   4  45   1   0   0   1   0   0   0   0   1   0   0   0   1  0.64 0.06
  192 R    -1   4   0  -1  -3   2   1  -2   0  -3  -2   3  -1  -3  -2   0  -1  -3  -2  -2    1  40   1   0   0  11   5   1   1   0   2  33   0   0   0   3   0   0   0   1  0.48 0.05
  193 A     5  -1  -2  -2  -1  -1  -1   0  -2  -2  -2   0  -1  -2  -1   1   0  -3  -2  -1   87   0   0   0   0   0   1   1   0   0   1   5   0   0   0   1   0   0   0   1  0.49 0.08
  194 C    -1  -3  -2  -3   9  -2  -1  -3  -3  -1  -2  -3  -2  -3  -3   0  -1  -3  -3  -1    1   0   0   0  75   0   5   1   0   5   1   0   0   0   0   9   0   0   0   1  1.11 0.10
  195 S     0   0   2   0  -2   3   2  -1   3  -3  -2   0  -1  -2  -1   1   0  -2  -1  -2    2   2  17   1   0  26  12   2  11   0   2   0   0   0   0  19   3   0   1   1  0.30 0.04
  196 L    -1  -2  -3  -3  -1  -2  -2  -3  -2   1   4  -2   2   0  -2  -2  -1  -2  -1   1    1   1   1   1   0   1   1   1   0   4  69   1   8   1   1   1   1   0   0   9  0.36 0.05
  197 A     5  -2  -2  -2  -1  -1  -1   0  -2  -2  -2  -1  -1  -2  -1   1   0  -3  -2  -1   87   0   0   0   0   0   1   1   0   0   1   0   0   0   0   5   0   0   0   1  0.51 0.08
  198 K    -1   2   0  -1  -3   1   0  -2  -1  -3  -3   5  -2  -3  -1  -1  -1  -3  -2  -3    1   5   2   0   0   0   1   1   0   0   1  86   0   0   0   1   0   0   0   1  0.64 0.08
  199 Q     0   1   0  -1  -2   5   1  -1   0  -2  -2   0  -1  -3  -2   0   1  -2  -2  -2    8   3   2   0   0  56   5   4   0   0   3   0   0   0   0   4  14   0   0   0  0.42 0.07
  200 A     5  -2  -2  -2  -1  -1  -1   0  -2  -1  -2  -1  -1  -2  -1   1   0  -3  -2   0   87   0   0   0   0   0   0   0   0   0   0   0   0   0   0   0   4   0   0   5  0.49 0.08
  201 F    -3  -3  -3  -4  -3  -3  -3  -3  -2   0   1  -3   0   7  -4  -3  -2   0   2  -1    0   0   0   0   0   0   0   0   0   0   9   0   0  88   0   0   0   0   0   0  0.93 0.10
  202 D    -2  -2   1   6  -4  -1   2  -2  -2  -3  -4  -1  -3  -4  -2  -1  -1  -4  -3  -3    0   0   0  90   0   0   4   0   0   0   0   0   0   0   0   0   0   0   0   1  1.07 0.10
  203 D    -1  -1   0   4  -4   1   5  -2  -1  -4  -3   0  -3  -4  -2   0  -1  -4  -3  -3    5   0   0  26   0   0  67   0   0   0   0   0   0   0   0   3   0   0   0   0  0.74 0.08
  204 A     5  -2  -2  -2  -1  -1  -1   0  -2  -2  -2  -1  -1  -3  -1   1   0  -3  -2  -1   97   0   0   0   0   0   0   0   0   0   0   0   0   0   0   3   0   0   0   0  0.63 0.10
  205 I    -2  -3  -3  -3  -2  -3  -3  -4  -4   5   1  -3   2  -1  -3  -2   0  -3  -2   2    0   0   0   0   0   0   0   0   0  85   0   0   4   0   0   0   8   0   0   3  0.53 0.09
  206 A     4  -1  -1  -2  -1   0  -1   0  -2  -2  -2   0  -1  -3  -1   2   1  -3  -2  -1   71   0   0   0   0   3   0   0   0   0   0   3   0   0   0  14   8   0   0   0  0.42 0.07
  207 E    -1   0  -1   2  -4   1   6  -3  -1  -4  -3   1  -3  -4  -2  -1  -1  -4  -3  -3    0   0   0   6   0   0  86   0   0   0   0   8   0   0   0   0   0   0   0   0  0.87 0.10
  208 L    -2  -3  -4  -4  -2  -3  -3  -4  -3   2   4  -3   2   1  -3  -3  -2  -2  -1   1    0   0   0   0   0   0   0   0   0   8  84   0   0   4   0   0   0   0   0   5  0.54 0.07
  209 D    -2  -2   2   6  -4  -1   1  -1   1  -4  -4  -1  -3  -4  -1  -1  -1  -5  -3  -4    0   0   8  82   0   0   1   3   4   0   0   0   0   0   2   0   0   0   0   0  0.96 0.09
  210 T     0  -1   0  -1  -2   0   1  -2  -2  -2  -2  -1  -1  -3  -1   3   4  -3  -2  -1    0   0   2   0   0   3   8   0   0   0   0   0   0   0   0  27  60   0   0   0  0.47 0.07
  211 L     0  -3  -4  -4  -1  -2  -3  -3  -3   2   4  -3   2   0  -3  -2  -1  -2  -1   2    8   0   0   0   0   0   0   0   0   5  74   0   1   0   0   0   0   0   0  12  0.43 0.06
  212 G     0  -1   3   0  -2   0  -1   3  -1  -3  -3   0  -2  -3   1   2   0  -3  -3  -3    0   0  25   0   0   3   1  33   0   0   0   5   0   0   8  25   0   0   0   0  0.44 0.05
  213 E    -1  -1  -1   2  -4   1   5  -3  -1  -3  -3   0  -2  -4  -2  -1  -1  -4  -3  -1    0   0   0   8   0   0  84   0   0   0   0   0   0   0   0   0   0   0   0   8  0.78 0.10
  214 E    -1  -1   0   4  -4   1   5  -2  -1  -4  -4   0  -3  -4  -2   0  -1  -4  -3  -3    0   0   2  31   0   0  63   0   0   0   0   0   0   0   0   3   0   0   0   0  0.78 0.08
  215 S     0  -1   1  -1  -2  -1  -1   1   1  -3  -3  -1  -1  -3  -1   4   1  -3  -2  -2    0   0   5   0   0   0   0   8   3   0   0   0   2   0   0  77   5   0   0   0  0.48 0.08
  216 Y    -3  -2  -3  -4  -3  -2  -3  -4   1  -2  -2  -3  -2   2  -4  -2  -2   2   8  -2    0   0   0   0   0   0   0   0   0   0   0   0   0   0   0   0   0   0 100   0  1.40 0.14
  217 K    -1   2  -1  -1  -4   1   0  -2  -1  -3  -3   6  -2  -4  -2  -1  -1  -4  -2  -3    0   3   0   0   0   0   0   0   0   0   0  97   0   0   0   0   0   0   0   0  0.81 0.11
  218 D    -2  -2   1   7  -4  -1   1  -2  -2  -4  -4  -1  -4  -4  -2  -1  -2  -5  -4  -4    0   0   0  97   0   0   3   0   0   0   0   0   0   0   0   0   0   0   0   0  1.23 0.11
  219 S     1  -1   0  -1  -1  -1  -1   0  -1  -3  -3  -1  -2  -3  -1   5   1  -3  -2  -2    0   0   0   0   0   0   0   3   0   0   0   0   0   0   0  97   0   0   0   0  0.69 0.11
  220 T    -1  -2  -1  -2  -1  -1  -2  -2  -2  -1  -1  -1   1  -3  -2   1   6  -3  -2  -1    0   0   0   0   0   0   0   0   0   0   0   0   8   0   0   0  92   0   0   0  0.70 0.11
  221 L    -2  -3  -4  -4  -2  -3  -3  -4  -3   1   5  -3   2   0  -3  -3  -2  -2  -2   0    0   0   0   0   0   0   0   0   0   0 100   0   0   0   0   0   0   0   0   0  0.68 0.09
  222 I    -2  -3  -4  -4  -2  -3  -4  -4  -4   5   1  -3   2  -1  -3  -3  -1  -3  -2   2    0   0   0   0   0   0   0   0   0  92   0   0   8   0   0   0   0   0   0   0  0.64 0.10
  223 M    -2  -2  -3  -4  -2  -1  -3  -4  -2   1   2  -2   8  -1  -3  -2  -1  -2  -2   0    0   0   0   0   0   0   0   0   0   0   3   0  97   0   0   0   0   0   0   0  0.94 0.15
  224 Q    -2   0  -1  -1  -4   7   1  -3   0  -4  -3   1  -1  -4  -2  -1  -1  -3  -2  -3    0   0   0   0   0 100   0   0   0   0   0   0   0   0   0   0   0   0   0   0  1.08 0.14
  225 L    -2  -3  -4  -4  -2  -3  -3  -4  -3   1   5  -3   2   0  -3  -3  -2  -2  -2   0    0   0   0   0   0   0   0   0   0   0 100   0   0   0   0   0   0   0   0   0  0.68 0.09
  226 L    -2  -3  -4  -4  -2  -3  -3  -4  -3   1   5  -3   2   1  -3  -3  -2  -2  -1   0    0   0   0   0   0   0   0   0   0   0  97   0   0   3   0   0   0   0   0   0  0.66 0.09
  227 R    -2   6  -1  -2   0   0  -1  -3  -1  -4  -3   2  -2  -3  -3  -1  -2  -3  -2  -3    0  87   0   0   3   0   0   0   0   0   0   9   0   0   0   0   0   0   0   0  0.92 0.10
  228 D    -2  -2   1   6  -4   0   2  -1  -2  -4  -4  -1  -4  -4  -2  -1  -2  -5  -4  -4    0   0   0  89   0   0   8   3   0   0   0   0   0   0   0   0   0   0   0   0  1.05 0.08
  229 N    -2  -1   7   1  -3   0  -1  -1   1  -4  -4  -1  -3  -4  -3   0  -1  -4  -2  -4    0   0  97   0   0   0   0   0   3   0   0   0   0   0   0   0   0   0   0   0  1.02 0.10
  230 L    -2  -3  -4  -4  -2  -3  -3  -4  -3   1   5  -3   2   0  -3  -3  -2  -2  -1   0    0   0   0   0   0   0   0   0   0   0  98   0   0   2   0   0   0   0   0   0  0.62 0.07
  231 T     1  -2  -1  -2  -1  -1  -1  -2  -2  -1  -2  -1  -1  -3  -2   1   5  -3  -2   0   10   0   0   0   0   0   0   0   0   0   0   0   0   0   0   0  90   0   0   0  0.63 0.08
  232 L    -2  -3  -4  -4  -2  -3  -3  -4  -3   1   5  -3   2   0  -3  -3  -2  -2  -1   0    0   0   0   0   0   0   0   0   0   0 100   0   0   0   0   0   0   0   0   0  0.64 0.07
  233 W    -3  -4  -5  -5  -3  -3  -4  -3  -3  -3  -2  -4  -2   0  -5  -4  -3  12   2  -4    0   0   0   0   0   0   0   0   0   0   0   0   0   0   0   0   0 100   0   0  2.93 0.15
  234 T     0  -2   1  -1  -1  -1  -1  -2  -2  -1  -2  -1  -1  -3  -2   1   5  -3  -2  -1    3   0   5   0   0   0   0   0   0   0   0   0   0   0   0   3  89   0   0   0  0.62 0.08
  235 S     1  -1   0  -1  -1  -1  -1  -1  -1  -3  -3  -1  -2  -3  -1   5   1  -3  -2  -2    5   0   0   0   0   0   0   0   0   0   0   0   0   0   0  94   0   0   0   0  0.61 0.08
  236 D    -2  -1   1   6  -4   0   3  -2  -1  -3  -4  -1  -3  -4  -2  -1  -1  -4  -3  -3    0   0   1  72   0   0  23   0   0   0   0   0   0   0   0   0   0   0   0   0  0.86 0.06
  237 M    -1  -1   1  -2  -2   1  -1  -2  -1   1   2  -1   3  -1  -2  -1   1  -2  -1   0    4   0  13   0   0  12   0   0   0  10  21   0  23   0   0   0   9   0   0   3  0.12 0.02
  238 T     1   0   1  -1   0   3   0   0  -1  -2  -2   0  -1  -3   1   1   2  -2  -2  -1   12   0   5   0   3  37   1   6   0   0   1   1   0   0   7   6  19   0   0   1  0.26 0.03
  239 D     0   0   0   4  -3   1   3   1  -1  -3  -3   0  -2  -3  -2   0  -1  -3  -3  -3    6   4   0  43   0   2  27  14   0   0   1   0   0   0   0   0   0   0   0   0  0.47 0.03
  240 E    -1  -1   0   5  -3   1   3  -1  -1  -3  -3   0  -2  -3  -1   0  -1  -3  -3  -3    3   0   0  46   0   6  35   2   0   1   0   0   0   0   1   2   0   0   0   0  0.58 0.04
  241 A     1  -1   0   1  -2   0   2   3  -1  -2  -2  -1  -2  -3  -1   0   0  -3  -2  -1   23   0   0   9   0   0  22  34   0   0   1   1   0   0   0   3   3   0   0   3  0.31 0.02
  242 G     1  -2  -1  -1  -2  -1   0   5  -2  -3  -3  -1  -2  -3  -1   0   0  -3  -3  -2   14   0   0   2   0   0   8  61   0   0   1   0   0   0   2   0   9   0   0   2  0.53 0.03
  243 D    -2  -1   1   5  -4   0   3   0  -1  -3  -4  -1  -3  -4  -2   0  -1  -4  -3  -3    0   0   5  62   0   2  20   9   0   0   0   0   0   0   0   0   0   0   0   0  0.67 0.04
  244 E    -1   0   0   2  -3   2   4  -2   1  -2  -2   0  -2  -3  -1   0  -1  -3  -2  -1    2   2   4   9   0   7  58   1   4   0   1   2   0   0   0   2   0   0   0   7  0.43 0.03
  245 I    -1  -1  -1  -1   1   0  -1  -2  -2   3   1  -1   2  -1   0   0   0  -2  -1   1    1   1   2   3   3   8   3   1   0  42   1   2  11   0   4   6   3   0   0   7  0.09 0.02
  246 K    -1   2   0   0  -3   2   1   0  -1  -3  -2   4  -1  -3  -1   0   0  -3  -2  -2    2  11   2   3   0   9   5   7   0   0   1  52   0   0   0   0   3   0   0   2  0.34 0.03
  247 E     0  -1   0   3  -4   1   5   0  -1  -4  -3   0  -3  -4  -2   0  -1  -3  -3  -3    6   0   0  20   0   3  64   7   0   0   0   0   0   0   0   0   0   0   0   0  0.64 0.06
  248 A     3   0  -1  -1  -1   0   1   1   0  -2  -2  -1  -2  -3   0   1   0  -3  -2  -1   49   6   0   2   0   0  12  12   2   0   0   0   0   0   4   6   6   0   0   2  0.25 0.03
  249 S     2  -1   1   0  -2  -1   0   1   0  -2  -2  -1  -2  -3   2   2   1  -3  -2  -2   24   0  11   3   0   0   3  14   3   0   0   0   0   0  10  22   8   0   0   0  0.26 0.02
  250 K     0   2   0   1  -3   2   1  -2  -1  -3  -3   4  -1  -3  -1   0  -1  -3  -2  -2    9   3   0   6   0  14   4   0   0   0   1  59   0   0   0   0   0   0   0   0  0.41 0.04
  251 P     1  -1  -1  -1  -2   1   0   2  -2  -2  -2  -1  -2  -3   5   0   0  -3  -2  -2   14   2   0   0   0  10   4  21   0   0   3   0   0   0  34   0  10   0   0   0  0.55 0.03
  252 D    -1  -1   1   4  -3   1   3   0  -1  -3  -3   0  -3  -4   0   0   0  -4  -3  -3    4   0   3  44   0   2  24   6   0   0   0   6   0   0   4   0   7   0   0   0  0.49 0.03
  253 G     1  -2   1  -1  -2   0  -1   4  -2  -3  -3  -1  -2  -3   3   1  -1  -3  -3  -3   12   0   9   0   0   4   3  45   0   0   0   0   0   0  20   8   0   0   0   0  0.56 0.03
  254 A     2  -2   0   1   1  -1   0   3  -2  -2  -3  -1  -2  -3  -2   1   0  -3  -3  -2   39   0   3  13   3   0   4  28   0   0   0   0   0   0   0   8   3   0   0   0  0.32 0.02
  255 E    -1   0   0   2  -4   2   5  -2   0  -4  -3   1  -2  -4  -1   0  -1  -3  -2  -3    0   0   0   9   0   7  76   0   0   0   0   9   0   0   0   0   0   0   0   0  0.70 0.04

                      K         Lambda
Standard Ungapped    0.1280     0.3118
Standard Gapped      0.0410     0.2670
PSI Ungapped         0.1280     0.3118
PSI Gapped           0.0410     0.2670
