
Last position-specific scoring matrix computed, weighted observed percentages rounded down, information per position, and relative weight of gapless real matches to pseudocounts
            A   R   N   D   C   Q   E   G   H   I   L   K   M   F   P   S   T   W   Y   V   A   R   N   D   C   Q   E   G   H   I   L   K   M   F   P   S   T   W   Y   V
    1 M    -1  -1  -2  -3  -1   0  -2  -3  -1   1   2  -1   5   0  -2  -1  -1  -1  -1   1    0   0   0   0   0   0   0   0   0   0   0   0   0   0   0   0   0   0   0   0  0.00     0.00
    2 G     0  -2   0  -1  -2  -2  -2   5  -2  -4  -3  -1  -3  -3  -2   0  -2  -2  -3  -3    0   0   0   0   0   0   0   0   0   0   0   0   0   0   0   0   0   0   0   0  0.00     0.00
    3 M    -1  -1  -2  -3  -1   0  -2  -3  -1   1   2  -1   5   0  -2  -1  -1  -1  -1   1    0   0   0   0   0   0   0   0   0   0   0   0   0   0   0   0   0   0   0   0  0.00     0.00
    4 R    -1   5   0  -2  -3   1   0  -2   0  -3  -2   2  -1  -3  -2  -1  -1  -3  -2  -2    0   0   0   0   0   0   0   0   0   0   0   0   0   0   0   0   0   0   0   0  0.00     0.00
    5 T     0  -1   0  -1  -1  -1  -1  -2  -2  -1  -1  -1  -1  -2  -1   1   4  -2  -2   0    0   0   0   0   0   0   0   0   0   0   0   0   0   0   0   0   0   0   0   0  0.00     0.00
    6 K    -1   2   0  -1  -3   1   1  -1  -1  -3  -2   4  -1  -3  -1   0  -1  -3  -2  -2    0   0   0   0   0   0   0   0   0   0   0   0   0   0   0   0   0   0   0   0  0.00     0.00
    7 L    -1  -2  -3  -3  -1  -2  -3  -3  -3   1   4  -2   2   0  -3  -2  -1  -2  -1   1    0   0   0   0   0   0   0   0   0   0   0   0   0   0   0   0   0   0   0   0  0.00     0.00
    8 S     1  -1   1   0  -1   0   0   0  -1  -2  -2   0  -1  -2  -1   4   1  -3  -2  -2    0   0   0   0   0   0   0   0   0   0   0   0   0   0   0   0   0   0   0   0  0.00     0.00
    9 L    -1  -2  -3  -3  -1  -2  -3  -3  -3   1   4  -2   2   0  -3  -2  -1  -2  -1   1    0   0   0   0   0   0   0   0   0   0   0   0   0   0   0   0   0   0   0   0  0.00     0.00
   10 A     4  -1  -1  -2   0  -1  -1   0  -2  -1  -1  -1  -1  -2  -1   1   0  -2  -2   0    0   0   0   0   0   0   0   0   0   0   0   0   0   0   0   0   0   0   0   0  0.00     0.00
   11 I    -1  -3  -3  -3  -1  -3  -3  -4  -3   4   1  -3   1   0  -3  -2  -1  -2  -1   2    0   0   0   0   0   0   0   0   0   0   0   0   0   0   0   0   0   0   0   0  0.00     0.00
   12 F    -2  -3  -3  -3  -2  -3  -3  -3  -1   0   0  -3   0   6  -3  -2  -2   1   3  -1    0   0   0   0   0   0   0   0   0   0   0   0   0   0   0   0   0   0   0   0  0.00     0.00
   13 F    -2  -3  -3  -3  -2  -3  -3  -3  -1   0   0  -3   0   6  -3  -2  -2   1   3  -1    0   0   0   0   0   0   0   0   0   0   0   0   0   0   0   0   0   0   0   0  0.00     0.00
   14 F    -2  -3  -3  -3  -2  -3  -3  -3  -1   0   0  -3   0   6  -3  -2  -2   1   3  -1    0   0   0   0   0   0   0   0   0   0   0   0   0   0   0   0   0   0   0   0  0.00     0.00
   15 F    -2  -3  -3  -3  -2  -3  -3  -3  -1   0   0  -3   0   6  -3  -2  -2   1   3  -1    0   0   0   0   0   0   0   0   0   0   0   0   0   0   0   0   0   0   0   0  0.00     0.00
   16 L    -1  -2  -3  -3  -1  -2  -3  -3  -3   1   4  -2   2   0  -3  -2  -1  -2  -1   1    0   0   0   0   0   0   0   0   0   0   0   0   0   0   0   0   0   0   0   0  0.00     0.00
   17 L    -1  -2  -3  -3  -1  -2  -3  -3  -3   1   4  -2   2   0  -3  -2  -1  -2  -1   1    0   0   0   0   0   0   0   0   0   0   0   0   0   0   0   0   0   0   0   0  0.00     0.00
   18 A     4  -1  -1  -2   0  -1  -1   0  -2  -1  -1  -1  -1  -2  -1   1   0  -2  -2   0    0   0   0   0   0   0   0   0   0   0   0   0   0   0   0   0   0   0   0   0  0.00     0.00
   19 L    -1  -2  -3  -3  -1  -2  -3  -3  -3   1   4  -2   2   0  -3  -2  -1  -2  -1   1    0   0   0   0   0   0   0   0   0   0   0   0   0   0   0   0   0   0   0   0  0.00     0.00
   20 F    -2  -3  -3  -3  -2  -3  -3  -3  -1   0   0  -3   0   6  -3  -2  -2   1   3  -1    0   0   0   0   0   0   0   0   0   0   0   0   0   0   0   0   0   0   0   0  0.00     0.00
   21 S     1  -1   1   0  -1   0   0   0  -1  -2  -2   0  -1  -2  -1   4   1  -3  -2  -2    0   0   0   0   0   0   0   0   0   0   0   0   0   0   0   0   0   0   0   0  0.00     0.00
   22 N    -1   0   5   1  -3   0   0   0   1  -3  -3   0  -2  -3  -2   1   0  -4  -2  -3    0   0   0   0   0   0   0   0   0   0   0   0   0   0   0   0   0   0   0   0  0.00     0.00
   23 L    -1  -2  -3  -3  -1  -2  -3  -3  -3   1   4  -2   2   0  -3  -2  -1  -2  -1   1    0   0   0   0   0   0   0   0   0   0   0   0   0   0   0   0   0   0   0   0  0.00     0.00
   24 A     4  -1  -1  -2   0  -1  -1   0  -2  -1  -1  -1  -1  -2  -1   1   0  -2  -2   0    0   0   0   0   0   0   0   0   0   0   0   0   0   0   0   0   0   0   0   0  0.00     0.00
   25 F    -2  -2  -3  -3  -3  -2  -3  -3   1  -1   0  -2  -1   5  -3  -2  -2   2   6  -1    0   0   0   0   0   0   0   0   0   0   0   0   0  40   0   0   0   0  60   0  0.73 0.01
   26 G     0  -1   0   0  -3   2   2   4  -1  -4  -3   0  -2  -3  -2   0  -1  -3  -3  -3    0   0   0   0   0  21  21  58   0   0   0   0   0   0   0   0   0   0   0   0  0.57 0.01
   27 K    -1   3   0   2  -4   1   2  -2  -1  -3  -3   3  -2  -3  -1   0  -1  -3  -2  -3    0  20   0  17   0   0  17   0   0   0   0  46   0   0   0   0   0   0   0   0  0.45 0.02
   28 C     0  -3  -2  -3   9  -3  -4   2  -3  -2  -2  -3  -2  -3  -3  -1  -1  -3  -3  -1    0   0   0   0  77   0   0  23   0   0   0   0   0   0   0   0   0   0   0   0  1.02 0.04
   29 K     0   3   0  -1  -3   2   1  -1  -1  -3  -3   3  -1  -3  -1   1   0  -3  -2  -2    0  17   0   0   0  17   0   0   0   0   0  43   0   0   0  23   0   0   0   0  0.39 0.02
   30 E    -1   0   0   1  -4   5   4  -2   0  -3  -3   1  -1  -4  -1   0  -1  -3  -2  -3    0   0   0   0   0  48  52   0   0   0   0   0   0   0   0   0   0   0   0   0  0.70 0.06
   31 T    -1   0  -1   0  -3   1   3  -2   3   0  -1   2  -1  -2  -2   0   1  -3  -1  -1    0   0   0   0   0   0  36   0  14  16   0  18   0   0   0   0  16   0   0   0  0.23 0.03
   32 E    -1  -2  -1   0   7   0   4  -3  -1  -2  -2  -1  -2  -3  -2  -1  -1  -3  -3  -2    0   0   0   0  46   0  54   0   0   0   0   0   0   0   0   0   0   0   0   0  0.72 0.06
   33 V    -1   2  -1   0  -3   4   3  -2   0  -1  -2   1  -1  -3  -2  -1  -1  -3  -2   0    0  16   0   0   0  34  34   0   0   0   0   0   0   0   0   0   0   0   0  16  0.39 0.04
   34 E    -1   2   0   3  -4   3   3  -2   0  -3  -3   1  -2  -3  -2   0  -1  -3  -2  -3    0  16   0  20   0  30  34   0   0   0   0   0   0   0   0   0   0   0   0   0  0.53 0.04
   35 E    -1   0  -1   0  -3   4   4  -3   0  -2   0   0  -1  -3  -2  -1  -1  -3  -2  -2    0   0   0   0   0  43  42   0   0   0  15   0   0   0   0   0   0   0   0   0  0.49 0.07
   36 E    -1   3  -1   0  -4   1   3  -2  -1  -3  -3   2  -2  -3   3  -1  -1  -3  -2  -3    0  30   0   0   0   0  37   0   0   0   0  15   0   0  17   0   0   0   0   0  0.56 0.05
   37 D    -2   4   0   3  -4   1   3  -2  -1  -3  -3   1  -2  -3  -2  -1  -1  -3  -2  -3    0  43   0  26   0   0  30   0   0   0   0   0   0   0   0   0   0   0   0   0  0.57 0.06
   38 P    -1   4  -1  -2  -3   2   0  -2   4  -3  -3   1  -2  -3   4  -1  -1  -3  -1  -3    0  41   0   0   0  15   0   0  17   0   0   0   0   0  26   0   0   0   0   0  0.65 0.06
   39 E    -1  -1  -1  -1  -3   3   3  -3  -1  -1   1   0   0  -2   3  -1  -1  -3  -2  -1    0   0   0   0   0  26  29   0   0   0  28   0   0   0  17   0   0   0   0   0  0.36 0.05
   40 L    -2   5  -1  -2  -3   3   0  -3  -1  -2   0   1  -1  -3  -2  -1  -1  -3  -2  -2    0  58   0   0   0  29   0   0   0   0  13   0   0   0   0   0   0   0   0   0  0.54 0.07
   41 V    -1  -1  -2  -1  -3   2   1  -3  -2  -2  -2  -1  -2  -3   6  -1  -1  -4  -3   0    0   0   0   0   0  13  15   0   0   0   0   0   0   0  58   0   0   0   0  13  1.04 0.07
   42 T    -1   2   0  -1  -3   3   0  -2   5  -3  -2   0  -1  -1  -2  -1   1  -1   3  -2    0  15   0   0   0  30   0   0  28   0   0   0   0   0   0   0  13   0  13   0  0.41 0.06
   43 C     0  -1  -1  -2   6   2  -1  -2  -1  -1   0  -1   0  -2  -2   1   0  -2  -2  -1    1   1   1   1  37  18   1   1   0   1  16   1   0   1   1  18   1   0   0   1  0.35 0.04
   44 K    -1   2  -1   0  -3   2   3  -2  -1  -3  -2   2  -2  -3   3   0  -1  -2  -2  -2    1  18   1   1   0  13  27   1   0   1   1  14   0   1  18   1   1   0   0   1  0.43 0.03
   45 H    -1   2   0  -1  -3   3   2  -2   5  -3  -3   2  -1  -3  -2  -1  -1  -3   0  -3    0  15   0   0   0  24  13   0  30   0   0  17   0   0   0   0   0   0   0   0  0.49 0.05
   46 Q    -1   3   0   0  -3   4   3  -2   0  -3  -3   1  -1  -3  -2   1  -1  -3  -2  -3    0  25   0   0   0  37  28   0   0   0   0   0   0   0   0  10   0   0   0   0  0.53 0.07
   47 C    -1  -1  -2  -1   8  -1   1  -2  -2  -2  -2   1  -2  -2  -2  -1  -1  -2  -2  -1    1   1   1   1  57   1  17   1   0   1   1  13   0   1   1   1   1   0   0   1  0.67 0.07
   48 Q    -1   3  -1  -1  -2   3   0  -2  -1  -1   0   1   0  -2  -2  -1  -1  -2  -1   0    1  27   1   1   0  34   1   1   0   1  13   1   0   1   1   1   1   0   0  14  0.24 0.04
   49 Q    -1   2   0   0  -3   2   4  -2   0  -3  -2   2  -2  -3  -1   0  -1  -2  -2  -2    1  14   1   1   0  12  50   1   0   1   1  12   0   1   1   1   1   0   0   1  0.44 0.05
   50 Q    -1   4   0  -1  -3   5   1  -2   0  -3  -2   1  -1  -3  -1  -1  -1  -2  -2  -2    1  36   1   1   0  50   1   1   0   1   1   1   0   1   1   1   1   0   0   1  0.53 0.07
   51 Q    -1  -1  -1  -1   5   1   1  -2  -1  -1   0  -1   0   2  -2  -1  -1  -1   2  -1    1   1   1   1  24  12  17   1   0   1  14   1   0  12   1   1   1   0  11   1  0.21 0.03
   52 Q    -1   3   0   0  -3   4   3  -2   0  -3  -2   1  -1  -3  -1  -1  -1  -2  -2  -2    1  22   1   1   0  40  28   1   0   1   1   1   0   0   1   1   1   0   0   1  0.52 0.08
   53 Y    -1   3   0   1  -3   1   0   1   0  -3  -2   2  -2  -2  -2  -1  -1  -2   1  -2    1  30   1  11   0   9   1  14   0   1   1  18   0   0   1   1   1   0   9   1  0.27 0.05
   54 T    -1   3   0  -1  -3   2   2  -2   4  -3  -3   2  -2  -3  -2   1   1  -3  -1  -2    0  21   0   0   0   8  18   0  19   0   0  12   0   0   0  13   9   0   0   0  0.36 0.06
   55 E    -1   2   0   0  -3   3   4  -2   3  -3  -3   0  -2  -3  -2   1  -1  -3  -2  -3    0  11   0   0   0  16  49   0  11   0   0   0   0   0   0  13   0   0   0   0  0.53 0.09
   56 G    -1   0   0   0  -3   3   2   0   3  -3  -3   0  -2  -3  -2   1   2  -3  -1  -2    0   0   0   0   0  27  22   9  11   0   0   0   0   0   0  13  18   0   0   0  0.35 0.07
   57 D    -1   1   0   2  -3   2   3  -2  -1  -2  -1   0  -1  -3  -2   2   0  -3  -2  -2    0  11   0  17   0   9  31   0   0   0  10   0   0   0   0  23   0   0   0   0  0.32 0.06
   58 K    -1   1  -1  -1  -3   0   0  -2  -2  -2  -1   4  -1  -3   3   2  -1  -3  -2  -2    0   0   0   0   0   0   0   0   0   0  10  49   0   0  19  22   0   0   0   0  0.43 0.09
   59 R    -2   6  -1  -2  -4   3   0  -3   3  -4  -3   1  -2  -3  -3  -1  -2  -3  -2  -3    0  72   0   0   0  16   0   0  12   0   0   0   0   0   0   0   0   0   0   0  0.81 0.13
   60 V    -1   2  -1   0  -2   2   2  -2  -1  -1  -1   0  -1   1  -1   0   0  -2  -1   0    2  20   1   1   0  11  24   2   1   1   2   1   1   9   1   2   9   0   1  10  0.16 0.03
   61 C    -1  -1  -2  -2   7   2   1  -2  -2  -2  -2  -1  -1  -2  -2  -1  -1   5  -1  -2    1   1   1   1  46  20  11   1   0   1   1   1   0   1   1   1   1  12   0   1  0.69 0.10
   62 L    -1   3  -1  -2  -2   3   0  -2  -1  -1   1   0   0   1  -2  -1  -1  -2  -1  -1    1  23   1   1   0  33   1   1   0   1  28   1   0   8   1   1   1   0   0   1  0.25 0.07
   63 Q    -1   0  -1   0  -3   5   3  -2   3  -3  -3   0  -1  -3  -2  -1  -1  -2  -1  -3    1   1   0   1   0  56  26   1   9   1   1   1   0   0   1   1   1   0   0   1  0.68 0.14
   64 S    -1   3  -1  -1  -3   2   2   1  -1  -3  -3   2  -2  -3   2   0  -1  -3  -2  -2    1  29   0   1   0   9  15  11   0   1   1  10   0   0  12   8   1   0   0   1  0.35 0.06
   65 C    -1   2  -2  -2   7   1  -1  -2  -2  -2   0  -1  -1  -2  -2   1  -1  -2  -2  -1    1  20   0   1  42  10   1   1   0   1   9   1   0   0   1  11   1   0   0   1  0.54 0.11
   66 D    -1   1  -1   2  -3   3   4  -2  -1  -3  -3   0  -2  -3  -1  -1  -1  -3  -2  -2    1   8   1   7   0  23  50   1   0   1   1   1   0   1   1   1   1   0   0   1  0.57 0.12
   67 R    -1   3  -1   1  -3   3   1  -2  -1  -2  -2   2  -1  -3  -2  -1  -1  -3  -2   0    1  23   0  11   0  26   8   1   0   0   1  15   0   0   0   1   1   0   0  10  0.34 0.09
   68 Y    -2   1  -1  -1  -3   0   2  -2   3  -3  -2  -1  -2   0  -2  -1  -2   7   3  -2    1  11   1   1   0   1  23   1  13   1   2   1   0   1   1   1   1  26  13   1  0.62 0.11
   69 H    -1   2   0   1   1   4   3  -2   2  -3  -3   0  -2  -3  -2  -1  -1  -3  -2  -3    1  11   0   8   6  30  32   1   7   0   1   1   0   0   0   1   1   0   0   1  0.46 0.11
   70 R     0   4   0   1  -3   2   1   0   1  -3  -3   3  -2  -3  -2  -1  -1  -3  -2  -3    7  32   0  10   0  10   5   8   5   0   0  23   0   0   0   0   0   0   0   0  0.39 0.09
   71 M    -1  -1  -1  -1  -3   3   2  -3   3  -2  -1   0   1  -3   4   0  -1  -3  -2  -2    0   0   0   0   0  19  21   0  10   0   7   0   7   0  28   8   0   0   0   0  0.53 0.12
   72 K    -1   3  -1  -1  -3   0   1  -2  -1  -3  -3   3  -2  -3   1   3   0  -3  -2  -3    0  20   0   0   0   0  10   0   0   0   0  27   0   0   8  35   0   0   0   0  0.43 0.12
   73 Q    -1   2  -1  -1  -3   1   2   0   3  -3  -3   0  -2  -1   2   0  -1  -1   3  -3    0  21   0   0   0   7  18   9  11   0   0   0   0   0  10   8   0   0  17   0  0.32 0.09
   74 E    -1   2  -1   0  -4   4   3   0   0  -3  -3   1  -2  -2  -2  -1  -2  -2   1  -3    0  10   0   0   0  35  32   8   0   0   0   6   0   0   0   0   0   0   9   0  0.51 0.13
   75 R     0   4  -1   0  -3   3   3  -2  -1  -3  -3   1  -2  -4  -2   1  -1  -3  -2  -3   10  32   0   0   0  17  31   0   0   0   0   0   0   0   0  10   0   0   0   0  0.50 0.12
   76 E     0   3  -1  -1  -3   3   2  -2  -1  -3  -3   2  -2  -4   4  -1  -1  -3  -2  -3    8  27   0   0   0  21  14   0   0   0   0  10   0   0  20   0   0   0   0   0  0.56 0.11
   77 K    -1   3  -1  -1  -3   2   3  -2  -1  -2  -1   2  -1  -3  -2   1  -1  -3  -2  -2    1  28   0   0   0   9  24   1   0   0  10  11   0   0   0  14   0   0   0   0  0.33 0.09
   78 Q     0   4  -1   2  -4   4   0  -2  -1  -3  -3   2  -2  -4  -2  -1  -1  -3  -2  -3   10  35   0  15   0  30   0   0   0   0   0  10   0   0   0   0   0   0   0   0  0.56 0.15
   79 I    -2  -2  -2  -3   6   1  -2  -4   4   1   0  -2  -1   0  -3  -2  -2  -1   5  -1    0   0   0   0  25   8   0   0  16  15   7   0   0   0   0   0   0   0  29   0  0.55 0.16
   80 Q    -1   3  -1   1  -3   2   2   0   2  -2  -2   1  -1  -3  -2  -1  -1  -3  -2   0    0  29   0   8   0  12  12   7   8   0   0   8   0   0   0   0   0   0   0  15  0.28 0.10
   81 E     0   1  -1   0  -3   2   4  -3  -1  -3  -1   1  -2  -3   3  -1  -1  -3  -3  -2    7  10   0   0   0   6  41   0   0   0   9  10   0   0  16   0   0   0   0   0  0.46 0.13
   82 E    -2   2  -1   2  -4   3   5  -3  -1  -4  -4   0  -2  -4  -2  -1  -2  -4  -3  -3    0  14   0  13   0  20  52   0   0   0   0   0   0   0   0   0   0   0   0   0  0.76 0.19
   83 T    -1   1   1   1   4   3   2   0  -1  -3  -3   0  -2  -3  -2   0   0  -3  -2  -2    1   9  10   7  14  18  22  10   0   0   1   0   0   0   0   1   6   0   0   1  0.31 0.10
   84 R    -2   5  -1  -2  -4   0   1   0  -1  -3  -1   2  -2  -3  -3  -1   0  -3  -3  -2    0  56   0   0   0   0  13   7   0   0   9   6   0   0   0   0   9   0   0   0  0.53 0.17
   85 E    -1   1  -1   1  -4   2   4   0   2  -3  -1   1  -2  -3  -2   0  -1  -3  -2  -3    0   9   0   6   0   7  42   8   6   0   7   9   0   0   0   7   0   0   0   0  0.37 0.11
   86 K     0   2  -1   2  -3   4   2   1  -1  -4  -3   2  -2  -4  -2  -1  -1  -3  -3  -3    8  12   0  11   0  30  14  15   0   0   0  10   0   0   0   0   0   0   0   0  0.42 0.13
   87 K    -2   2  -1   1  -4   2   3   0   2  -4  -3   2  -2  -2  -2  -1  -2  -3   1  -3    0  15   0   8   0  13  25   6   8   0   0  17   0   0   0   0   0   0   7   0  0.40 0.12
   88 E    -2   2  -1   3  -4   4   3   2  -1  -4  -4   0  -2  -4  -2  -1  -2  -3  -3  -3    0  14   0  17   0  28  23  19   0   0   0   0   0   0   0   0   0   0   0   0  0.53 0.16
   89 E    -1   1   1   0  -4   2   4  -2  -1  -4  -4   0  -3  -4   3   1  -1  -4  -3  -3    0   8   8   0   0  12  46   0   0   0   0   0   0   0  14  11   0   0   0   0  0.61 0.17
   90 E    -1   0   0   1  -3   3   0   1   2  -2  -2  -1  -2  -1  -2   0  -1   5   1  -1    1   6   4   9   0  22   4  13   6   0   1   0   0   0   0   6   0  10   7   8  0.24 0.10
   91 S    -1   3  -1  -1   1   2   2   1   3  -3  -3   0  -2  -3  -2   1  -1  -3  -2  -3    1  23   0   0   5  11  21  10  13   0   1   0   0   0   0  12   0   0   0   1  0.33 0.12
   92 R    -1   4   1   1  -3   0   2  -2  -1  -3  -3   1  -2  -3  -2   1   1  -3  -2  -3    1  43   7   6   0   0  17   1   0   0   1   0   0   0   0  11  10   0   0   1  0.45 0.15
   93 E     0   1  -1  -1  -3   0   3   0   2  -3  -1   1  -2  -3   4  -1  -2  -4  -2  -2   12   9   0   0   0   0  29   5   7   0   6   8   0   0  23   0   0   0   0   0  0.43 0.14
   94 R    -1   3  -1  -1  -4   0   3   3   2  -4  -4   1  -3  -4  -3  -1  -2  -4  -2  -4    0  23   0   0   0   0  30  32   7   0   0   7   0   0   0   0   0   0   0   0  0.55 0.18
   95 E     0   2  -1  -1   1   0   3   0   2  -3  -3   2  -2  -3  -2   1  -1  -3  -2  -3    8  11   0   0   5   0  33   6   7   0   0  15   0   0   0  15   0   0   0   0  0.35 0.14
   96 E     0   0   1   0  -4   1   5   1   2  -4  -4   0  -3  -4  -2  -1  -2  -4  -3  -3    5   5   7   0   0   5  59  13   5   0   0   0   0   0   0   0   0   0   0   0  0.63 0.21
   97 E     0   2  -1   0  -3   2   4  -2  -1  -2  -3   1  -2  -3  -2   1  -1  -3  -2   0   10  11   0   0   0  13  37   0   0   0   0   8   0   0   0  13   0   0   0   9  0.37 0.14
   98 Q    -1   1  -1   2  -3   4   1   0  -1   0  -3   1  -2  -3  -2   0   0  -3  -3  -2    0   8   0  18   0  37   7   6   0   9   0   4   0   0   0   7   4   0   0   0  0.39 0.17
   99 Q    -1   2  -1   1  -4   2   4   0  -1  -3  -3   0  -2   1  -2   1  -1  -3  -2  -3    0  13   0   4   0  12  43   6   0   0   0   0   0   9   0  14   0   0   0   0  0.44 0.18
  100 E    -1   2  -1   0  -3   2   3   1   2  -3  -3   1  -2  -3  -2   1   0  -3  -2  -3    0  14   0   0   0   8  33  11   8   0   0   4   0   0   0  14   8   0   0   0  0.38 0.15
  101 Q    -1   0  -1  -1  -3   2   3   0  -1  -3  -1   0  -2  -3   1   2   1   3  -2  -2    0   6   0   0   0  11  27   9   0   0   8   0   0   0   8  19   8   5   0   0  0.27 0.13
  102 H    -1   1  -1   1  -3   1   4  -2   2  -2  -3   0  -2   0  -2   2  -1  -3   1  -1    0   7   0   5   0   6  35   0   7   0   0   0   0   6   0  22   0   0   4   7  0.34 0.19
  103 E     0   3   0  -1  -3   2   3  -1  -1  -3  -3   1  -2  -3  -2   1  -1   4  -2  -3    4  21   4   0   0  11  24   4   0   0   1   7   0   0   0  15   0   6   0   1  0.37 0.16
  104 E    -1   2  -1   1  -3   3   3  -1   3  -3  -3   1  -2  -3  -2   1  -1  -3  -2  -3    1  13   0   7   0  20  23   5  11   0   1   5   0   0   0  12   0   0   0   1  0.41 0.17
  105 Q     0   1  -1   2  -3   4   2  -2   1  -3  -3   1  -2  -3   1   1  -1  -3   0  -3    4   7   0  11   0  28  10   1   4   0   1  10   0   0   5  13   0   0   4   1  0.34 0.16
  106 D    -2   3   1   2   1   3   1  -3   1  -4  -3   0  -2  -4   0   0   0  -4  -3  -3    0  26   7  14   4  24   6   0   4   0   0   0   0   0   4   7   4   0   0   0  0.45 0.21
  107 E    -1   3   3   2  -3   2   2  -2   1  -4  -3   1  -2  -4  -2   1  -1  -4  -2  -3    0  19  23  14   0  14  11   0   2   0   0   3   0   0   0  13   0   0   0   0  0.44 0.11
  108 N    -1   1   6   1  -3  -1  -1  -2   1  -1  -3  -1  -3  -4  -3   1  -1  -4  -3  -3    5   7  60   6   0   0   0   0   4   5   0   0   0   0   0  13   0   0   0   0  0.67 0.18
  109 P    -2  -3  -3  -2  -4   0   2  -3  -3  -4  -4  -2  -4  -5   7  -2  -2  -5  -4  -4    0   0   0   0   0   5  18   0   0   0   0   0   0   0  78   0   0   0   0   0  1.86 0.27
  110 Y    -3  -1  -3  -4   4  -3  -3  -4  -1  -1   1  -3  -1   5  -4  -3  -3   0   6  -2    0   5   0   0  12   0   0   0   0   0  12   0   0  33   0   0   0   0  37   0  0.80 0.19
  111 I    -2  -2  -2  -3  -3   2  -1  -3   5   1   2  -2   0   0  -3  -2  -2  -1   4   0    0   0   0   0   0  13   0   0  21   7  25   0   0   0   0   0   0   0  22   9  0.35 0.13
  112 F    -3  -4  -4  -4  -3  -4  -4  -4  -3   2   0  -4  -1   7  -4  -3  -1  -1   1   0    0   0   0   0   0   0   0   0   0  12   2   0   0  74   0   0   4   0   0   6  1.07 0.25
  113 E     0   1   1   3  -3   1   1   0   1  -3  -3   2  -2  -3   1   1  -1  -3  -2  -3    4   7   5  22   0   9   5   8   4   0   0  17   0   0   6  13   0   0   0   0  0.30 0.08
  114 E    -1   4  -1  -1  -3   1   1  -2  -1  -3  -3   3  -2  -3  -2   3  -1  -3  -2  -3    0  31   0   0   0   4   9   0   0   0   0  21   0   0   0  30   0   0   1   0  0.50 0.16
  115 D    -1   1   2   2  -2   0   1  -2  -1   0   1   0   0  -2  -2  -1  -1  -2  -2  -1    1   9  12  19   0   3  12   1   0   5  27   2   0   1   1   3   1   0   1   1  0.15 0.07
  116 K    -2   4   3  -1  -3   4   0  -2  -1  -3  -3   2  -2  -4   0   0  -1  -3  -2  -3    1  34  18   0   0  27   0   1   0   0   1   9   0   0   3   3   0   0   0   0  0.59 0.17
  117 D     2   0   0   0  -1   0   0  -1  -1  -2  -2   0  -1  -1  -1   3   0  -2  -1  -1   27   6   1   5   1   1   6   2   1   2   3   2   1   4   2  32   2   0   1   2  0.20 0.07
  118 F    -2  -1  -3  -3  -3  -3  -3  -3  -2  -1   1  -3  -1   6  -3  -1  -2   5   1  -2    1   4   1   1   0   0   1   1   0   1  15   1   0  58   1   5   1  10   0   1  0.78 0.19
  119 E     0   2   0  -1  -3   3   3  -2  -1  -3  -1   2  -2  -3  -2   1   0  -3  -2  -2    3  12   2   0   0  21  21   0   0   0   5  13   0   0   0  14   5   0   0   0  0.35 0.12
  120 T    -1  -1  -1  -1  -3   2  -1  -3   3  -3  -3  -1  -2  -3   5   0   3  -3  -2  -2    0   3   0   3   0  10   2   0  12   0   1   0   0   0  29   6  32   0   0   0  0.64 0.19
  121 R    -1   4  -3  -3  -3  -1  -2  -3  -2   2   2  -1   0  -1  -3  -2  -2   3  -1   1    3  35   0   0   0   0   0   0   0  13  25   0   0   0   0   2   0   5   1  15  0.36 0.16
  122 V    -2  -3  -4  -4  -2  -2  -3  -4  -2   3   0  -3   0   4  -4  -3  -1  -1   3   3    0   0   0   0   0   2   0   0   0  22   2   0   0  29   0   0   3   0   9  31  0.53 0.19
  123 E     0   4  -1  -1  -4   1   3  -2  -1  -4  -3   3  -2  -4  -2  -1  -2  -4  -3  -3    7  34   0   0   0   4  26   3   0   0   0  25   0   0   0   0   0   0   0   0  0.64 0.21
  124 T     0  -2   4   0  -2  -1   0  -2  -2  -3  -3  -1  -3  -4  -2   4   3  -4  -3  -3    2   0  22   2   0   0   3   0   0   0   0   0   0   0   0  51  18   0   0   0  0.66 0.24
  125 E    -2   1  -1   0  -5   3   5  -3  -1  -4  -4   2  -3  -4  -2  -1  -2  -4  -3  -4    0   8   0   2   0  17  61   0   0   0   0  10   0   0   0   0   0   0   0   0  0.93 0.27
  126 G     2  -2   2  -1  -3   0   0   2   2  -3  -3  -1  -2   2  -2  -1  -2  -2   1  -2   26   0  15   0   0   5   7  22   7   0   0   0   0  11   0   0   0   0   6   0  0.29 0.14
  127 G    -1  -4  -2  -3  -4  -3  -4   7  -4  -5  -5  -3  -4  -5  -4  -2  -3  -4  -5  -5    0   0   0   0   0   0   0  97   0   0   0   0   0   0   0   0   0   0   0   0  1.78 0.37
  128 R    -1   2   2   0  -2   2   1  -1   3  -2  -2   0  -1   0  -1   0   0  -2   0  -2    2  18  11   3   1  12   7   2  13   1   2   3   1   6   1   8   5   0   3   2  0.20 0.07
  129 I    -1  -2  -2  -2  -1  -2  -2  -2  -2   4   1  -2   2   2  -2  -2   0  -2  -1   2    2   2   1   2   1   1   2   2   1  45   7   2   6   9   2   2   5   0   1   8  0.25 0.09
  130 R    -1   4  -1  -1  -2   0   1  -1  -1  -2  -2   1  -1  -2  -1   1  -1  -2  -1  -2    3  40   2   2   1   2  12   3   1   2   3   4   1   1   2  15   2   0   1   2  0.33 0.09
  131 V     0  -2  -2  -3  -2  -2  -2  -3  -3   1   2  -2   0  -1  -2  -1   1  -3  -2   4    5   2   1   1   0   1   1   1   0   5  19   1   0   1   1   1  12   0   0  49  0.34 0.14
  132 L    -1  -2  -2  -3  -2  -2  -2  -3  -2   2   3  -2   1  -1  -2  -1   1   1  -1   2    1   1   1   1   0   1   1   1   0  11  45   1   0   1   1   1  15   3   1  13  0.28 0.11
  133 K    -2   0   0   0  -3   5   4  -2  -1  -3  -3   0  -2  -3   1  -1  -1  -3  -2  -3    1   3   3   2   0  33  41   1   0   1   1   3   0   1   5   1   2   0   0   1  0.67 0.20
  134 K    -1   3  -1  -2  -2   0  -1  -2  -1   0  -1   1  -1   0   1  -1   1  -1   2  -1    1  28   3   1   0   1   3   1   0   7   3   9   0   5   8   3  13   0  12   1  0.22 0.10
  135 F    -3  -4  -2  -4  -3  -4  -4  -1  -3  -2  -1  -4  -2   7  -4  -3  -3   8   1  -3    1   0   3   0   0   0   0   5   0   0   4   0   0  55   0   1   0  29   0   0  1.42 0.31
  136 T    -1  -2   3   5  -3  -1   0  -2   0  -3  -4  -2  -3  -2  -1   0   0  -4  -1  -3    6   0  21  51   0   0   0   1   2   0   1   0   0   2   3   4   5   0   2   0  0.71 0.21
  137 E    -1  -1  -1   1  -3   3   3   0   3  -3  -3   1  -2  -3   3   0  -1  -3  -2  -2    1   0   0   6   0  21  20   6  12   0   1   9   0   0  16   4   0   0   0   3  0.44 0.15
  138 K    -1   3   2   1  -3   1   0  -2   3  -1  -2   1   0  -3  -2   0  -1  -3  -2  -1    3  28  16   6   0   6   5   1   8   5   1   8   2   0   0   5   0   0   0   4  0.30 0.12
  139 S     0  -1   3  -1  -2   0  -1   1   3  -3  -3  -1  -2  -1  -2   3   1  -3  -2  -2    8   0  22   0   0   5   2   8   9   0   1   0   0   3   0  30  10   0   0   0  0.35 0.15
  140 K    -1   1   2   1  -3   1   2  -2   0  -3  -3   2  -2  -3   4   0  -1  -3  -2  -2    1   7  12   6   0   3  18   1   2   0   1  18   0   0  24   3   1   0   0   3  0.47 0.13
  141 L    -2   1  -2  -2  -3   4   1  -1  -1   0   1   0  -1  -2   1  -2  -2  -3  -2  -1    0  10   0   0   0  36  10   5   0   7  20   2   0   0   6   0   0   0   0   3  0.33 0.17
  142 L    -2  -3  -4  -4   3  -3  -4  -2  -3   0   3  -4   0   5  -4  -3  -2  -2   0  -1    0   0   0   0  10   0   0   3   0   3  46   0   0  35   0   0   0   0   0   0  0.68 0.22
  143 Q     0   4  -1  -1  -4   4   2  -1  -1  -3  -3   1  -2  -2  -2  -1  -2  -3  -2  -3    8  33   0   0   0  26  18   5   0   0   1   4   0   2   0   0   0   0   0   0  0.56 0.19
  144 G     0  -2   3  -2   6  -1  -2   3  -2  -3  -3  -2  -3  -3  -3  -1  -2  -3  -3  -3    7   1  23   1  26   2   1  32   0   1   1   1   0   0   1   1   1   0   0   1  0.67 0.19
  145 I     1  -2  -3  -3   3  -2  -2  -2  -3   2   2  -2   1  -1  -2  -1   1  -3  -2   2   18   0   0   0   9   0   0   1   0  17  25   0   4   0   0   1   9   0   0  14  0.24 0.11
  146 E     0   1   1  -1  -3   2   1   3  -1  -3  -3   1  -2  -3  -2   1  -1  -3  -3  -2    5   7   8   0   0  14   9  33   0   0   0   8   0   0   0  11   2   0   0   2  0.37 0.12
  147 N    -1  -1   3   2  -2  -1   0   1  -1  -1  -2  -1   0  -2   2   0   0  -2  -2   0    4   1  24  14   0   1   5  13   1   1   2   1   3   1   9   2   7   0   1   9  0.21 0.07
  148 F    -2  -3  -3  -4  -3  -3  -3  -4   1   1  -1  -3   1   4  -4  -2  -2   0   6   2    0   0   0   0   0   0   0   0   2   6   0   0   5  18   0   2   0   0  42  21  0.74 0.23
  149 R     1   5  -1  -2  -3  -1  -1  -2   2  -2  -3   1  -2  -3  -3   0   0  -3  -2   0   14  52   0   0   0   0   0   0   7   0   0   5   0   0   0   7   4   0   0   8  0.56 0.20
  150 L    -1  -1  -4  -4  -2  -3  -3  -4  -3   4   3  -3   0   1  -3  -3  -2  -3  -1   3    2   4   0   0   0   0   0   0   0  31  32   0   0   7   0   0   0   0   0  20  0.44 0.15
  151 A     2   0  -2  -2  -2   0  -1  -1   1   1   0  -1  -1  -2  -2   1  -1  -3  -2   2   20   6   0   0   0   4   3   4   4   5   7   0   0   0   0  17   0   0   0  28  0.14 0.11
  152 I    -2   4  -2  -2  -3   1   2  -3  -1   1  -1   0   0   1  -3  -1  -1  -3  -1   0    0  34   0   0   0   4  19   0   0  11   5   2   2   9   0   5   0   0   0   7  0.28 0.14
  153 L    -1   0  -3  -3   2  -2  -3  -3   0   2   2  -2   0   3  -3  -2  -2  -1   2   1    4   8   0   0   5   0   0   0   3  13  22   0   0  21   0   2   0   0   9  10  0.23 0.10
  154 E    -1   1   0  -1   0   1   2  -2  -2  -1  -2   0   0  -3  -2   0   3  -3  -2   1    1   7   3   1   2   8  22   1   0   3   1   4   2   0   1   1  33   0   0  12  0.27 0.13
  155 A     2  -2  -2  -3  -2  -2  -2  -2  -1   3   2  -2   2  -1  -2   1  -1  -3  -2   0   21   0   0   0   0   0   0   0   2  27  22   0   6   0   0  19   0   0   0   0  0.25 0.14
  156 R    -1   2   3   0  -4   3   4  -3  -1  -4  -4   3  -3  -4  -2  -1  -2  -4  -3  -4    2  10  18   3   0  13  33   0   0   0   0  22   0   0   0   0   0   0   0   0  0.62 0.20
  157 A    -1   1  -3  -3  -5  -1  -3  -4  -1  -5  -5  -2  -4  -5   8  -2  -3  -5  -4  -4    3  11   0   0   0   2   0   0   2   0   0   0   0   0  81   2   0   0   0   0  2.02 0.39
  158 H    -2   2   6  -1  -4   2   0   0   3  -4  -4   1  -3  -4  -3  -1  -1  -4  -3  -4    0  12  50   0   0  11   4   4   8   0   0   9   0   0   0   0   2   0   0   0  0.73 0.24
  159 T     2  -3  -1  -2  -2  -2  -2   4  -3  -3  -3  -2  -3  -4  -3   1   4  -4  -3  -2   15   0   0   0   0   0   0  35   0   0   0   0   0   0   0   9  41   0   0   0  0.68 0.24
  160 F    -3  -4  -5  -5  -3  -4  -4  -5  -4   2   5  -4   0   4  -4  -4  -3  -2  -1   0    0   0   0   0   0   0   0   0   0  12  69   0   0  19   0   0   0   0   0   0  0.85 0.25
  161 V    -2   1  -3  -4  -2  -2  -3  -4   1   1   3  -2   0   3  -4  -2  -2  -2   1   2    0   9   0   0   0   0   0   0   5   8  40   0   0  15   0   2   0   0   6  16  0.36 0.15
  162 S    -2   1  -4  -4  -3   0  -3  -4  -3   0   4  -2   1  -1  -4  -2  -2  -3  -2   2    0   9   0   0   0   4   0   0   0   0  68   0   2   0   0   3   0   0   0  14  0.60 0.22
  163 P    -3  -4  -4  -4  -5  -3  -3  -4  -4  -5  -5  -3  -5  -6   8  -3  -2  -6  -5  -4    0   0   0   0   0   0   0   0   0   0   0   0   0   0  98   0   2   0   0   0  2.74 0.48
  164 R    -1   1   0  -2  -3   2  -1  -2   4  -2  -1   1  -1   0  -2   2   1  -3   0  -2    2   9   3   0   0  16   0   2  16   0   8   8   0   6   0  20   9   0   2   0  0.24 0.14
  165 H    -3  -2  -2  -4  -4   0  -2  -4   7  -3   0  -3   0   3  -4  -3  -3  -1   6  -3    0   0   0   0   0   5   0   0  35   0  10   0   2  14   0   0   0   0  33   0  1.03 0.29
  166 F     1  -2  -1  -2   2  -2  -2  -2   1  -1   1  -2  -1   1  -2   2   2  -2   0  -1   10   0   0   0   5   0   0   0   5   2  18   0   0   9   0  29  19   0   2   0  0.24 0.15
  167 D    -3  -2   5   5  -4   0  -1  -2   3  -4  -5  -2  -4  -4   1   0  -2  -5  -3  -4    0   0  32  45   0   2   0   0   8   0   0   0   0   0   6   6   0   0   0   0  0.93 0.26
  168 S     4  -1  -2  -2  -2  -2  -2   1  -3  -2  -3  -2  -2  -3  -1   3   1  -4  -1  -2   57   2   0   0   0   0   0   6   0   1   0   0   0   0   2  22   7   0   2   0  0.56 0.23
  169 E     0  -3  -1   4  -4  -1   2  -1   1  -4  -4  -2  -4  -4   5   0  -2  -5  -4  -4    6   0   0  34   0   0  12   3   4   0   0   0   0   0  36   5   0   0   0   0  0.93 0.24
  170 V     0   0  -1  -2   1   2   0   0  -1  -1   0   1   2   1  -1  -1  -1  -2   2  -1   11   5   2   0   4  13   2   6   0   0   9  12  10   6   2   3   1   0  10   3  0.08 0.08
  171 V    -2  -3  -4  -3  -2  -2   0  -4  -3   3   3  -3   1  -1  -4  -3  -2  -3  -2   2    0   0   0   0   0   0  11   0   0  28  39   0   3   0   0   0   0   0   0  18  0.49 0.18
  172 F     0  -3  -3  -4   0  -3  -3  -2  -3   3   2  -3   0   3  -3  -2   0  -2   1   2    7   0   0   0   2   0   0   2   0  23  21   0   0  17   0   2   5   0   5  16  0.29 0.12
  173 F    -3  -4  -4  -5  -3  -4  -4  -5  -1   0   0  -4  -1   5  -4  -3  -3   0   6   2    0   0   0   0   0   0   0   0   0   4   5   0   0  33   0   0   0   0  36  22  0.94 0.27
  174 N    -2  -4  -2  -4  -2  -4  -4  -5  -4   5   0  -4   0  -2  -4  -3  -2  -4  -3   5    0   0   3   0   0   0   0   0   0  38   0   0   0   0   0   0   0   0   0  59  0.93 0.29
  175 I     0   0  -2  -1  -2   1   0  -3   1   2   1  -1   0  -1  -2  -1   0  -3  -1   1   11   7   0   4   0  12   5   0   4  15  21   2   0   0   0   0   7   0   2   9  0.09 0.08
  176 K    -2   0   3  -1  -4   6   1  -2   1  -4  -4   1  -2  -4  -3   1   0  -4  -3  -3    0   3  15   0   0  49   6   2   3   0   0   5   0   0   0  14   4   0   0   0  0.71 0.25
  177 G    -2  -4  -2  -3  -4  -4  -4   7  -4  -6  -6  -3  -5  -5  -4  -2  -3  -4  -5  -5    0   0   0   0   0   0   0 100   0   0   0   0   0   0   0   0   0   0   0   0  1.92 0.39
  178 R    -2   4   1  -1  -4   1   2  -3   0  -3  -3   3  -1  -2  -2   1   0  -4  -2  -3    0  34   5   0   0   6  14   0   1   0   0  18   2   2   0  12   6   0   0   0  0.47 0.17
  179 A     3  -4  -2  -3  -3  -3  -3   6  -3  -4  -4  -3  -4  -4  -3  -1  -2  -4  -4  -3   30   0   0   0   0   0   0  70   0   0   0   0   0   0   0   0   0   0   0   0  1.22 0.30
  180 V    -1  -3  -3  -3  -2  -3  -3  -4  -3   4   1  -3   0   0  -3  -1   2  -3   2   2    3   0   0   0   0   0   0   0   0  38   8   0   0   2   0   4  18   0   8  19  0.39 0.17
  181 L    -2  -2  -3  -4  -2  -1  -3  -4  -1   2   3  -3   3   2  -3  -2   0  -2  -1   2    0   2   0   0   0   2   0   0   2  16  35   0  11  11   0   2   7   0   0  12  0.34 0.14
  182 G     0  -3   1  -2  -3  -2  -1   5  -3  -3  -3  -1  -3  -4  -3   0   3  -4  -3  -1    4   0   8   0   0   0   2  51   0   0   0   2   0   0   0   3  24   0   0   6  0.66 0.21
  183 L    -1  -1  -3  -4  -2  -2  -3  -4  -3   2   2  -1   3   1   0  -2   0   4  -1   2    2   4   0   0   0   0   0   0   0  11  30   4  10   8   4   0   4   8   0  16  0.31 0.12
  184 V     0  -3  -3  -4  -2  -3  -3  -4  -4   3   1  -3   1  -2  -3  -2   1  -4  -2   4    6   0   0   0   0   0   0   0   0  23  12   0   2   0   0   1  11   0   0  45  0.49 0.18
  185 S    -1   0   2   1   2  -1   0  -2   0   0  -1   0   0   3  -3   0   1  -2   0  -1    2   6  13   8   5   0   4   0   2   7   3   8   2  20   0   5   9   0   1   4  0.10 0.08
  186 E    -2  -1   1   2  -4  -1   2  -2   2  -4  -4   0  -4  -5   6  -1  -2  -5  -3  -4    0   2   8  11   0   0  13   2   5   0   0   4   0   0  52   3   0   0   0   0  1.12 0.27
  187 S    -1  -2   1   3  -4   0   2   4  -2  -4  -4  -1  -3  -4  -2  -1  -2  -4  -3  -4    0   0   7  20   0   3  19  43   0   0   0   3   0   0   0   3   0   0   0   0  0.64 0.19
  188 E    -2   0   1   2   7   0   2  -1   3  -3  -3   0  -3  -4  -3   0   0  -4  -3  -3    0   4   9  11  30   2  16   4  11   0   0   4   0   0   0   4   4   0   0   0  0.56 0.20
  189 T     1   4  -2  -2  -3   2   0  -3  -2  -3  -3   2  -2   0   3  -1   0  -3  -2  -2   14  32   0   0   0  10   4   0   0   0   0  12   0   5  18   0   4   0   0   1  0.49 0.18
  190 E    -2   2   1   1  -4   2   4  -1  -1  -3  -4   2  -3  -4  -2  -1  -2   1  -3  -3    0  10   5   5   0  11  40   5   0   2   0  18   0   0   0   1   0   2   0   0  0.55 0.20
  191 K     0  -2  -1  -2  -2  -1   0  -2  -2   1  -2   0  -2  -3  -2   3   4  -4  -3  -1    4   0   0   0   0   0   7   0   0  11   2   6   0   0   0  37  30   0   0   2  0.42 0.21
  192 I    -3  -1  -3  -4  -4  -3  -2  -4   3  -1  -1  -3  -2   5  -4  -3  -1   0   7  -2    0   3   0   0   0   0   2   0   7   2   4   0   0  30   0   0   5   0  46   0  1.06 0.30
  193 T    -2   1   4  -1   0   2   2  -2   5  -4  -4   0  -3  -4  -3   0   0  -4  -2  -4    2   9  28   0   2  11  16   0  19   0   0   5   0   0   0   3   4   0   0   0  0.56 0.21
  194 L    -3  -4  -4  -5  -3  -4  -4  -5  -3   3   3  -4   0   4  -2  -3  -2  -2   0   2    0   0   0   0   0   0   0   0   0  21  35   0   0  29   2   0   0   0   0  12  0.62 0.21
  195 E    -2   6  -1   0  -4   2   2  -3   0  -2  -3   2  -2  -4  -3  -2  -1  -4  -3  -2    0  54   1   4   0   7  13   0   1   2   0  11   0   0   0   0   2   0   0   3  0.77 0.25
  196 P    -1   2  -1   0   0   3   3  -3   1  -3  -2   1  -2  -1   1   0  -1  -3   0  -3    3  15   1   3   3  20  24   0   3   0   5   5   0   2   6   6   2   0   3   0  0.33 0.14
  197 G    -2  -4  -2  -3  -4  -2  -4   7  -4  -6  -5  -3  -4  -5  -4  -1  -3  -4  -5  -5    0   0   0   0   0   2   0  96   0   0   0   0   0   0   0   2   0   0   0   0  1.80 0.41
  198 D    -4  -3  -1   7  -5  -2   0  -3   1  -5  -5  -3  -5  -5  -3  -2  -1  -6  -4  -2    0   0   0  90   0   0   0   0   4   0   0   0   0   0   0   0   2   0   0   3  1.72 0.43
  199 M     1  -3  -3  -4  -2  -3  -3  -3  -1   3   1  -3   0  -2  -3  -2   1  -4  -2   4   16   0   0   0   0   0   0   0   2  17   7   0   2   0   0   0  13   0   0  44  0.43 0.20
  200 I    -2  -3  -4  -4  -2  -1  -4  -4  -3   4   2  -3   1   2  -4  -3  -2  -2   2   3    0   0   0   0   0   4   0   0   0  40  16   0   2  12   0   0   0   0   8  19  0.52 0.19
  201 H     3   3  -2  -3  -3  -1  -2  -2   0  -2  -3   1  -2  -3   0   0  -1   2  -2   0   43  26   0   0   0   0   0   0   2   0   0  11   0   0   4   2   0   3   0   9  0.44 0.21
  202 I    -1  -3  -2  -4  -2  -3  -3  -4  -3   4   2  -3   0  -1  -3  -1   0  -3  -2   3    4   0   2   0   0   0   0   0   0  33  27   0   0   1   0   6   7   0   0  20  0.40 0.17
  203 P    -3   1  -3  -3  -5  -1  -3  -4   1  -4  -3  -2  -4  -5   8  -2   0  -5  -4  -4    0   8   0   0   0   2   0   0   3   0   2   0   0   0  79   0   6   0   0   0  1.96 0.41
  204 A     5  -3  -1  -3  -2  -2  -2  -2   0  -3  -3  -2  -2  -4   3   2   1  -4  -3  -2   60   0   2   0   0   0   0   0   2   0   0   0   0   0  13  14   9   0   0   0  0.69 0.27
  205 G    -2  -4  -2  -3  -4  -4  -4   7  -4  -6  -6  -3  -5  -5  -4  -1  -3  -4  -5  -5    0   0   0   0   0   0   0  98   0   0   0   0   0   0   0   2   0   0   0   0  1.89 0.42
  206 T     0  -3  -2  -3  -2  -2  -2  -3  -3   1  -1  -2  -1   0  -3   2   3  -4  -2   3    5   0   0   0   0   0   0   0   0   6   0   0   0   5   0  20  27   0   0  37  0.43 0.22
  207 P     3  -3  -2  -3  -2  -2  -2  -2  -3   2  -1  -2  -1  -3   2   0   2  -4  -3   2   31   0   0   0   0   0   0   0   0  13   0   0   0   0   9   5  20   0   0  22  0.37 0.19
  208 L    -2  -2   0  -3  -3   2  -2  -2   5  -2  -2  -2  -2   4  -3   0  -1   2   3   0    2   0   4   0   0  13   0   1  22   0   2   0   0  25   0  10   2   2  10   7  0.46 0.20
  209 Y    -4  -4  -5  -6  -5  -4  -5  -5  -2  -4  -3  -5  -3   2  -6  -4  -4  10   7  -4    0   0   0   0   0   0   0   0   0   0   0   0   0   4   0   0   0  50  46   0  2.51 0.51
  210 I    -2  -3  -3  -4   3  -3  -3  -4  -3   2   2  -3   3   2  -3  -1   0   1  -1   1    0   0   0   0   8   0   0   0   0  19  29   0  10  13   0   3   8   2   0   8  0.36 0.15
  211 V     0  -3  -3  -3  -3   0  -2  -3   3   0   0  -2  -1   1  -3  -2  -1  -1   6   1   10   0   0   0   0   5   0   0   9   5   8   0   0   3   0   0   2   0  42  14  0.56 0.22
  212 N    -3  -2   8  -1  -4  -2  -2  -2  -1  -5  -5  -2  -4  -5  -4   1  -2  -5  -4  -4    0   0  90   0   0   0   0   0   0   0   0   0   0   0   0   7   0   0   0   0  1.69 0.43
  213 R    -1   2   2   2  -2   1   0  -1  -1  -2  -2   0  -2  -3   3   0   2  -3  -2  -2    1  12  12  14   0   8   2   3   0   1   1   6   0   1  15   3  16   0   1   1  0.31 0.10
  214 D    -2  -2   0   4  -4   0   1   4   3  -4  -4  -2  -4  -4   0  -1  -2  -4  -3  -4    0   0   3  37   0   5   5  33  11   0   0   0   0   0   5   0   0   0   0   0  0.72 0.23
  215 E    -2  -1   3   5  -3   0   1   2  -2  -3  -2  -1  -3  -4  -1   0  -1  -4  -3  -3    1   2  15  40   0   4   7  15   0   0   4   0   0   0   3   8   0   0   0   0  0.54 0.18
  216 N     0   1   4   0  -3   2   1  -1   0  -3  -3   0  -2  -3  -2   1   1  -3  -2  -2    7   6  34   3   0  10   6   4   2   0   1   4   0   0   0   8  13   0   0   2  0.37 0.15
  217 D    -2  -1  -1   2  -4   3   4  -3  -2  -3  -3   0  -2  -4   4  -1  -1  -4  -3  -1    0   2   0  10   0  17  31   0   0   0   1   5   0   0  22   1   2   0   0   6  0.60 0.19
  218 K     0   0   1   2  -3   0   0  -2  -2   0   0   2  -1  -2   2  -1  -1   1  -2   0    7   5  11  13   0   2   3   0   0   4  12  17   0   0  12   0   0   2   0  11  0.15 0.08
  219 L    -2  -3  -4  -4  -2  -3  -3  -4  -4   2   4  -3   1   0  -2  -3  -1  -3  -2   3    0   0   0   0   0   0   0   0   0   8  57   0   0   2   1   0   2   0   0  25  0.58 0.20
  220 F     1   3  -2  -3  -2  -1  -2  -2   1   1  -1   0  -1  -1  -1  -1   0  -3   0   2   15  29   0   0   0   0   0   0   5  14   3   2   0   2   2   3   4   0   3  17  0.19 0.13
  221 L     0  -3  -4  -4  -2  -3  -3  -4  -4   4   1  -3   0  -2  -3  -2  -1  -3  -2   4    5   0   0   0   0   0   0   0   0  31   9   0   1   0   0   2   0   0   0  48  0.62 0.22
  222 A     2  -2  -2  -3   1  -2  -2  -2  -2   2   0  -2  -1  -1  -2   1   1  -2   1   2   23   0   0   0   3   0   0   0   0  20   5   0   0   2   0  10   9   0   7  19  0.21 0.12
  223 M     0  -1  -1   1   1   0  -1  -2  -2   1   1   1   1  -1  -2   0   0  -3  -2   1    6   0   0   9   3   5   0   0   0   6  14  18   4   1   0   9   4   0   0  19  0.08 0.08
  224 L    -1  -3  -3  -4  -2  -3  -3  -4  -3   3   3  -3   1   2  -3  -2  -1  -2   2   1    2   0   0   0   0   0   0   0   0  19  46   0   2  11   0   3   3   0   7   5  0.41 0.16
  225 H     2  -2   1   3  -2  -1  -1  -2   2  -1   1  -2  -1  -2  -2   0   0  -3  -2  -1   22   0   9  28   0   0   0   0   7   3  16   0   0   1   0   2   6   0   0   4  0.24 0.14
  226 I    -1  -1   0   2  -2  -2  -2  -3  -2   3   0  -2   2  -1  -3  -2   0  -3  -2   2    3   3   6  16   0   0   0   0   0  29   6   0   6   2   0   0   7   0   0  18  0.21 0.13
  227 P     0  -1   2   0  -3  -1  -1   0  -2  -2  -1  -1  -2  -3   5  -1   0  -3  -2  -2    9   2  13   5   0   2   1   8   0   2   7   3   0   0  35   2   8   0   1   2  0.52 0.14
  228 V     1   0   3   0  -1   0   0  -1   1  -1  -2   0  -1  -2  -1   2   0  -2  -1  -1   11   5  20   5   1   3   2   2   5   6   3   6   1   1   2  18   5   0   1   4  0.14 0.06
  229 S    -1   0   2   0   1   0  -1  -1   1  -1  -1  -1  -1   2  -1   1   1  -1   1  -1    2   5  15   3   4   4   2   2   4   1   5   2   1  12   1  14  14   0   6   2  0.12 0.07
  230 V     0  -2  -1  -2  -2   2   0  -3   0   2   1  -2   0   0  -3  -1  -1  -3  -1   2    9   0   3   0   0  15   5   0   3  13  10   0   0   5   0   5   2   0   2  28  0.15 0.12
  231 S    -2  -1   7  -1  -4   0  -2   0   0  -4  -1  -2  -3  -4  -3   1  -1  -5  -3  -4    2   2  66   0   0   4   0   5   2   0   7   0   0   0   0  13   0   0   0   0  0.96 0.32
  232 T    -2   0   4   1  -3   3   0  -1  -1  -3  -2   1  -2  -4  -3   0   2  -4  -3  -1    0   4  27   9   0  22   1   4   0   0   4   6   0   0   0   2  15   0   0   4  0.39 0.18
  233 P    -1  -3  -3   0  -4   2  -2  -4  -3  -3   0   0  -2  -1   7  -2  -2  -4  -3  -3    4   0   0   7   0  10   0   0   0   0  14   5   0   3  58   0   0   0   0   0  1.19 0.30
  234 G    -1   2   0   2  -3  -1   1   4  -2  -3   0  -1  -2  -3  -1  -1  -2  -3  -3  -3    0  15   4  12   0   0  10  41   0   0  12   0   0   0   2   2   0   0   0   0  0.41 0.16
  235 K    -1   1   3  -1  -4   4   1  -3   0  -3  -3   2  -2  -3  -1  -1   0  -3   0  -2    4   7  18   0   0  34   4   0   2   0   0  15   0   0   2   0   6   0   3   3  0.48 0.21
  236 F    -2  -1  -1  -3  -3  -1  -3  -3  -1   1   1  -2   2   4   1  -2  -2  -1   3   0    0   5   4   0   0   2   0   0   1   6  14   2   6  32   7   0   0   0  11   8  0.34 0.15
  237 E    -2   3  -1   1  -4   3   3  -3   2  -4  -3   1  -2  -2   0  -1  -2  -2   2  -3    0  22   0   7   0  18  20   0   4   0   0   7   0   0   5   4   0   0  12   0  0.48 0.19
  238 E     0   1   0   2  -3   1   2  -2  -1  -2  -2   1  -2   1   1   1  -1  -3  -2  -2    8  12   3  16   0   5  14   0   0   0   4   6   0  10   8  12   1   0   0   1  0.21 0.10
  239 F    -3  -4  -4  -4  -4  -4  -1  -3  -3   0   0  -4   0   7  -5  -3  -2   1   2   0    0   0   0   0   0   0   5   2   0   5   4   0   2  69   0   0   3   1   4   5  1.09 0.32
  240 F    -3  -2  -4  -3  -3  -3  -4  -2  -2  -1   1  -4  -1   6  -4  -3  -3   0   5  -2    0   1   0   1   0   0   0   3   0   0  17   0   0  51   0   0   0   0  24   0  0.98 0.28
  241 A     0  -1  -3  -3  -2  -2  -3  -2  -1   0   3  -2   0  -2   4   0  -2  -3  -2  -1    8   3   0   0   0   0   0   2   1   4  50   0   0   0  22   7   0   0   0   0  0.48 0.19
  242 P     3  -2   0  -2  -2   0  -1   1  -2  -2  -1  -1  -2  -3   1   2  -1  -3  -3  -1   43   0   5   0   0   3   2   9   0   0   5   0   0   0   6  22   0   0   0   4  0.36 0.17
  243 G     0  -1   1  -2  -3  -1  -2   5  -2  -4  -4  -1  -3  -4  -3   2  -1  -4  -3  -3    7   2   9   0   0   2   1  58   0   0   0   1   0   0   0  15   2   0   0   0  0.77 0.22
  244 G    -1   0   4   1  -3   2  -1   3  -1  -3  -3   0  -3  -4  -2   1   2  -4  -3  -3    0   4  28   5   0  10   0  23   0   0   0   3   0   0   0  10  15   0   0   0  0.45 0.18
  245 R    -2   2   2   0  -3   4   2  -2   3  -3  -3   2  -2  -3  -1   0  -1  -3  -2  -3    1  14  13   2   0  29   9   1   8   0   1  14   0   0   2   5   0   0   0   0  0.48 0.16
  246 D     0   1   4   3  -3   0   2  -2  -1  -3  -3   1  -2  -2   0   0  -1  -3  -2  -3    8   7  28  19   0   1  15   1   0   0   1   9   0   3   4   3   2   0   0   0  0.39 0.13
  247 P    -2   1  -2  -2  -4   6   0  -2  -2  -3  -3  -1  -2  -4   5  -1  -2  -4  -2  -3    2   6   0   0   0  48   2   2   0   2   2   0   0   0  31   3   0   0   1   0  0.93 0.27
  248 E    -2   0   1  -1  -4   5   3  -1  -1  -4  -3   1  -2  -4  -1   1   0  -4  -3  -3    0   4   8   0   0  35  25   3   0   0   0   9   0   0   3   8   4   0   0   0  0.57 0.19
  249 S    -1  -2   5   1  -3  -1  -1  -1  -2  -4  -4  -1  -3  -4  -1   4  -1  -4  -3  -3    2   0  36   8   0   1   0   2   0   0   0   0   0   0   2  47   0   0   0   0  0.75 0.25
  250 V    -2  -3  -4  -4  -3  -3  -4  -4  -2   3   1  -3   1   2  -4  -3  -2  -1   5   2    2   0   0   0   0   0   0   0   0  28  11   0   3   7   0   1   0   0  32  16  0.60 0.20
  251 L    -3  -4  -5  -5  -3  -4  -4  -5  -3   0   4  -4   2   5  -4  -4  -3   1   1  -1    0   0   0   0   0   0   0   0   0   0  58   0   4  34   0   0   0   2   2   0  0.88 0.25
  252 S     0   1   2  -2   0   1  -1  -1  -2  -3  -2  -1  -2   0  -2   4   0  -3  -1  -3    3   8  10   0   2   8   0   4   0   0   3   0   0   4   0  55   2   0   2   0  0.45 0.21
  253 A     1  -4  -2  -3  -4  -3  -2   6  -3  -3  -4  -3  -4  -4  -3   0  -1  -4  -4  -4   11   0   0   0   0   0   1  79   0   2   0   0   0   0   0   5   2   0   0   0  1.24 0.29
  254 F    -4  -5  -5  -6  -4  -5  -5  -5  -3  -2  -1  -5  -2   8  -6  -4  -4  -1   1  -2    0   0   0   0   0   0   0   0   0   0   0   0   0  98   0   0   0   0   0   2  2.07 0.44
  255 S     0  -1   1   3  -3   0   0   0  -2  -4  -4   0  -3  -4  -2   4   1  -4  -3  -3    5   1   4  20   0   3   1   4   0   0   0   4   0   0   0  51   6   0   0   0  0.54 0.21
  256 W    -1   2  -1   2  -3   0   0  -2   0  -3  -2   3  -2  -3   3   0   0   0  -1  -1    4  15   1  13   0   0   4   0   2   0   1  24   0   0  16   5   8   2   2   4  0.33 0.12
  257 N    -2   0   4   1  -4   2   4  -2   3  -4  -4  -1  -3  -4  -3   0   0  -4  -3  -4    0   3  24   6   0   7  44   2   7   0   0   0   0   0   0   2   4   0   0   0  0.68 0.22
  258 V    -2  -3  -3  -4  -2  -3  -4  -4  -3   4   1  -3   1   4  -4  -2   1  -2  -1   2    0   0   0   0   0   0   0   0   0  32  11   0   2  22   0   0  14   0   0  19  0.48 0.17
  259 L    -3  -3  -5  -5  -3   0  -4  -5  -4   1   5  -4   1  -1  -4  -4  -3  -3  -3  -1    0   0   0   0   0   5   0   0   0   6  90   0   0   0   0   0   0   0   0   0  1.04 0.30
  260 Q     2   1  -1   0  -3   2   4  -2   0  -3  -3   0  -2  -4  -2   2   0  -4  -3  -3   23   8   0   2   0  10  37   0   2   0   0   1   0   0   0  15   3   0   0   0  0.47 0.18
  261 A     3  -1  -1   0  -3   3   3  -2   2  -3  -3   0  -2  -4  -1   1   0  -4  -2  -2   32   0   0   5   0  16  21   0   5   0   0   2   0   0   2  11   6   0   0   0  0.40 0.17
  262 A     5  -3  -2  -3  -2  -2  -2  -1  -3  -1  -2  -2  -2  -3  -2   2   1  -4  -3   0   62   0   0   0   0   0   0   2   0   3   2   0   0   0   0  17  10   0   0   4  0.60 0.23
  263 L    -4  -4  -5  -5  -4  -4  -5  -5  -3  -1   2  -4  -1   7  -5  -4  -3  -1   3  -2    0   0   0   0   0   0   0   0   0   0  21   0   0  72   0   0   0   0   7   0  1.38 0.33
  264 Q    -1  -1   5   1  -4   1  -1   2   0  -4  -4   2  -3  -4  -3   0  -2  -4  -3  -3    3   0  47   6   0   5   0  18   2   0   0  16   0   0   0   3   0   0   0   1  0.67 0.22
  265 T    -1  -3  -3  -3  -2  -3  -3  -3  -4   3  -1  -3   0  -2  -3   0   3  -4  -3   4    2   0   0   0   0   0   0   0   0  22   0   0   2   0   0   6  32   0   0  36  0.52 0.21
  266 P    -2   1   3   3  -4   1   1  -2  -1  -4  -4   0  -3  -4   3   1  -1  -4  -3  -3    0  11  17  23   0   6   9   0   1   0   0   5   0   0  16  13   0   0   0   0  0.51 0.15
  267 K     0   1  -1  -1  -3   1   2  -2   0  -1  -1   0   0   1  -2   0   0  -2   2   0    5  11   1   0   0   6  19   1   2   3   6   3   2   8   0   8   5   0  12   7  0.12 0.08
  268 G    -2   1   0   3  -4   2   4   0  -1  -4  -3   0  -3  -4   0  -1  -2  -4  -3  -2    0   8   2  19   0  10  45   8   0   0   1   1   0   0   3   0   0   0   0   3  0.60 0.20
  269 K    -1   1  -2  -1  -2   0   2  -3  -2   2   0   1  -1  -2  -2  -1   2  -3  -2   0    4   7   0   0   0   4  22   0   0  18  10   8   0   0   0   0  21   0   0   6  0.20 0.12
  270 L     2  -3  -4  -4  -2  -3  -3  -3  -4   4   2  -3   0  -1  -3  -1  -1  -3  -2   1   31   0   0   0   0   0   0   0   0  33  27   0   0   0   0   2   0   0   0   8  0.44 0.18
  271 E    -2   3   1   2  -4   4   3   0  -1  -4  -4   2  -2  -4  -2   0  -2  -4  -3  -3    0  22   8  10   0  24  19   5   0   0   0   9   0   0   0   3   0   0   0   0  0.53 0.18
  272 N    -2   4   1  -2  -4   3   1   0  -1  -3  -2   4  -2  -4  -3  -1  -2  -4  -3  -3    0  29   6   0   0  14   7   6   0   0   5  30   0   0   0   2   0   0   0   0  0.53 0.19
  273 V    -2   1  -4  -4  -2  -2  -3  -4  -3   3   3  -2   3  -1  -4  -3  -2  -3  -2   2    0  10   0   0   0   0   0   0   0  18  44   0  11   0   0   0   0   0   0  17  0.51 0.19
  274 F    -2   3   0  -2  -3   4  -1  -3  -2   0   2   0   1   1  -3  -2  -2  -3  -2   0    0  22   4   0   0  29   0   0   0   3  23   3   5   6   0   0   0   0   0   5  0.35 0.18
  275 D    -1  -1   2   1   1   0   1   2  -1  -2  -1   0   0  -1  -2   1  -1  -3  -2  -2    0   2  14   6   3   4  12  19   0   0   7   5   5   4   0  17   0   0   0   2  0.16 0.10
  276 Q    -1   2  -1   1  -4   3   3  -1   2  -3  -2   1  -2  -4   0   1  -1  -3  -2  -3    4  12   0   7   0  22  24   5   6   0   4   3   0   0   4   9   0   0   0   0  0.37 0.15
  277 Q    -2   1   2   0  -4   5   2  -1  -1  -1  -3   0  -2  -4  -2   0   1  -4  -3  -3    0   8  14   4   0  37  12   4   0   5   0   2   0   0   0   4   9   0   0   0  0.47 0.20
  278 N    -2   0   3   4  -4   2   2   1  -1  -4  -4   1  -3  -1  -3  -1  -2  -4  -3  -4    0   4  16  32   0   9  16   9   0   0   0   9   0   5   0   0   0   0   0   0  0.51 0.17
  279 E    -2   3  -1  -1  -5   4   4  -3  -1  -4  -4   2  -3  -4   2  -1  -2  -4  -3  -4    0  20   0   0   0  23  37   0   0   0   0  11   0   0   9   0   0   0   0   0  0.75 0.25
  280 G    -2   2   2   0  -4  -2  -3   5  -3  -5  -5  -2  -4  -5   1  -1  -3  -4  -4  -4    0  15   9   5   0   0   0  59   0   0   0   0   0   0   9   3   0   0   0   0  0.91 0.26
  281 S     0  -1   0  -1  -2   0   0   2  -1   0   0  -1   2  -1  -1   0  -1  -3  -2   1    6   3   5   2   0   5   5  21   2   3   9   0   8   3   3   7   2   0   0  19  0.09 0.08
  282 I    -3  -4  -5  -4  -3  -4   0  -5  -4   6   1  -4  -1   2  -4  -4  -3  -4  -2   0    0   0   0   0   0   0   8   0   0  73  10   0   0   8   0   0   0   0   0   0  0.99 0.32
  283 F    -2   2  -4  -4  -3  -3  -4  -5  -4   4  -1  -3  -1   0  -4  -3   0  -4  -2   5    0  13   0   0   0   0   0   0   0  24   0   0   0   4   0   0   4   0   0  55  0.70 0.26
  284 R    -2   4   0  -2  -3   1   0  -3   0   1  -1   3  -1  -2  -2  -1   0  -3   0   0    0  31   4   0   0   6   4   0   2  13   3  20   0   0   0   2   7   0   3   5  0.32 0.14
  285 I     2  -3  -3  -3  -2  -2  -3  -3   2   2   0  -3   2  -2  -3  -2  -1  -3  -2   4   22   0   0   0   0   0   0   0   9  14   6   0   7   0   0   0   0   0   0  39  0.40 0.18
  286 S     0   0   1   1  -2   2   1   0  -1  -2  -2   0  -2  -3   1   2   1  -3  -2   0    4   3   5   6   0  11   9   6   0   1   1   6   0   1   8  23   6   0   0   8  0.20 0.12
  287 R    -1   3  -1   0  -4   2   1   0   2  -4  -4   3  -3  -4   2   0  -2  -4   0  -4    2  20   0   4   0   8  10   7   5   0   0  22   0   0  10   8   0   0   3   0  0.42 0.21
  288 E    -2   0   1   2  -4   1   3   1   0  -4  -1   1  -3  -2   2  -1  -2  -4  -3  -3    0   4   6  12   0   5  31  10   2   0   7   7   0   2  12   2   0   0   0   0  0.39 0.20
  289 Q    -1   1  -2  -1  -4   5   0   1   0  -3  -2   1  -2   1  -1  -2   0  -3  -1  -3    2   7   0   2   0  39   5  14   1   0   4   6   0   9   2   0   7   0   1   0  0.47 0.28
  290 V    -2  -1  -3  -2   1  -3  -1  -4   0   3   3  -2   2  -1  -4  -2  -1  -3  -1   2    0   4   0   2   3   0   4   0   2  23  36   2   5   0   0   1   1   0   2  14  0.38 0.20
  291 R    -2   4   0   0  -4   4   1  -3  -2  -3  -3   1  -2  -1   0   0  -2  -3  -3  -1    0  29   3   3   0  25   9   0   0   0   0   8   0   3   5   7   0   0   0   6  0.49 0.27
  292 A    -1   0  -2   0  -3   2   3   0  -2   0  -1   0  -1  -2   0  -1  -2  -3   0   1    5   6   0   5   0  10  28   7   0   6   6   3   0   0   3   0   0   0   4  15  0.20 0.17
  293 L    -2  -2  -3  -2   2   0   1   0   0   1   3   0   0  -2   2  -1  -1  -3  -3   0    0   0   0   0   5   3  12   7   2   9  37   6   0   0  10   4   2   0   0   2  0.21 0.19
  294 A    -1   1   0   2   1   2   1  -1  -2  -3  -1   0  -2  -3   1   1   1  -4  -3  -1    3  10   4  12   3  13   9   4   0   0   5   3   0   0   6  12  13   0   0   3  0.21 0.15
  295 P    -2   1  -2   0  -4   3   2  -1  -2  -4  -4   3  -3  -4   4  -2  -2  -4   0  -1    0   7   0   3   0  14  16   4   0   0   0  20   0   0  27   0   0   0   3   6  0.64 0.31
  296 T     0   0   0   0  -3   1   2   0   5  -3  -3   0  -1  -2   0   0   1  -3   1  -2    7   4   4   4   0   8  13   8  21   0   1   2   1   1   5   3  11   0   4   1  0.28 0.15
  297 K     3   1  -1   1   2   2   1   0  -2  -2  -3   0  -2  -3  -2   0  -1   2  -1  -1   32   8   2   7   5  10  12   6   0   1   0   5   0   0   0   2   2   4   2   3  0.23 0.15
  298 K    -1   2  -1  -1  -1   3   2  -1   3  -4  -3   2  -1  -4  -1   1   1   1  -2  -3    3  13   0   0   1  19  12   3   8   0   0  18   1   0   1  10   9   2   0   0  0.38 0.19
  299 S    -1   1   0  -1  -3   0   0   0   2  -4  -2  -1  -3  -3   0   4   0   1  -3  -3    0  11   4   1   0   4   6   8   6   0   5   0   0   0   3  47   4   2   0   0  0.41 0.24
  300 S     0   0  -1  -2  -3   1   1   1   0  -3  -3  -1  -3  -3   3   3   1  -4  -1  -2    4   6   0   0   0   7  11   9   2   0   1   0   0   0  16  32   6   0   3   2  0.38 0.20
  301 W    -1   3  -1  -2  -1   2   1   2   3  -4  -3   0   0  -3  -3   3  -1   3  -2  -3    0  18   0   0   1   9   8  15   9   0   1   2   2   0   0  29   0   5   0   0  0.39 0.22
  302 W    -2   3   0  -1  -1   1   0   0   1  -1  -3   2  -2  -2  -3   0  -1   6   1  -3    0  19   3   2   2   8   6   7   4   4   0  13   0   0   0   8   2  16   6   0  0.40 0.18
  303 P    -2   1   1  -1  -3   2   1   0   1  -2  -2   3  -2  -3   3   0  -1  -3  -1  -3    0   5   8   2   0   9   6   9   4   2   5  27   0   0  14   6   0   0   2   0  0.31 0.15
  304 F    -1   1   0   0   1   1  -1   2   1   0  -2  -1  -1   0  -1   0   0   1  -1  -1    0  12   3   4   4   9   2  21   4   8   2   0   0   7   1  10   5   3   0   4  0.10 0.10
  305 G     0   0   1  -1  -2  -1   0   2  -1   0   0   1  -1  -2   0   1   0  -3  -2   0    5   4   6   0   0   0   6  23   1   5  11   9   0   0   4  15   2   0   0   8  0.13 0.09
  306 G     0  -2   1   1  -1   0   1   3  -2  -3  -2  -1  -1  -3   2   1  -1  -3  -3  -3    6   0   7   9   1   5  13  25   0   0   4   1   1   0   9  16   0   0   0   0  0.31 0.14
  307 E    -1   1  -1  -1  -3   0   3   0  -2  -3  -3   0  -2  -3  -1   3   1  -3   0  -3    2  10   0   0   0   0  27   7   0   0   1   4   0   0   3  30   9   0   3   0  0.37 0.20
  308 S     0   0   1  -1   4   1   3  -1  -2  -1  -1   0   0  -3  -2   1   1   0  -2  -2    5   5   6   1  12   5  24   2   0   4   4   6   2   0   0  12   9   1   0   0  0.22 0.14
  309 K    -1   3  -1   1  -3   0   2  -1  -2   0  -2   2  -2   0  -2   1   0  -3  -2  -2    3  19   0  10   0   1  13   3   0   8   0  14   0   6   0  16   6   0   0   0  0.22 0.14
  310 P    -1  -1   0   1   4   0   2   1  -2  -2  -2   2  -2  -1   2  -1  -2  -3  -1  -2    2   2   3   8  12   5  14  15   0   3   2  15   0   4  11   3   0   0   1   0  0.24 0.13
  311 Q     0   1   1  -1  -3   1   0  -1  -2  -3  -3   0  -3  -4   4   1   2  -4  -3  -3    4   7   9   2   0   7   6   2   0   0   0   4   0   0  27   9  20   0   0   0  0.51 0.19
  312 F    -2  -3  -2  -1  -3  -2  -1  -3  -2   1   1  -3   1   5  -3   0  -1  -1   3  -1    1   0   2   5   0   0   4   0   0  11  10   0   4  39   0   7   2   0  11   2  0.42 0.18
  313 N    -2   0   7   1  -1  -1  -2  -1  -1  -4  -5   1  -3  -4  -3   1  -2  -5  -4  -4    1   5  69   5   2   0   0   2   0   0   0   7   0   0   0   9   0   0   0   0  1.08 0.33
  314 I    -1  -2  -3  -1  -2  -3  -3  -1  -3   3   3  -2   1  -1  -3  -2  -1  -3  -2   2    2   2   0   5   0   0   0   7   0  23  43   2   2   0   0   0   3   0   0  11  0.33 0.15
  315 F    -1   4  -1   0  -3  -1   0  -2  -2  -2   1   0  -1   2   1  -1   0  -2   0  -2    4  31   2   6   0   1   4   1   0   0  15   2   0  14   7   2   7   0   3   0  0.23 0.14
  316 S     1  -1   0   1  -3   0   2  -1   1  -2  -3  -1  -3  -3  -2   4   0  -4  -1  -3    8   1   3   9   0   1  19   2   4   2   0   2   0   0   0  43   3   0   2   0  0.42 0.20
  317 K    -1   3   3   0  -3   2   1  -1   2  -2  -3   2  -2  -3  -2   1  -1  -4  -2  -2    0  23  18   4   0   8   8   3   5   3   0  10   0   0   0  14   1   0   0   3  0.35 0.15
  318 R     1   2   1   3  -3   0   2  -1  -2  -3  -3   1  -2  -4  -2   1   0  -4  -3  -3   16  17   7  20   0   0  12   2   0   1   0   6   0   0   0  14   5   0   0   0  0.33 0.14
  319 P     0  -3   0   3  -4  -1  -1  -3  -3  -4  -3  -2  -4  -5   7  -2  -3  -5  -3  -4    6   0   4  21   0   1   2   0   0   0   2   0   0   0  62   1   0   0   1   0  1.48 0.34
  320 T    -1  -1   0   3  -2  -2  -1  -3  -1   3   0  -2  -1  -2  -3   0   1  -3  -1   1    5   5   3  23   0   0   1   0   2  25   6   0   0   0   0   7   8   0   2  13  0.19 0.13
  321 I    -3  -4  -4  -5  -3  -4  -4  -5  -1   2   0  -4  -1   5  -5  -3  -3   0   7   0    0   0   0   0   0   0   0   0   0  15   6   0   0  24   0   0   0   0  49   6  1.07 0.31
  322 S     0  -1   3   0  -3  -1   0  -1  -1  -3  -3   1  -2  -1  -2   3   0  -3   1  -1    5   0  18   4   0   0   5   2   0   0   0  10   0   2   0  38   1   0   8   6  0.32 0.18
  323 N    -3  -1   7   0  -4  -2  -1  -2  -2  -5  -5  -2  -4  -5   4   0  -1  -5  -4  -4    0   2  64   1   0   0   1   0   0   0   0   0   0   0  27   3   2   0   0   0  1.29 0.36
  324 G    -2   2   3   0  -4   3   1  -1  -1  -4  -4   2  -2  -4   2   0   0  -4  -3  -3    0  15  17   3   0  21   6   4   0   0   0  17   0   0  10   4   4   0   0   0  0.44 0.17
  325 Y     2   0   1  -3  -2  -1  -2  -1   2  -2   0  -2  -1   3  -3  -1  -1   1   4  -2   26   5   8   0   0   2   0   2   6   0  12   0   0  16   0   1   3   1  18   0  0.26 0.15
  326 G     0  -4  -2  -3  -4  -4  -4   7  -4  -5  -5  -3  -4  -5  -4  -2  -3  -4  -5  -2    4   0   0   0   0   0   0  93   0   0   0   0   0   0   0   0   0   0   0   3  1.69 0.39
  327 R    -2   5   2  -2  -4   1  -1   0   1  -4  -3   2  -2  -3  -3   0  -2   2  -2  -3    0  48   9   0   0   4   0   9   3   0   0  14   0   0   0   7   0   3   0   0  0.62 0.21
  328 L    -1  -2  -3  -3  -2  -2  -3  -3  -3   3   2  -2   0   3  -3   0  -1  -2   0   2    3   2   0   0   0   0   1   1   0  25  20   0   0  20   0  10   3   0   0  14  0.28 0.13
  329 T    -1  -1  -1  -2  -2  -2  -2  -3   2   1  -1  -1  -1   3  -3   0   2  -1   4   0    4   2   3   0   0   0   0   0   5  10   1   4   0  16   0   7  24   0  21   3  0.31 0.15
  330 E    -1  -1   0   0  -3   0   4  -3  -1   0  -2  -1  -2  -3  -2   1   3  -3  -1   0    0   2   2   2   0   0  39   0   1   6   2   0   0   0   0  14  23   0   1   8  0.39 0.19
  331 V     1  -1  -3  -3  -2  -2  -2  -3  -3   3   1  -2   0  -1  -2   0   0  -3  -2   3   17   3   0   0   0   0   0   0   0  22  15   0   0   0   0   8   4   0   0  29  0.27 0.13
  332 G    -1  -2   4   1   2  -1  -1   0   0  -2  -3   0  -2  -3  -2   0   4  -4  -3  -2    4   0  26   7   5   0   0   8   3   2   1   5   0   0   0   0  38   0   0   0  0.45 0.20
  333 P     1  -1  -1  -1  -2  -1   0  -2  -2  -2   0  -1  -2  -3   5   2  -1  -3  -2  -1   13   3   2   2   0   0   5   2   0   1  12   1   0   0  32  22   2   0   0   3  0.50 0.15
  334 D    -2   1   3   3  -3   1   2  -2   0  -3  -1   1  -2  -2  -2  -1  -1  -3  -1  -3    0   7  21  20   0   8  14   0   1   0  10  11   0   1   0   0   0   0   3   0  0.33 0.13
  335 D    -1   1   2   2  -3  -1   0  -1  -1  -2  -3   2  -2  -3  -2   2   0  -3   0  -1    0  10  11  17   0   0   2   3   0   1   0  19   0   0   0  20   6   0   4   7  0.26 0.13
  336 D    -2  -2   3   1  -3  -2   0  -3   0  -1   1  -2  -1   4  -3  -2  -2  -1   3  -2    1   0  20  10   0   0   5   0   1   0  22   0   0  26   0   0   0   0  12   0  0.37 0.17
  337 E    -2   0   1   2  -3   0   1  -2  -2  -3  -3   2  -3  -4   5   0   0  -4  -3  -3    1   4   7  11   0   4   6   1   0   0   1  17   0   0  38   3   6   0   0   0  0.73 0.19
  338 K     0  -1   0  -2   1   3  -1  -2  -1   1   1   0   0  -1  -2  -1  -1  -2   1   0    7   1   4   1   3  25   1   1   0  15  21   5   0   2   1   1   2   0   5   3  0.14 0.10
  339 S     0   0  -1  -1  -1   0  -1  -1   1  -1   1   0  -1  -1   4   0  -1  -2  -1  -1    7   5   2   2   1   4   3   3   5   2  19   5   1   2  27   6   2   1   1   3  0.29 0.06
  340 W    -1  -1   1   0  -2   0   0   0   0   2  -1   0  -1  -1   0  -1  -1   3  -1   1    4   3   8   6   1   6   4   9   3  24   2   4   1   1   4   3   2   5   1   9  0.05 0.05
  341 L    -3  -3  -4  -5  -3  -3  -4  -2  -4   0   5  -4   1   0  -4  -4  -2  -3   0   0    0   0   0   0   0   0   0   3   0   0  85   0   0   3   0   0   0   0   4   4  0.88 0.27
  342 Q    -1   3   2  -1  -3   4   1  -2  -1  -3  -3   2  -2  -3  -2   0  -1  -3  -2  -1    5  24  11   0   0  30   4   1   0   0   1  10   0   0   0   6   1   0   0   6  0.44 0.17
  343 R    -2   2   0   3  -3   0   1  -1   1  -2  -2   0  -2   1  -2  -1   0   3   2  -2    1  14   3  26   0   3   6   3   4   0   2   3   0   9   0   3   9   5   8   2  0.25 0.11
  344 L    -2  -3  -4  -4  -2  -3  -4  -4   1   2   4  -3   2   1  -4  -1  -2  -3  -2   1    0   0   0   0   0   0   0   0   4  10  66   0   6   4   0   5   0   0   0   6  0.62 0.21
  345 N    -2   2   2   4  -4   2   0   2   1  -4  -4   0  -1  -4  -3  -1  -2  -4  -3  -4    0  14  11  31   0  13   2  17   3   0   0   4   2   0   0   2   0   0   0   0  0.47 0.16
  346 L    -1  -3  -4  -4  -2  -3  -3  -4  -4   3   3  -3   3  -1  -3  -2  -2  -3  -2   3    4   0   0   0   0   0   0   0   0  25  37   0  11   0   0   1   0   0   0  21  0.52 0.17
  347 M     0  -1  -1  -2  -2  -1  -2   0  -2  -2  -1  -2   1   2  -2   4   0  -3  -2  -2    6   2   0   0   0   2   0   6   0   0   6   0   6  11   0  57   4   0   0   0  0.45 0.23
  348 L     3  -1  -3  -4  -2  -2  -3  -2  -3   1   2  -2   2  -2  -3  -1  -1  -3  -2   2   42   4   0   0   0   0   0   0   0   3  21   0   7   0   0   0   0   0   0  23  0.37 0.18
  349 T     1  -1   1   0  -2   0   2   0  -1  -2  -1  -1  -1  -1  -2   2   2  -3   0  -1   12   0   6   1   0   4  21   6   0   1   5   0   0   2   0  15  19   0   3   4  0.18 0.10
  350 F    -1   3  -2  -3   2  -1  -2  -3   1  -1  -1   0   0   3  -3   0  -2   2   3   0    4  29   0   0   5   0   0   0   4   3   5   4   2  14   0   6   0   3  13   6  0.27 0.13
  351 T     0  -3  -3  -3  -2  -3  -3   2  -3   2   0  -3  -1  -1  -3  -2   0  -3  -2   3    9   0   0   0   0   0   0  24   0  10   7   0   0   3   0   0   7   0   0  39  0.33 0.15
  352 N    -1   0   4   2  -3   1   2  -2  -1  -2  -3   0  -2  -3  -2   1  -1  -4  -3  -1    1   3  33  14   0   5  17   0   0   2   1   3   0   1   0  13   0   0   0   7  0.42 0.16
  353 I    -2  -4  -4  -4  -2  -3  -4  -3  -3   4   4  -4   3   0  -4  -3  -2  -2   1   0    0   0   0   0   0   0   0   2   0  36  46   0   7   2   0   0   0   0   6   0  0.63 0.22
  354 T     0   1   3  -2  -3   0  -1  -3   2  -3  -3   1  -2  -1  -3  -1   2  -1   5  -2    8   7  18   0   0   2   1   0   5   0   0   8   0   0   0   1  22   0  27   0  0.42 0.19
  355 Q     0   2   0  -1  -3   4   3  -1  -1  -3  -3   2  -2  -4   1   0  -1  -3  -3  -2    7  10   4   0   0  26  20   2   0   0   0  14   0   0   8   7   0   0   0   1  0.43 0.16
  356 R    -2   0   5   0  -4  -2  -2   5  -2  -5  -5  -1  -4  -4  -3  -1  -2  -4  -4  -4    0   5  36   3   0   0   0  52   0   0   0   3   0   0   0   0   0   0   0   0  0.96 0.26
  357 S     4  -3  -2  -2  -2  -2  -2   2  -3  -3  -3  -2  -3  -4  -2   3  -1  -4  -3  -2   56   0   0   0   0   0   0  18   0   0   0   0   0   0   0  27   0   0   0   0  0.72 0.26
  358 M    -2  -3  -4  -4  -3   0  -3  -3  -3   3   3  -3   6  -1  -4  -3  -2  -3  -2   0    0   0   0   0   0   5   0   2   0  19  35   0  39   0   0   0   0   0   0   0  0.79 0.27
  359 S    -2  -3   1  -3  -2  -2  -3  -3  -2   1   2  -3   3   3  -3  -1  -1   0   2   1    0   0  10   0   0   1   0   0   0   5  23   0  11  19   0   6   0   1   8  15  0.29 0.14
  360 T     1  -3  -2  -3  -2  -2  -2   0  -3   0   2  -2   0  -2   1   1   0  -3  -2   1   17   0   0   0   0   0   0   9   0   2  33   0   0   0   8  12   3   0   0  16  0.21 0.12
  361 I    -3  -4  -4  -4  -5  -3  -3  -4  -4  -2  -5  -3  -4  -6   8  -3  -3  -6  -5  -4    0   0   0   0   0   0   0   0   0   3   0   0   0   0  97   0   0   0   0   0  2.67 0.48
  362 H    -3  -1   1  -1  -5   2  -2  -4   9  -4  -3   0  -3   2  -4  -2  -3  -3   1  -4    0   2   4   2   0   9   0   0  63   0   2   4   0  10   0   0   0   0   2   0  1.28 0.34
  363 Y    -4  -4  -4  -5  -4  -3  -4  -5  -1  -2  -3  -4   0   3  -5  -3   0   9   7  -3    0   0   0   0   0   0   0   0   0   2   0   0   3  11   0   0   6  35  43   0  1.71 0.37
  364 N    -3  -2   7  -1  -4  -2  -2  -2   3  -5  -5  -1  -4  -4  -4  -1   0  -5  -2  -4    0   0  82   0   0   0   0   0   8   0   0   1   0   0   0   2   5   0   1   0  1.48 0.39
  365 S     0  -2  -2  -2  -2  -2  -2  -2  -3   1   0  -2   2  -2   3   3   1  -4  -3   1    4   0   0   0   0   0   0   0   0  13   8   0   9   0  16  33   8   0   0   9  0.34 0.16
  366 H    -2   4   5  -1  -4  -1  -1  -2   1  -4  -4   3  -3  -4  -3  -1   0   1  -3  -4    0  24  41   0   0   0   0   0   3   0   0  22   0   0   0   2   5   2   0   0  0.74 0.25
  367 A     6  -3  -3  -3  -2  -2  -2  -1  -3  -3  -3  -2  -3  -4  -2   1   0  -4  -3  -2   87   0   0   0   0   0   0   2   0   0   0   0   0   0   0   8   3   0   0   0  1.04 0.33
  368 T    -2  -2   3  -2   2  -2  -2  -3   5   2  -2  -2   0  -1  -3  -1   3  -4  -1   0    0   0  22   0   5   0   0   0  22  17   0   0   3   2   0   0  27   0   0   3  0.48 0.22
  369 K     0  -1  -1  -1  -3  -1   2  -2  -2  -1  -2   1  -2   2  -2   2   0  -3  -1   1    5   0   1   0   0   0  20   0   0   0   1  13   0  12   0  28   4   0   1  15  0.23 0.15
  370 I    -1  -4  -4  -4  -2  -3  -4  -4  -4   5   1  -3   1  -1  -4  -3  -2  -3   0   4    5   0   0   0   0   0   0   0   0  47  10   0   3   0   0   0   0   0   3  31  0.66 0.22
  371 A     0  -3  -3  -4  -2  -3  -3  -2  -3   2   3  -3   1  -1  -3  -1   0  -3  -2   3   10   0   0   0   0   0   0   3   0   9  38   0   3   0   0   5   3   0   0  31  0.37 0.15
  372 L    -2  -3  -4  -4  -3  -3  -4  -4   0   1   0  -3  -1   3  -4  -3   0   0   6   2    0   0   0   0   0   0   0   0   1   7   7   0   0   9   0   0   7   0  46  23  0.77 0.25
  373 V     1  -4  -4  -4   2  -3  -4  -4  -4   2  -1  -3   2  -2  -4  -3  -1  -4  -3   5    9   0   0   0   5   0   0   0   0   9   0   0   5   0   0   0   0   0   0  71  0.80 0.27
  374 I    -1  -2   2   0  -2  -2  -1  -2  -2   1   2  -2   0  -2  -1  -1   3  -3  -2   0    2   0  15   5   0   0   4   1   0  12  28   0   0   0   2   0  30   0   0   1  0.26 0.16
  375 D    -1   2   2   2  -4   3   3  -1   0  -4  -4   2  -3  -4  -2  -1  -2  -4  -3  -3    3  15   9  10   0  14  30   5   1   0   0  11   0   0   0   2   0   0   0   0  0.48 0.16
  376 G    -2  -4  -2  -3  -4  -4  -4   7  -4  -6  -6  -3  -5  -5  -4  -2  -3  -4  -5  -5    0   0   0   0   0   0   0 100   0   0   0   0   0   0   0   0   0   0   0   0  1.92 0.40
  377 R    -1   2   1   1   1   2   3  -2   0  -3  -3   2  -2  -3  -2   0   0  -3  -1  -2    3  17   7   4   5   7  24   1   1   0   0  13   0   0   0   7   7   0   2   1  0.32 0.12
  378 G     3  -3  -2  -3  -3  -3  -3   5  -3  -3  -1  -2  -2  -3  -3   0  -2  -4  -3  -2   39   0   0   0   0   0   0  48   0   0   9   0   0   0   0   2   0   0   0   1  0.75 0.24
  379 H    -2   4   2   1  -4   1   1  -3   3  -3  -2   1   0  -2  -3  -1  -2   0   2  -3    0  31  12  11   0   5   7   0  11   0   4   4   5   0   0   0   0   1  10   0  0.40 0.16
  380 L     0  -4  -4  -4  -2  -3  -4  -4  -3   3   1  -3   0   2  -4  -3  -2  -2   2   4    6   0   0   0   0   0   0   0   0  18   8   0   0  11   0   0   0   0   8  49  0.54 0.20
  381 Q    -1   1  -2  -1  -5   6   4   0  -1  -4  -4   0  -3  -5  -3  -2  -2  -4  -3  -4    2   8   0   0   0  45  36   8   0   0   0   0   0   0   0   0   0   0   0   0  0.91 0.30
  382 I    -2  -3  -3  -4  -2  -3  -4  -4  -4   3   2  -3   3   2  -4  -3  -2  -3  -1   4    0   0   1   0   0   0   0   0   0  14  24   0  12   8   0   0   0   0   0  41  0.55 0.19
  383 S     1  -4  -2  -4  -2  -3  -4  -4  -4   2   0  -3  -1  -2  -4  -1  -1  -4  -3   6   10   0   2   0   0   0   0   0   0   4   4   0   0   0   0   3   0   0   0  77  0.80 0.28
  384 C     0  -2   3   1   5  -1  -1   2  -2  -2  -3  -2  -2  -1  -2   0   1  -3  -2  -2    4   1  20  10  17   1   1  22   0   1   1   1   0   3   1   5  10   0   0   1  0.35 0.12
  385 P    -1  -1   1   2   2   0   0  -2   1   0  -2  -1  -1  -2   4   0   0  -3  -2  -1    1   1   8  14   7   6   2   1   4   8   3   3   0   1  25   4   5   0   1   4  0.32 0.09
  386 H    -1   2   4  -1  -3   0  -1  -1   4  -3  -2   0  -2   0  -2   0  -1  -2   0  -2    5  16  30   1   0   3   2   4  17   1   2   4   0   5   1   3   1   0   3   1  0.36 0.12
  387 M    -1   0   2   0  -2   0  -1   4  -1  -2   0   0   0  -2  -2  -1  -1  -3  -2  -1    1   4  18   5   0   3   2  36   0   2  10   6   4   1   1   1   1   0   1   3  0.29 0.10
  388 S     0   0   1   1  -2   4   2  -2  -1  -3  -2   1  -2  -3  -1   1   0   2  -2  -2    4   1   7   5   0  30  15   1   0   1   2   8   0   1   2  12   4   3   1   1  0.34 0.12
  389 S     0   1   2   0  -2   2   0   0  -1  -2  -2   0  -1  -2   0   1   1  -2  -2  -1    8  11  14   1   0  12   6   6   1   1   2   3   1   1   4  15  10   0   1   4  0.17 0.06
  390 R    -1   2  -1  -1  -2   2   0   0  -1   0   0   0  -1   0  -1  -1  -1  -2  -1   2    2  13   1   2   0  19   5   9   1   2   6   1   1   4   1   4   1   0   1  26  0.11 0.08
  391 S    -1   0   0   0  -2   2   1   0  -1  -1   0   0  -1   2  -1   1  -1  -1   0  -1    3   2   2   6   1  18   8   9   1   2  10   4   1  12   2  12   2   1   1   3  0.08 0.04
  392 S     0   1   0   2  -2   2   1   1  -1  -2  -2   0  -1  -2  -1   1  -1  -2  -1  -2    3   7   2  17   1  14   9  15   1   2   4   5   1   2   2  11   2   1   1   3  0.18 0.05
  393 H    -1   0   0   2  -2   2   2   0   2  -2  -1   0  -1  -2  -1   0  -1  -2  -1  -2    3   3   2  13   1  13  19   9   6   2   5   6   1   2   2   7   2   1   1   3  0.18 0.05
  394 S     0   1   0   0   0   2   2   0   0  -2  -2   0  -1  -2  -1   1   0  -1  -1  -1    4   8   5   4   3  15  21   5   1   2   4   2   1   2   2  15   2   1   1   3  0.17 0.05
  395 K     0   1   0   0  -1   2   2  -1   1  -1  -1   1  -1  -1   0   0   0  -1  -1  -1    4   6   2   4   1  12  19   4   3   5   5  12   1   2   3   6   3   1   2   4  0.12 0.03
  396 H     0   1   1   0  -1   1   2   0   1  -1  -1   1  -1  -1   0   0   0  -1   0  -1    4   8   7   3   1   6  22   5   4   3   5   6   1   3   3   8   3   1   3   5  0.11 0.03
  397 D     0   0   0   2  -1   1   3   0   0  -1  -1   0  -1  -1   0   0   0  -1  -1  -1    4   3   4  12   1   6  25  10   1   3   5   3   1   2   3   6   3   1   3   4  0.14 0.03
  398 K    -1   2   1   2  -2   1   2   0   0  -1  -1   1  -1  -1   0   0   0  -1  -1  -1    4  13   7  11   1   5  17   5   1   3   6   9   1   2   3   4   3   1   2   3  0.13 0.03
  399 S     0   0   1   0  -1   1   1   0   0  -1  -1   1   0  -1   0   1   1  -1  -1  -1    4   5   9   3   1   7  15   6   1   2   4   8   3   2   3  10   8   1   1   5  0.10 0.02
  400 S     0  -1   2   1  -1   0   1   1  -1  -2  -2   0  -1  -2   1   2   0  -1  -1  -1    6   2  11   7   1   3   8  10   1   2   4   4   1   2   6  24   4   1   1   3  0.14 0.04
  401 P     0   2   0   0  -1   1   1   0  -1  -1   0   1   0  -1   1   0   0  -1  -1  -1    4  13   4   2   1   9  14   6   1   2  12   6   2   2   5   6   3   1   1   5  0.08 0.02
  402 S     0   1   0   0  -2   2   2   1   1  -2  -1   0  -1  -2  -1   1   0  -1  -1  -1    3   6   4   2   1  11  23  12   3   2   6   2   1   2   2  11   2   1   1   4  0.14 0.04
  403 Y    -1  -1   1  -1   1  -1  -1  -1  -1   0   0  -1   0   2  -1  -1  -1   0   3   2    3   2   8   2   3   2   3   3   1   2   6   4   1   9   2   3   2   1  17  25  0.10 0.05
  404 H    -1   3   0  -1  -2   2   1  -1   3  -2  -1   2   0  -1  -1   0  -1  -1   0  -1    4  19   2   2   1  10   9   2  10   3   3  15   3   1   2   3   3   0   4   2  0.20 0.06
  405 R     0   2   0  -1  -2   1   0  -1  -1   0   0   1   0  -1  -1   0   0  -2  -1   1    5  18   6   2   1   5   2   2   1   2  12  13   1   1   2   6   7   0   1  15  0.08 0.04
  406 I    -2  -2  -3  -3  -2  -2  -3  -3  -1   1   0  -2   1   5  -3  -2  -2   0   5   2    1   1   1   1   0   1   1   1   0   9   2   1   5  30   1   1   1   0  25  17  0.50 0.16
  407 S     0   3   3   2  -2   0   0  -1  -1  -2  -2   1  -2  -2  -1   1   1  -3  -2  -1    5  20  17  15   0   1   3   2   0   1   2   8   0   1   1   9   9   0   1   4  0.24 0.09
  408 S     3  -1   0   1  -2  -1   0   2  -1  -2  -2   0  -2  -1  -1   1   0  -2  -2  -1   35   1   4  11   0   1   3  14   0   1   2   9   0   3   1   8   4   0   1   1  0.20 0.09
  409 D    -1   3   0   1  -2   2   2  -2  -1  -2  -2   2  -1  -2   0  -1   1  -2  -2  -1    2  22   2   7   0  10  13   1   0   2   2  15   0   1   3   1  10   0   1   6  0.25 0.09
  410 L    -2  -4  -5  -5  -2  -3  -4  -5  -4   2   4  -4   0  -1  -4  -3  -2  -3  -2   4    0   0   0   0   0   0   0   0   0   4  59   0   0   0   0   0   0   0   0  36  0.78 0.26
  411 K    -1   3   1  -1   0   2   1  -1   0  -4  -3   2  -2  -4  -2   3   0  -4  -3  -3    0  17   5   0   2   9  10   1   2   0   0  11   0   0   0  40   2   0   0   0  0.44 0.19
  412 P    -1   2  -1  -1  -4   2   3  -3  -1  -3  -3   3  -2  -4   3  -1  -1  -4  -3  -2    5  14   0   0   0  11  28   0   0   0   1  20   0   0  15   2   2   0   0   3  0.52 0.18
  413 G    -2  -2  -2  -1  -4  -1  -3   7  -4  -5  -5  -3  -4  -5  -4  -2  -3  -4  -5  -5    0   2   0   3   0   2   0  93   0   0   0   0   0   0   0   0   0   0   0   0  1.64 0.37
  414 M    -2   0   0   5  -4   5   2  -2  -2  -4  -4  -1   0  -4  -3  -1  -1  -4  -3  -4    0   3   2  40   0  36   9   1   0   0   0   0   3   0   0   2   4   0   0   0  0.83 0.27
  415 V     0  -3  -4  -4  -2  -3  -4  -4  -4   3   3  -3   1  -1  -3  -2  -1  -3  -2   4    7   0   0   0   0   0   0   0   0  16  28   0   2   0   0   1   0   0   0  46  0.56 0.20
  416 F    -3  -4  -4  -5  -3  -4  -4  -5  -3   2   3  -4   0   6  -4  -4  -3  -1   0   1    0   0   0   0   0   0   0   0   0  10  29   0   0  51   0   0   0   0   0  10  0.87 0.26
  417 V    -1  -4  -4  -4  -2  -3  -4  -4  -4   3   0  -3   0  -2  -4  -2   0   1  -2   5    3   0   0   0   0   0   0   0   0  21   0   0   1   0   0   2   5   3   0  65  0.75 0.27
  418 V    -1  -4  -4  -4  -2  -4  -4  -5  -4   5   0  -4   1   2  -4  -3  -2  -3  -2   4    2   0   0   0   0   0   0   0   0  43   0   0   3  10   0   0   0   0   0  43  0.76 0.26
  419 P    -3  -4  -4  -4  -5  -3  -3  -4  -4  -5  -5  -3  -5  -6   8  -3  -3  -6  -5  -5    0   0   0   0   0   0   0   0   0   0   0   0   0   0 100   0   0   0   0   0  2.84 0.52
  420 P     3   2  -2  -2  -3   5   0  -2  -2  -2  -3   0  -2  -4   0   0  -2  -4  -3  -1   32  10   0   0   0  44   0   0   0   3   0   2   0   0   3   3   0   0   0   2  0.62 0.27
  421 G     0  -3   3  -2  -3  -2  -2   5   1  -4  -3  -2  -3  -1  -3   0  -2  -3   1  -3    7   0  22   0   0   0   0  51   3   0   3   0   0   3   0   4   0   0   5   0  0.68 0.21
  422 H    -3  -3  -2  -3  -4  -2  -3  -4   8  -3  -2  -3  -2   5  -4  -3  -3  -1   4  -3    0   0   0   0   0   0   0   0  45   0   0   0   0  35   0   0   0   0  15   0  1.29 0.33
  423 P     3  -2  -2  -2  -2  -2  -2  -2  -2  -2  -2  -2  -2  -3   6   0  -1  -3   0   0   30   1   1   1   0   1   1   1   0   1   1   1   0   0  44   5   3   0   4   7  0.86 0.21
  424 F    -1  -3  -3  -4  -2  -3  -3  -4  -3   2   0  -3   2   3  -3  -2  -1  -2   1   4    3   0   0   0   0   0   0   0   0   8   2   0   6  19   0   2   0   0   4  54  0.53 0.21
  425 V     3  -2  -2  -3   1   0  -2  -2  -3   1   0  -2   0  -2  -2   1   1  -3  -2   3   30   0   0   0   3   5   0   0   0   4   5   0   2   0   0   8  12   0   0  30  0.26 0.15
  426 T     0  -1  -2  -2  -2   1   0  -3  -1   2   1   1   1   1  -3  -1  -1  -3  -1   1   10   0   0   0   0   8   4   0   2  24   9  16   3   9   0   0   3   0   0  13  0.14 0.11
  427 I    -2   2   3  -1  -3   2  -1  -3   1   0  -1   3   1  -1  -3  -1   0  -3  -2   0    0  11  19   0   0  11   0   0   3   5   5  25   5   2   0   1   3   0   0   9  0.24 0.14
  428 A     5  -1  -2  -2  -2  -2  -2  -1   0  -2  -3   0  -2  -3   0   2  -1  -3  -1  -1   64   1   0   0   0   0   0   1   3   0   1   4   0   0   3  16   0   0   3   3  0.55 0.22
  429 S     1  -1   0  -1  -2   0  -1   1   1  -2  -2  -1  -2   1  -2   3   1  -3  -1  -2    7   3   2   0   0   3   2  12   4   2   3   0   0   8   0  43   9   0   0   0  0.28 0.15
  430 N    -1   2   1  -1  -3   2   2   1   0  -4  -3   1  -2  -3  -2   3  -1  -3  -1  -3    0  13   8   0   0  14  15  10   2   0   1   4   0   0   0  30   0   0   2   0  0.36 0.17
  431 K    -2   1   4   3  -3   0   2  -1   0  -3  -3   1  -2  -3  -2   0   0  -3  -2  -3    1   6  27  22   0   3  13   3   2   1   1   6   0   0   1   4   7   0   0   1  0.41 0.13
  432 E    -1   1   1   1  -2   2   3   1  -1  -2  -2   1  -2  -3  -1   0  -1  -2  -2  -1    2   8   6   7   0  11  26  14   0   1   3   5   0   1   1   8   1   0   1   4  0.24 0.08
  433 N     0  -1   4   1   0  -1  -1   2   0  -3  -3  -1  -2  -3   1   1   0  -3  -2  -2    4   1  34   8   2   1   1  18   2   1   2   1   0   1   8  10   3   0   1   1  0.36 0.12
  434 L    -1  -3  -4  -4   2  -2  -3  -2  -3   0   3  -2   0   5  -4  -3  -2  -2   0   0    4   0   0   0   6   2   0   3   0   0  44   3   0  33   0   0   0   0   0   3  0.51 0.20
  435 L     0   1   1   0  -3   2   3  -1   1  -1  -1   0  -1  -2  -2   0  -1  -3  -1   0    9  11  10   4   0  11  26   2   3   3   7   0   0   0   0   4   0   0   2   8  0.19 0.10
  436 M    -1  -3  -4  -4  -3  -3  -3  -4  -2   0   1  -2   2   3  -4  -3  -1   7   4   0    7   0   0   0   0   0   0   0   0   4  18   2   6  18   0   0   3  19  18   4  0.65 0.19
  437 I    -1  -3  -4  -4  -2  -3  -3  -4  -4   3   2  -3   1   0   0  -2   0  -3  -2   3    5   0   0   0   0   0   0   0   0  27  16   0   2   4   5   0   4   0   0  36  0.43 0.17
  438 C     3  -3  -2  -2   3  -2   0   4  -3  -2  -3  -2  -2  -3  -2   1  -1  -4  -3  -1   30   0   0   0   9   0   7  33   0   2   0   0   0   0   0  15   0   0   0   4  0.48 0.19
  439 F    -2  -4  -4  -5  -4  -4  -4  -4  -3   0   0  -3  -1   8  -5  -2  -3  -1   1  -2    3   0   0   0   0   0   0   0   0   5   5   2   0  81   0   3   0   0   0   0  1.40 0.36
  440 E    -1  -1  -1  -1  -3  -1   0   4  -2  -3  -3   3  -2  -1  -2   0   0  -3  -2  -1    3   0   0   2   0   0   5  35   0   0   0  34   0   4   0   3   7   0   0   5  0.40 0.17
  441 V    -1  -3  -2  -3  -2  -2  -3  -3  -3   4   0  -2   0  -2  -3  -1   4  -3  -2   2    1   0   0   0   0   0   0   1   0  35   7   0   0   0   0   2  40   0   0  12  0.49 0.20
  442 N    -2  -2   6   0  -3  -1  -2  -1   2  -4  -4  -2  -3  -3  -3   2   0  -4  -1  -4    0   0  65   0   0   0   0   3   4   0   0   0   0   0   0  19   2   0   3   0  0.97 0.29
  443 A     4  -2  -1   0  -1  -1  -1   0  -2  -2  -2  -1  -2  -2   1   1  -1  -3  -2  -1   61   1   1   6   0   1   1   5   0   1   2   1   0   1   6   8   1   0   1   1  0.45 0.16
  444 R    -1   1   2   3  -3   2   2  -1   1  -3  -3   2  -2   0  -2   0  -1  -3  -1  -2    1   7  12  19   0   9  17   2   3   1   1  13   0   6   1   3   3   0   1   1  0.29 0.10
  445 D    -1   0   6   1  -4  -1   0  -2   1  -3  -4   0  -3  -4   0   0   1  -4  -3  -3    3   4  55   7   0   0   6   0   4   1   0   3   0   0   4   1  11   0   0   0  0.71 0.24
  446 N     2  -2   6   0  -3  -1  -1  -2  -1  -4  -4  -1  -1  -4   1   2  -1  -4  -3  -3   20   0  51   3   0   0   0   0   0   0   0   1   1   0   7  15   0   0   0   0  0.70 0.25
  447 K    -2   0  -1   1  -3   4   2  -1   2   0  -2   1   3  -1  -2  -1  -1  -3   0  -1    0   3   2   6   0  28  12   4   7   8   0   7  14   2   0   0   4   0   3   1  0.27 0.16
  448 K    -1   4  -2  -2  -3   0  -1  -2  -2   1  -2   1  -1  -3   2  -1   0  -3  -2   1    3  38   0   0   0   2   3   2   0  12   1   8   0   0   9   4   4   0   0  12  0.33 0.15
  449 F     1  -1   4  -1  -2   1  -1  -1  -1   1  -2  -1   0  -1  -2   2   0  -3  -1   0   10   0  30   0   0  10   1   1   0  12   1   0   2   3   0  18   3   0   1   5  0.25 0.14
  450 T     0  -2  -1  -3  -2  -2  -2  -3   2  -1  -1  -2  -1   5   1  -1   2   2   1  -1    7   2   2   1   0   1   1   1   6   1   4   1   0  42   7   1  19   2   3   1  0.43 0.17
  451 F    -2  -3  -4  -5  -2  -3  -4  -5  -4   2   5  -4   2   0  -4  -3  -2  -3  -2   1    0   0   0   0   0   0   0   0   0  10  73   0   2   3   0   0   1   0   0  10  0.79 0.25
  452 A     5  -3  -3  -3  -2  -2  -2  -1  -3  -2  -3  -2  -2  -4   1   1  -1  -4  -3   0   77   0   0   0   0   0   0   1   0   0   0   0   0   0   5   9   1   0   0   7  0.81 0.30
  453 G    -1  -4  -2  -3  -4  -3  -4   7   1  -5  -5  -3  -4  -5  -2  -2  -3  -4  -4  -5    1   0   0   0   0   0   0  93   5   0   0   0   0   0   1   0   0   0   0   0  1.66 0.37
  454 K     0   3  -1  -1  -3   1   2  -2  -1  -2  -2   3   0  -3  -2   0   0  -3  -1  -1    4  21   0   0   0   5  14   0   0   0   2  28   2   0   0   8   8   0   2   5  0.34 0.15
  455 D    -2  -2   3   4  -3   1   1  -2  -2  -2  -3  -1  -2  -4  -2   0   2  -4  -3  -1    0   0  21  28   0   9   6   0   0   1   1   1   0   0   0   6  20   0   0   5  0.46 0.18
  456 N    -1  -2   5  -1  -3   1  -1  -2  -2  -4  -4  -2  -3  -4  -3   5  -1  -5  -3  -4    0   0  35   0   0   8   0   0   0   0   0   0   0   0   0  57   0   0   0   0  0.94 0.33
  457 I     0  -3  -2  -4  -2  -2  -3  -4  -1   2   1  -3   0  -1   0  -2  -1  -3   0   4    9   0   2   0   0   1   0   0   1  14  12   0   0   1   5   1   0   0   3  49  0.39 0.18
  458 V    -1  -3  -4  -4  -2  -3  -4  -4  -3   3   3  -3   3   2  -4  -2  -2  -2  -1   1    5   0   0   0   0   0   0   0   0  29  36   0   8  13   0   2   0   0   0   7  0.48 0.17
  459 S    -1   6   0  -1  -4   1  -1  -3  -2  -4  -3   1   0  -4  -3   2  -1   0  -3  -3    4  56   4   3   0   4   0   0   0   0   0   5   3   0   0  20   0   1   0   0  0.74 0.26
  460 S     3  -1   0  -2  -2   4  -1   1  -2  -2  -2   0   0  -3  -2   0   1  -3  -3  -1   33   0   5   0   0  27   0   9   0   0   0   4   4   0   0   5   8   0   0   3  0.34 0.18
  461 L    -2  -3  -4  -4  -2  -3  -4  -4  -4   3   4  -3   2  -1  -4  -2   0   2  -2   1    0   0   0   0   0   0   0   0   0  23  57   0   4   0   0   2   5   3   0   3  0.59 0.20
  462 D    -2  -3   1   3  -4  -1   1  -2  -1  -4  -4  -2  -4  -5   6  -2  -2  -5  -4  -4    0   0   7  24   0   2   9   2   1   0   0   0   0   0  53   0   0   0   0   0  1.26 0.28
  463 N     0   2   0   1  -3  -1   0  -2  -2  -1   1   0  -1  -2   1   0  -1  -3  -2   0    6  20   5  11   0   0   7   1   0   0  18   5   0   0   8   4   1   0   0  12  0.14 0.09
  464 V    -1  -1  -1   3  -4   3   3  -1   0  -3  -3  -1  -3  -4   1  -1   0  -4  -3  -1    4   0   0  25   0  20  28   4   3   0   0   0   0   0   7   0   5   0   0   5  0.52 0.20
  465 A     2  -4  -4  -4  -2  -3  -3  -3  -4   1  -1  -3  -1  -3  -3  -1  -1  -4  -3   6   20   0   0   0   0   0   0   0   0   0   2   0   0   0   0   3   0   0   0  75  0.83 0.31
  466 K    -2  -1  -2  -3  -3   0  -2  -4  -3   2   3   3   1  -1  -3  -2  -1   0  -2   1    0   0   1   0   0   3   0   0   0  17  35  26   2   0   0   1   3   2   0  10  0.29 0.16
  467 E     3   0  -1   0  -2   0   3   0  -2  -3  -3   0  -1  -3  -2   1   1  -4  -3  -2   38   4   0   5   0   3  23   4   0   0   0   4   1   0   0   8  10   0   0   0  0.36 0.17
  468 L     0  -2   4  -2  -3  -1  -2  -3   0   0   3   0  -1  -2  -3  -1   0  -4  -2   0    7   0  35   0   0   1   0   0   3   3  37   6   0   0   0   1   3   0   0   5  0.35 0.19
  469 A     4  -1  -2  -2  -2  -2  -2   0  -3  -2  -2  -2   0  -3  -2   2   2  -4  -3  -1   48   2   0   0   0   0   0   6   0   2   0   0   2   0   0  19  19   0   0   2  0.48 0.21
  470 F    -4  -4  -5  -5  -4  -4  -5  -5  -2  -2  -1  -4  -2   7  -5  -4  -4   0   5  -3    0   0   0   0   0   0   0   0   0   0   3   0   0  72   0   0   0   0  25   0  1.66 0.39
  471 N     0   2   2   0  -4   3  -1   2  -2  -4  -4  -1  -3  -4   4  -1  -2  -4  -3  -3    6  12  13   3   0  23   0  22   0   0   0   0   0   0  20   2   0   0   0   0  0.54 0.19
  472 Y     0  -3  -3  -3  -2  -3  -3   2  -3   3   2  -3   0  -1  -3  -2  -2  -3   0   2    4   0   0   0   0   0   0  24   0  27  19   0   0   0   0   2   0   0   3  20  0.34 0.15
  473 P    -1   1   0   1  -3   0  -1   1  -2  -4  -4   0  -3  -4   1   5   0  -4  -3  -3    0   7   1   7   0   3   2   8   0   0   0   4   0   0   6  62   0   0   0   0  0.60 0.25
  474 S     1   3   0  -2  -2   0   0   0  -1  -2  -1   0  -1  -3   1   1   1  -3  -1  -2   17  21   2   0   0   4   4   7   1   1   6   3   0   0   6  17   8   0   1   1  0.19 0.10
  475 E    -2   2   1   1  -4   3   4  -3   0  -4  -4   2  -3  -4  -2  -1  -2  -4  -3  -2    0  12   6   6   0  12  43   0   1   0   0  17   0   0   0   1   0   0   0   3  0.63 0.21
  476 M    -1  -1  -1   2  -4   3   5  -3  -2  -3  -2  -1   0  -4  -2  -1   0  -4  -3  -2    4   0   0  12   0  21  47   0   0   0   3   0   3   0   0   0   8   0   0   3  0.64 0.24
  477 V     4  -3  -3  -4  -2  -3  -3  -2  -3   2  -1  -3  -1  -2  -3  -1  -1  -4  -3   4   42   0   0   0   0   0   0   0   0  11   0   0   0   0   0   0   0   0   0  45  0.59 0.24
  478 N    -1   3   1   3  -4   2   3  -2  -1  -3  -3   1   0  -2  -2   0   0  -3  -2  -3    1  22   4  20   0   9  24   0   0   0   0   5   3   2   0   3   4   0   1   0  0.44 0.15
  479 G    -1   4   0  -1  -4   2   2   0  -1  -4  -3   2  -2  -4  -2   0  -1   2  -2  -3    2  32   2   0   0  11  18   8   0   0   0  17   0   0   0   4   1   3   0   0  0.48 0.17
  480 V    -2  -3  -4  -4  -2  -3  -4  -4  -4   3   4  -3   1  -1  -4  -3  -2  -3  -2   2    0   0   0   0   0   0   0   0   0  17  63   0   0   0   0   0   0   0   0  17  0.71 0.22
  481 F    -2   0  -2  -3  -3  -1  -2  -3  -2   2   2   4  -1   3  -3  -2  -2  -2  -1  -1    0   0   0   0   0   0   0   0   0  16  22  44   0  15   0   0   0   0   0   0  0.38 0.18
  482 L    -1   0   4  -1  -3  -1   0   0   2  -2  -1   2   0   1  -2   0   0  -3   0  -2    3   1  32   0   0   0   6   6   5   0   5  18   3   9   0   5   4   0   2   0  0.25 0.12
  483 L     1  -2   6  -1  -3  -1  -2   0  -1  -3  -2   0   0  -4  -3   2  -1  -4  -3  -3   12   0  55   0   0   0   0   6   0   0   3   3   4   0   0  15   2   0   0   0  0.66 0.23
  484 Q    -2   4   2  -2  -4   6   0  -3  -1  -4  -4   0  -2  -5  -3  -2  -2  -4  -3  -4    0  31  12   0   0  58   0   0   0   0   0   0   0   0   0   0   0   0   0   0  1.06 0.31
  485 R    -2   4   1  -1  -4   4   0  -3  -1  -4  -3   3  -2  -4   3  -1  -2  -4  -3  -3    0  25   8   0   0  31   0   0   0   0   0  21   0   0  13   2   0   0   0   0  0.63 0.16
  486 F    -2  -2  -2  -2  -3  -1   1  -3   2  -1   0  -2  -1   6  -3  -2  -2   0   4  -2    0   0   0   0   0   0  19   0   5   0   6   0   0  57   0   0   0   0  13   0  0.60 0.11
  487 L    -1  -2  -3  -3  -1  -2  -2  -3  -3   3   2  -2   2  -1  -2  -2  -1  -2  -1   3    1   0   0   0   0   0   1   1   0  21  13   1  12   0   0   1   1   0   0  47  0.30 0.05
  488 E    -1   1   0   3  -3   1   4  -2  -1  -3  -3   0  -2  -3  -1   0  -1  -3  -2  -3    1  12   0  25   0   0  47   1   0   0   1   1   0   0   0   9   1   0   0   1  0.50 0.05
  489 R     3   1  -2  -2  -1  -1  -1  -1  -2   0  -1  -1  -1  -2  -2   1   0  -3  -2   2   49  13   0   0   0   0   0   0   0   0   0   0   0   0   0  10   0   0   0  28  0.22 0.05
  490 K    -1   2   0  -1  -2   3   0   0   2  -2   0   2   0  -2  -1  -1  -1  -2  -1  -2    1  10   1   1   0  33   1   9  10   1  15  14   0   1   1   1   1   0   0   1  0.21 0.03
  491 L     0  -2  -1  -1  -2  -1  -1   1  -1  -1   1  -1   0   2   3   1   0  -1   0  -1    1   1   1   1   0   1   1  16   0   1  20   1   0  16  16  20   1   0   1   1  0.16 0.01
  492 I    -1   0  -1  -1  -2   2   0  -2  -1   1   0   1   0  -2   3  -1  -1  -2  -1   1    1   1   1   1   0  16   1   1   0  19   2  15   0   1  19   1   1   0   1  16  0.21 0.02
  493 G     1  -1   2   0  -2  -1  -1   4  -1  -2  -2  -1  -2  -2  -1   1   0  -2  -2  -2   16   1  16   1   0   1   1  38   0   1   2   1   0   1   1  16   1   0   1   1  0.33 0.02
  494 R    -1   4   0  -1  -3   2   0   1   0  -3  -2   1  -1  -2  -1  -1  -1  -2  -2  -2    1  52   1   1   0  16   1  16   0   1   2   1   0   1   1   1   1   0   1   1  0.38 0.03
  495 L     0   2   0  -1  -1   0  -1  -1  -1  -1   1   0   0  -1  -1   2   0  -2  -1  -1    2  19   1   1   0   1   2   2   1   1  24   1   1   1   1  38   1   0   1   2  0.11 0.01
  496 Y     1  -1  -1  -2  -2  -1  -1  -1   0  -1  -1  -1  -1   1   3   0  -1   1   5  -1   19   1   1   1   0   1   2   2   1   1   2   1   1   1  19   2   1   0  41   2  0.35 0.02
  497 H    -1  -1   0  -2  -3   0  -1  -2   7  -2  -2  -1  -1   3  -2   1  -1  -1   2  -2    0   0   0   0   0   0   0   0  57   0   0   0   0  25   0  18   0   0   0   0  0.52 0.04
  498 L    -1  -2  -2  -3  -1  -2  -2  -3  -2   1   4  -2   1   0  -2   1   0  -2  -1   0    0   0   0   0   0   0   0   0   0   0  78   0   0   0   0  22   0   0   0   0  0.29 0.02
  499 P    -1  -2  -2  -2  -3  -2  -1  -2  -2  -3  -3  -1  -3  -4   8  -1  -1  -4  -3  -3    0   0   0   0   0   0   0   0   0   0   0   0   0   0 100   0   0   0   0   0  2.12 0.04
  500 H    -2  -1   3   0  -3   0   2  -2   4  -2  -2  -1  -1   3  -2  -1  -1  -1   1  -2    0   0  23   0   0   0  22   0  26   0   0   0   0  29   0   0   0   0   0   0  0.31 0.02
  501 K    -1   2   0  -1  -3   4   1  -2   0  -3  -3   4  -1  -3  -1   0  -1  -3  -2  -2    0   0   0   0   0  36   0   0   0   0   0  64   0   0   0   0   0   0   0   0  0.50 0.02
  502 D     0  -1   1   4  -2   1   3  -1  -1  -3  -3   0  -2  -3  -1   2   0  -3  -2  -2    0   0   0  32   0   0  32   0   0   0   0   0   0   0   0  36   0   0   0   0  0.47 0.01
  503 R    -2   5   0   3  -4   1   0  -2  -1  -3  -3   1  -2  -3  -2  -1  -1  -3  -2  -3    0  68   0  32   0   0   0   0   0   0   0   0   0   0   0   0   0   0   0   0  0.59 0.02
  504 K    -1   1   0   4  -3   3   1  -2   0  -3  -3   3  -2  -3  -1   0  -1  -3  -2  -3    0   0   0  36   0  32   0   0   0   0   0  32   0   0   0   0   0   0   0   0  0.47 0.01
  505 E    -1   0   0   1  -4   2   5  -2   0  -3  -3   1  -2  -3  -1   0  -1  -3  -2  -3    0   0   0   0   0   0 100   0   0   0   0   0   0   0   0   0   0   0   0   0  0.78 0.02
  506 S     1  -1   1   0  -1   0   0   0  -1  -2  -2   0  -1  -2  -1   4   1  -3  -2  -2    0   0   0   0   0   0   0   0   0   0   0   0   0   0   0   0   0   0   0   0  0.00     0.00
  507 F    -2  -3  -3  -3  -2  -3  -3  -3  -1   0   0  -3   0   6  -3  -2  -2   1   3  -1    0   0   0   0   0   0   0   0   0   0   0   0   0   0   0   0   0   0   0   0  0.00     0.00
  508 F    -2  -3  -3  -3  -2  -3  -3  -3  -1   0   0  -3   0   6  -3  -2  -2   1   3  -1    0   0   0   0   0   0   0   0   0   0   0   0   0   0   0   0   0   0   0   0  0.00     0.00
  509 F    -2  -3  -3  -3  -2  -3  -3  -3  -1   0   0  -3   0   6  -3  -2  -2   1   3  -1    0   0   0   0   0   0   0   0   0   0   0   0   0   0   0   0   0   0   0   0  0.00     0.00
  510 P    -1  -2  -2  -1  -3  -1  -1  -2  -2  -3  -3  -1  -2  -3   7  -1  -1  -4  -3  -2    0   0   0   0   0   0   0   0   0   0   0   0   0   0   0   0   0   0   0   0  0.00     0.00
  511 F    -2  -3  -3  -3  -2  -3  -3  -3  -1   0   0  -3   0   6  -3  -2  -2   1   3  -1    0   0   0   0   0   0   0   0   0   0   0   0   0   0   0   0   0   0   0   0  0.00     0.00
  512 E    -1   0   0   1  -3   2   5  -2   0  -3  -3   1  -2  -3  -1   0  -1  -3  -2  -2    0   0   0   0   0   0   0   0   0   0   0   0   0   0   0   0   0   0   0   0  0.00     0.00
  513 L    -1  -2  -3  -3  -1  -2  -3  -3  -3   1   4  -2   2   0  -3  -2  -1  -2  -1   1    0   0   0   0   0   0   0   0   0   0   0   0   0   0   0   0   0   0   0   0  0.00     0.00
  514 P    -1  -2  -2  -1  -3  -1  -1  -2  -2  -3  -3  -1  -2  -3   7  -1  -1  -4  -3  -2    0   0   0   0   0   0   0   0   0   0   0   0   0   0   0   0   0   0   0   0  0.00     0.00
  515 R    -1   5   0  -2  -3   1   0  -2   0  -3  -2   2  -1  -3  -2  -1  -1  -3  -2  -2    0   0   0   0   0   0   0   0   0   0   0   0   0   0   0   0   0   0   0   0  0.00     0.00
  516 E    -1   0   0   1  -3   2   5  -2   0  -3  -3   1  -2  -3  -1   0  -1  -3  -2  -2    0   0   0   0   0   0   0   0   0   0   0   0   0   0   0   0   0   0   0   0  0.00     0.00
  517 E    -1   0   0   1  -3   2   5  -2   0  -3  -3   1  -2  -3  -1   0  -1  -3  -2  -2    0   0   0   0   0   0   0   0   0   0   0   0   0   0   0   0   0   0   0   0  0.00     0.00
  518 R    -1   5   0  -2  -3   1   0  -2   0  -3  -2   2  -1  -3  -2  -1  -1  -3  -2  -2    0   0   0   0   0   0   0   0   0   0   0   0   0   0   0   0   0   0   0   0  0.00     0.00
  519 G     0  -2   0  -1  -2  -2  -2   5  -2  -4  -3  -1  -3  -3  -2   0  -2  -2  -3  -3    0   0   0   0   0   0   0   0   0   0   0   0   0   0   0   0   0   0   0   0  0.00     0.00
  520 R    -1   5   0  -2  -3   1   0  -2   0  -3  -2   2  -1  -3  -2  -1  -1  -3  -2  -2    0   0   0   0   0   0   0   0   0   0   0   0   0   0   0   0   0   0   0   0  0.00     0.00
  521 R    -1   5   0  -2  -3   1   0  -2   0  -3  -2   2  -1  -3  -2  -1  -1  -3  -2  -2    0   0   0   0   0   0   0   0   0   0   0   0   0   0   0   0   0   0   0   0  0.00     0.00
  522 A     4  -1  -1  -2   0  -1  -1   0  -2  -1  -1  -1  -1  -2  -1   1   0  -2  -2   0    0   0   0   0   0   0   0   0   0   0   0   0   0   0   0   0   0   0   0   0  0.00     0.00
  523 D    -2  -2   1   6  -3   0   1  -1  -1  -3  -3  -1  -3  -3  -1   0  -1  -4  -3  -3    0   0   0   0   0   0   0   0   0   0   0   0   0   0   0   0   0   0   0   0  0.00     0.00
  524 A     4  -1  -1  -2   0  -1  -1   0  -2  -1  -1  -1  -1  -2  -1   1   0  -2  -2   0    0   0   0   0   0   0   0   0   0   0   0   0   0   0   0   0   0   0   0   0  0.00     0.00

                      K         Lambda
Standard Ungapped    0.1345     0.3182
Standard Gapped      0.0427     0.2670
PSI Ungapped         0.1393     0.3090
PSI Gapped           0.0427     0.2670
