
Last position-specific scoring matrix computed, weighted observed percentages rounded down, information per position, and relative weight of gapless real matches to pseudocounts
            A   R   N   D   C   Q   E   G   H   I   L   K   M   F   P   S   T   W   Y   V   A   R   N   D   C   Q   E   G   H   I   L   K   M   F   P   S   T   W   Y   V
    1 M    -1  -1  -2  -3  -1   0  -2  -3  -1   1   2  -1   5   0  -2  -1  -1  -1  -1   1    0   0   0   0   0   0   0   0   0   0   0   0   0   0   0   0   0   0   0   0  0.00     0.00
    2 A     4  -1  -1  -2   0  -1  -1   0  -2  -1  -1  -1  -1  -2  -1   1   0  -2  -2   0    0   0   0   0   0   0   0   0   0   0   0   0   0   0   0   0   0   0   0   0  0.00     0.00
    3 T     0  -1   0  -1  -1  -1  -1  -1  -2  -1  -1  -1  -1  -2  -1   1   4  -2  -2   0    0   0   0   0   0   0   0   0   0   0   0   0   0   0   0   0   0   0   0   0  0.00     0.00
    4 I    -1  -3  -3  -3  -1  -3  -3  -3  -3   4   1  -3   1   0  -3  -2  -1  -2  -1   2    0   0   0   0   0   0   0   0   0   0   0   0   0   0   0   0   0   0   0   0  0.00     0.00
    5 N    -1   0   5   1  -2   0   0   0   1  -3  -3   0  -2  -3  -2   1   0  -3  -2  -3    0   0   0   0   0   0   0   0   0   0   0   0   0   0   0   0   0   0   0   0  0.00     0.00
    6 L    -1  -2  -3  -3  -1  -2  -3  -3  -3   1   4  -2   2   0  -3  -2  -1  -2  -1   1    0   0   0   0   0   0   0   0   0   0   0   0   0   0   0   0   0   0   0   0  0.00     0.00
    7 S     1  -1   1   0  -1   0   0   0  -1  -2  -2   0  -1  -2  -1   4   1  -3  -2  -2    0   0   0   0   0   0   0   0   0   0   0   0   0   0   0   0   0   0   0   0  0.00     0.00
    8 L    -1  -2  -3  -3  -1  -2  -3  -3  -3   1   4  -2   2   0  -3  -2  -1  -2  -1   1    0   0   0   0   0   0   0   0   0   0   0   0   0   0   0   0   0   0   0   0  0.00     0.00
    9 L    -1  -2  -3  -3  -1  -1  -2  -3  -2   1   3  -2   4   0  -3  -2  -1  -2  -1   1    0   0   0   0   0   0   0   0   0   0  50   0  50   0   0   0   0   0   0   0  0.35 0.00
   10 P     3  -2  -2  -2  -1  -1  -1  -1  -2  -2  -2  -1  -2  -3   6   0  -1  -3  -2  -1   50   0   0   0   0   0   0   0   0   0   0   0   0   0  50   0   0   0   0   0  0.89 0.00
   11 K    -1   2   0  -1  -3   1   1  -2  -1  -3  -3   5  -1  -3  -1   0  -1  -3  -2  -2    0   0   0   0   0   0   0   0   0   0   0 100   0   0   0   0   0   0   0   0  0.52 0.00
   12 T     0  -1   0  -1  -1  -1  -1  -2  -2  -1  -1  -1  -1  -2  -1   1   5  -3  -2   0    0   0   0   0   0   0   0   0   0   0   0   0   0   0   0   0 100   0   0   0  0.50 0.01
   13 L    -2  -2  -4  -4  -1  -2  -3  -4  -3   1   4  -3   2   0  -3  -3  -1  -2  -1   1    0   0   0   0   0   0   0   0   0   0 100   0   0   0   0   0   0   0   0   0  0.48 0.01
   14 T     1  -1   0  -1  -1   0   0  -1  -1  -2  -2   0  -1  -2  -1   4   3  -3  -2  -1    0   0   0   0   0   0   0   0   0   0   0   0   0   0   0  74  26   0   0   0  0.42 0.01
   15 P     0  -2   0  -1  -2  -1  -1   2  -2  -2  -2  -1  -2  -3   4   2   2  -3  -2  -2    0   0   0   0   0   0   0  23   0   0   0   0   0   0  26  28  23   0   0   0  0.51 0.01
   16 N     1   3   3  -1  -2   0  -1  -1  -1  -2  -2   0  -1  -3  -2   1   2  -3  -2  -1   23  28  26   0   0   0   0   0   0   0   0   0   0   0   0   0  23   0   0   0  0.26 0.01
   17 S     0   2   0  -1  -1   0   0  -1  -1  -2  -2   0  -1  -3  -1   3   2  -3  -2  -1    0  18   0   0   0   0   0   0   0   0   0   0   0   0   0  59  22   0   0   0  0.35 0.02
   18 K    -1   5   0  -1  -3   1   0  -2   4  -3  -2   3  -2  -3  -2  -1  -1  -3  -1  -3    0  61   0   0   0   0   0   0  18   0   0  21   0   0   0   0   0   0   0   0  0.57 0.02
   19 T    -1  -2  -1  -2  -1  -2  -2  -2  -2   1   1  -2   0   2  -2   1   2  -1   0   0    0   0   0   0   0   0   0   0   0  18  18   0   0  20   0  22  21   0   0   0  0.14 0.01
   20 L     1  -2  -1  -2  -1  -1  -2  -2  -2   0   1  -1   0   3  -2   0   2  -1   0   0   20   0   0   0   0   0   0   0   0   0  21   0   0  22   0   0  37   0   0   0  0.17 0.01
   21 A     2   2  -1  -2  -1   0  -1  -1  -1  -1  -1   2   2  -2  -1   0  -1  -2  -2  -1   43  18   0   0   0   0   0   0   0   0   0  18  20   0   0   0   0   0   0   0  0.19 0.01
   22 P     1   2  -1  -1  -2   0  -1  -1  -1  -2  -2   0  -2  -3   5   1   0  -3  -2  -2   18  18   0   0   0   0   0   0   0   0   0   0   0   0  41  22   0   0   0   0  0.69 0.01
   23 L    -1  -2  -2  -3  -1  -2  -2  -3  -2   1   3  -2   1   0  -2   1   0  -2  -1   0    0   0   0   0   0   0   0   0   0   0  78   0   0   0   0  22   0   0   0   0  0.28 0.02
   24 L     1  -2  -3  -3  -1  -2  -2  -2  -3   3   2  -2   1   0  -2  -1  -1  -2  -1   1   22   0   0   0   0   0   0   0   0  39  39   0   0   0   0   0   0   0   0   0  0.24 0.01
   25 S     0  -1   0   0  -2   0   2  -1  -1  -3  -3   0  -2  -3   4   3   1  -3  -2  -2    0   0   0   0   0   0  20   0   0   0   0   0   0   0  22  57   0   0   0   0  0.51 0.02
   26 I    -1   0   2  -1  -2  -1  -1  -2  -1   1   1   1   0  -1  -2   0   1  -3  -2   0    0   0  18   0   0   0   0   0   0  21  22  20   0   0   0   0  18   0   0   0  0.10 0.01
   27 L     2  -2  -2  -3  -1  -2  -2  -1  -2   1   1  -2   0  -1  -2   0   0  -3  -1   2   41   0   0   0   0   0   0   0   0   0  21   0   0   0   0   0   0   0   0  39  0.19 0.01
   28 S     0   0   0  -1  -1   0   0  -1  -1  -2  -2   2  -1  -3  -1   3   3  -3  -2  -1    0   0   0   0   0   0   0   0   0   0   0  22   0   0   0  41  37   0   0   0  0.33 0.01
   29 T     0  -1   0  -1  -1  -1  -1  -1  -1  -1   0  -1   0  -2  -1   3   3  -3  -2  -1    0   0   0   0   0   0   0   0   0   0  15   0   0   0   0  52  33   0   0   0  0.28 0.01
   30 S     0  -2  -1  -1  -2  -1  -1  -1  -2  -2  -1  -1   1  -2   6   2   0  -3  -2  -2    0   0   0   0   0   0   0   0   0   0   0   0  15   0  47  38   0   0   0   0  0.78 0.02
   31 S     2   2  -1  -1  -1   0  -1  -1  -1  -1   0   0  -1  -2  -1   2   0  -3  -2  -1   35  19   0   0   0   0   0   0   0   0  13   0   0   0   0  33   0   0   0   0  0.20 0.01
   32 L     0  -2  -1  -1  -2  -1  -1  -2  -2  -1   0  -1  -1  -2   5   1   3  -3  -2  -1    0   0   0   0   0   0   0   0   0   0  15   0   0   0  32  15  38   0   0   0  0.52 0.02
   33 S     0  -1   0  -1  -1   0  -1  -1   3  -2  -3  -1  -2  -2   2   3   2  -3  -1  -2    0   0   0   0   0   0   0   0  15   0   0   0   0   0   9  65  11   0   0   0  0.42 0.04
   34 F    -2   0  -2  -3  -2  -2  -2  -3   2   0   1  -2   0   4  -3  -2  -2   0   4  -1    0   9   0   0   0   0   0   0   8   0  25   0   0  26   0   0   0   0  32   0  0.39 0.03
   35 L    -1  -2  -2  -1  -2  -1   1   2  -2   1   2  -1   0  -1  -2  -1  -1  -2  -2   0    0   0   0   0   0   0  23  27   0  17  33   0   0   0   0   0   0   0   0   0  0.16 0.02
   36 P    -1  -2  -2  -2  -2  -2  -2  -3  -2   0   0  -2  -1   4   4   0  -1  -1   1  -1    0   0   0   0   0   0   0   0   0   8   8   0   0  38  33  13   0   0   0   0  0.53 0.04
   37 C     0   2  -1  -2   6  -1  -1  -2  -2  -2  -2   0  -2  -3  -2   2   0  -3  -2  -2    0  24   0   0  38   0   0   0   0   0   0   0   0   0   0  38   0   0   0   0  0.51 0.05
   38 T     0   2  -1  -2   6  -1  -1  -2  -1  -2  -2   0  -1  -2  -2   1   1  -2  -2  -1    1  25   1   1  36   0   1   1   0   1   1   1   0   0   1  21   9   0   0   1  0.40 0.04
   39 R    -1   3   1   0  -3   1   2  -2   3  -2  -2   1  -1  -2  -1   0  -1  -2  -1  -2    2  37  10   1   0   1  23   1  14   1   2   1   0   1   1   1   1   0   1   1  0.33 0.02
   40 P    -1  -2  -2  -2  -1  -2  -2  -2  -2   3   0  -2   0   1   3   0  -1  -2  -1   2    1   1   1   1   0   0   1   1   0  46   1   1   0   8  21   8   1   0   0   9  0.28 0.03
   41 H    -1  -1   0   4  -2   0   0  -1   3  -2   0  -1  -1  -2  -1   1   1  -3  -1  -2    1   1   1  37   0   0   1   1  17   1  13   1   0   0   1  18   8   0   0   1  0.26 0.02
   42 P    -1  -1  -1   1  -2   0   2  -2  -1  -1  -2  -1  -1  -1   4   0   0  -2   1   0    1   1   1  12   0   0  25   1   0   1   1   1   0   0  24   1  10   0   8  13  0.35 0.02
   43 I     1  -1   0   3  -2   0   1   1  -1   0  -1  -1  -1  -2  -1   0   0  -3  -2   0   22   1   1  25   0   0  12   9   0   9   1   1   0   0   1   1   8   0   0   8  0.15 0.01
   44 K     3  -1  -1  -2  -1  -1  -1   2  -2   0  -1   0  -1   0  -1   0  -1  -2  -1   0   49   1   1   1   0   0   1  18   0   8   1   9   0   8   1   1   1   0   0   1  0.18 0.02
   45 S     0  -1   0  -1  -1  -1  -1  -1  -1  -2  -2  -1  -1   2  -1   4   1  -1   0  -1    1   1   1   1   0   0   1   1   0   1   1   1   0  20   1  70   1   0   0   1  0.31 0.04
   46 R    -1   4   0  -1  -3   1   0  -2   3  -3  -2   2  -1  -2  -2   1  -1  -2  -1  -2    1  51   1   1   0   0   1   1  15   1   1  12   0   0   1  13   1   0   0   1  0.42 0.03
   47 S     1   1   0   2  -2   2   1  -1  -1  -2  -2   0  -1  -2  -1   2   0  -2  -2  -2   16  10   1  12   0  14  12   1   0   1   1   1   0   0   1  29   1   0   0   1  0.24 0.02
   48 A     3   1  -1  -2  -1  -1  -1  -1  -2   0  -1  -1   0  -2  -1   0   1  -2  -1   2   45  10   1   1   0   0   1   1   0   1   1   1   0   0   1   1   9   0   0  28  0.16 0.02
   49 A     1   1   0  -1  -2   0  -1   3  -1  -1  -2   2  -1  -2  -1   1   0  -2  -2   0    9   9   1   1   0   0   1  28   0   1   1  23   0   0   1  15   1   0   0  10  0.20 0.02
   50 Y     0  -2  -3  -3  -2  -2  -2  -3  -1   0   2  -2   3   3  -3  -2  -1   0   4   0    9   0   0   0   0   0   0   0   0   0  26   0  22  16   0   0   0   0  28   0  0.32 0.03
   51 P    -1  -2  -2  -2  -2  -2  -2  -3  -3   1  -1  -2  -1   0   5  -1   1  -3  -1   1    0   0   0   0   0   0   0   0   0  21   0   0   0   8  44   0  15   0   0  12  0.67 0.04
   52 T     0  -2   0  -1  -2  -1  -1   3  -2  -1  -2  -1  -1  -3  -2   2   2  -3  -2   0    0   0   0   0   0   0   0  36   0   0   0   0   0   0   0  31  24   0   0   9  0.36 0.03
   53 V    -1  -2  -2  -3  -1  -2  -2  -3  -3   3   0   0   0  -1  -2  -1   1  -3  -2   3    0   0   0   0   0   0   0   0   0  23   0   9   0   0   0   0  11   0   0  56  0.27 0.04
   54 R     0   4  -1  -2  -2   0  -1  -2  -1   0   1   2   0  -2  -2  -1  -1  -3  -2   0    9  43   0   0   0   0   0   0   0   0  22  12   0   0   0   0   0   0   0  14  0.24 0.03
   55 A     2  -1   1  -1  -1  -1  -1   1  -1  -2  -2  -1  -2  -3   2   2   2  -3  -2  -1   29   0   8   0   0   0   0  12   0   0   0   0   0   0  11  25  15   0   0   0  0.32 0.02
   56 L    -1   2  -2  -2  -2  -1  -1  -3  -2   1   1   1   0  -1  -2  -1   0  -3  -2   2    0  23   0   0   0   0   0   0   0  14  20  11   0   0   0   0   9   0   0  22  0.15 0.02
   57 T     0   1  -1  -2  -2   0  -1  -2  -1   0   0   1   2  -2  -2   1   2  -2  -2   0    0  14   0   0   0   0   0   0   0   0  11  11  15   0   0  20  20   0   0   9  0.13 0.02
   58 D    -1  -1   0   4  -3   0   2   0  -1  -3  -3  -1  -2  -3   2   1   1  -4  -3  -2    0   0   0  44   0   0  14   8   0   0   0   0   0   0  11  11  12   0   0   0  0.47 0.03
   59 G     0  -1   0  -1  -2   2   0   4  -1  -2  -2   0   1  -3  -2   1  -1  -2  -2  -2    0   0   0   0   0  26   0  46   0   0   0   0  11   0   0  17   0   0   0   0  0.42 0.04
   60 E     1  -1   2   3  -2   0   1   1  -1  -3  -3  -1  -2  -3  -1   2   1  -3  -2  -2   12   0  11  23   0   0   9  11   0   0   0   0   0   0   0  27   8   0   0   0  0.31 0.02
   61 Y    -2  -2   1  -2  -3  -2  -2   0   0  -1  -1  -2  -1   4  -3  -1   0   1   5  -1    0   0   9   0   0   0   0   8   0   0   0   0   0  33   0   0   9   0  41   0  0.50 0.06
   62 S     1  -1   0  -1  -1   0  -1  -1  -1  -3  -3   1  -2  -2  -1   4   1  -2   1  -2    0   0   0   0   0   0   0   0   0   0   0   9   0   0   0  83   0   0   8   0  0.47 0.07
   63 S     0  -1   0   1  -2  -1  -1   1  -2  -3  -3  -1  -2  -3   3   3   1  -3  -2  -2    0   0   0   9   0   0   0  12   0   0   0   0   0   0  17  50  12   0   0   0  0.44 0.05
   64 R     0   0   1   0  -2   0   2  -2  -1  -1   0   0  -1  -2   1   1   1  -3  -2  -1    9   6  12   0   0   0  21   0   0   0  17   6   0   0   8   9  12   0   0   0  0.15 0.02
   65 R    -1   2   0  -1  -2   2   0  -2  -1  -1   0   3   0  -2  -2   1   0  -3  -2   0    0  12   6   0   0  12   0   0   0   0  17  32   0   0   0  12   0   0   0   9  0.18 0.03
   66 N     0  -1   3   1  -2   0   0   1   0  -3  -3   1  -2  -1  -2   2   0  -2   2  -2    0   0  23   9   0   0   0  12   0   0   0  12   0   0   0  33   0   0  12   0  0.28 0.04
   67 N    -1  -1   4   2  -3   1   0   2   0  -3  -3   0  -2  -3  -2   1   0  -3  -2  -3    0   0  42  17   0  12   0  17   0   0   0   0   0   0   0  12   0   0   0   0  0.47 0.04
   68 N    -1  -1   1  -1  -2  -1  -1  -2   4   0  -2  -1  -1   0   3   1  -1  -1   3  -1    0   0   6   0   0   0   0   0  18  12   0   0   0   0  17  23   0   0  23   0  0.32 0.04
   69 N    -1  -1   5   2  -2   0   0   1   0  -3  -3  -1  -2  -3  -2   2   0  -4  -2  -3    0   0  50  12   0   0   0  12   0   0   0   0   0   0   0  27   0   0   0   0  0.52 0.05
   70 N     0  -1   0  -1  -2  -1  -1  -1  -1  -1   0  -1  -1   2   4   1   0  -1   0  -1    1   1   7   1   0   1   1   1   0   1  11   1   0  18  29  23   1   0   1   1  0.36 0.03
   71 N     0  -1   3   0  -2   0   1  -1   0  -2  -2   0  -1  -1  -1   2   0  -1   2  -2    1   1  24   1   0   1  13   1   0   1   2   1   0   1   1  37   1   0  12   1  0.25 0.03
   72 S    -1  -2  -1   2  -2  -1  -1  -2  -2   0   0  -1  -1  -1  -2   1   2   6  -1   0    0   0   0  17   0   0   0   0   0  12  10   0   0   0   0  16  24  17   0   0  0.28 0.03
   73 G     0   2   0  -1  -2  -1  -1   3  -1  -3  -3   0  -2  -3  -2   2   1  -3  -2  -2    0  17   0   0   0   0   0  39   0   0   1   0   0   0   0  26  12   0   0   0  0.38 0.03
   74 E     0  -1   2   0  -2   0   3  -1  -1  -3  -3   0  -2  -3   2   2   1  -3  -2  -2    6   0  17   0   0   0  33   0   0   0   0   0   0   0  11  24   9   0   0   0  0.38 0.04
   75 E     0  -1   1   1  -3   1   0  -2   3  -3  -3  -1  -2  -2   5  -1  -1   5  -1  -3    9   0   9  12   0   6   6   0  12   0   0   0   0   0  34   0   0  12   0   0  0.63 0.04
   76 R     0   2   1   0  -2   1   1  -1  -1  -2  -2   2  -1  -3  -1   2   2  -3  -2  -2    1  11   9   0   0   0   9   1   0   0   1  28   0   0   0  21  17   0   0   1  0.26 0.02
   77 E    -1  -1  -1   2  -3   1   4   1  -1  -2  -1   0  -1   1  -2  -1  -1  -2  -1  -2    1   0   0   9   0   0  54  12   0   0   9   1   0  10   0   1   1   0   0   1  0.31 0.04
   78 T    -1  -2  -1  -2  -1  -1  -2  -2  -2   1   1  -1   3  -1  -2   0   3  -2  -1   2    1   0   0   0   0   0   1   1   0   0  12   1  26   0   0   1  35   0   0  21  0.21 0.04
   79 I     1  -2  -1  -2  -1  -1  -1  -2  -2   2   0  -1   0  -1   2   1   0  -3  -2   1   17   0   0   0   0   0   1   1   0  38   1   1   0   0  10  21   1   0   0   9  0.16 0.03
   80 M    -1   1  -2   0  -2  -1  -1  -3  -2   1   3  -1   2   0  -2  -2  -1  -2  -1   0    1  12   0  10   0   0   1   1   0   9  52   1  11   0   0   1   1   0   0   1  0.19 0.03
   81 L    -1  -2   0  -2  -2  -2  -2  -2  -1   0   2  -2   0   4  -2   0  -1  -1   1   1    1   0  10   0   0   0   1   1   0   0  27   1   0  36   0   9   1   0   0  12  0.20 0.03
   82 P    -1  -1   0   4  -3   0   2  -2  -1  -3  -3  -1  -2  -3   5  -1  -1  -3  -3  -3    1   0   0  36   0   0  18   1   0   0   1   1   0   0  38   1   1   0   0   1  0.82 0.04
   83 G     0  -2   0  -1  -3  -1  -2   5   3  -3  -3  -2  -2  -3  -2  -1  -2  -2  -2  -3    1   0   0   0   0   0   1  80  12   0   1   1   0   0   0   1   1   0   0   1  0.85 0.05
   84 C    -1  -3  -2  -3   8  -3  -3   2  -3  -2  -2  -3  -2  -3  -3  -1  -1  -2  -3  -1    1   0   0   0  71   0   1  21   0   0   1   1   0   0   0   1   1   0   0   1  1.02 0.07
   85 D    -1  -1   1   5  -3   0   1  -1  -1  -3  -3   0  -2  -3  -1   0   1  -3  -3  -2    1   0   0  72   0   0   1   1   0   0   1   9   0   0   0   1  12   0   0   1  0.67 0.05
   86 Y    -2  -2   0  -2  -2  -2  -2  -3   1  -1  -1  -2  -1   3  -3  -2  -1   1   6   0    1   0   9   0   0   0   1   1   0   0   1   1   0  18   0   1   1   0  54  12  0.51 0.05
   87 N    -1   0   3   1  -3   1   4  -2   0  -3  -3   2  -2  -3  -2   0  -1  -3  -2  -3    0   0  28   0   0   0  49   0   0   0   0  23   0   0   0   0   0   0   0   0  0.54 0.05
   88 H    -2  -1   0  -2  -3   0  -1  -3   8  -3  -2  -1  -2   2  -3  -2  -2  -2   2  -3    0   0   0   0   0   0   0   0  83   0   0   0   0  17   0   0   0   0   0   0  1.02 0.10
   89 W    -3  -3  -4  -5  -3  -3  -4  -3  -3  -3  -2  -4  -2   0  -4  -3  -3  11   2  -4    0   0   0   0   0   0   0   0   0   0   0   0   0   0   0   0   0 100   0   0  2.88 0.14
   90 L    -2  -2  -4  -4  -2  -2  -3  -4  -3   1   4  -3   3   0  -3  -3  -1  -2  -1   1    0   0   0   0   0   0   0   0   0   0  88   0  12   0   0   0   0   0   0   0  0.56 0.06
   91 I    -1  -3  -3  -3  -1  -3  -3  -4  -3   4   1  -3   1  -1  -3  -2  -1  -3  -2   4    0   0   0   0   0   0   0   0   0  52   0   0   0   0   0   0   0   0   0  48  0.47 0.05
   92 V    -1   3  -2  -2  -2  -1  -2  -3  -2   1   1   0   0  -2  -2  -1   1  -3  -2   2    0  29   0   0   0   0   0   0   0   0  11   0   0   0   0   0  18   0   0  42  0.21 0.04
   93 M    -1  -2  -3  -4  -2  -1  -3  -3  -2   2   1  -2   7   0  -3  -2  -1  -2  -1   1    0   0   0   0   0   0   0   0   0  12   0   0  80   0   0   0   0   0   0   8  0.59 0.09
   94 E    -1  -1   2   4  -3   1   4  -2  -1  -3  -3   0  -2  -3  -1   0  -1  -3  -2  -3    1   1  10  31   0   0  50   1   0   1   1   1   0   0   1   1   1   0   0   1  0.57 0.04
   95 F    -1   1  -1  -2  -3   0  -1  -2  -1  -2  -1   4  -1   4   1  -1  -1  -1   1  -2    0   0   0   0   0   0   0   0   0   0   0  56   0  36   8   0   0   0   0   0  0.38 0.06
   96 P    -1  -2  -2  -2  -3  -1  -1  -2  -2  -3  -3  -1  -3  -3   7   0  -1  -3  -3  -2    1   0   0   0   0   0   0   1   0   0   1   0   0   0  85   9   0   0   0   0  1.74 0.08
   97 K     0   0  -1  -1  -3   1  -1   4  -2  -3  -3   2  -2  -3   2   0   0  -3  -3  -3    0   0   0   0   0   8   0  45   0   0   0  28   0   0  11   0   7   0   0   0  0.47 0.04
   98 D    -1  -2   1   3  -2  -1   1   2  -2   0  -2  -1  -1  -3  -2  -1  -1  -3  -2   1    0   0  11  27   0   0   8  24   0   0   0   0   0   0   0   0   0   0   0  29  0.24 0.03
   99 P    -1  -1   1   0  -3   1   4   2  -1  -4  -3   0  -3  -4   3   0  -1  -3  -3  -3    0   0   9   0   0   0  50  23   0   0   0   0   0   0  18   0   0   0   0   0  0.55 0.05
  100 A     0  -1   1  -1  -1  -1  -1   0  -1   1   0   0   0   0  -2   0   1  -1   2   1   11   0  11   0   0   0   1   6   0  12  10   8   0   0   0   1   9   0  11  18  0.04 0.01
  101 P     1  -2  -2  -2  -2  -2  -2  -2  -3   0  -1  -2  -1  -3   6  -1  -1  -4  -2   2   16   0   0   0   0   0   0   0   0   0   0   0   0   0  55   0   0   0   0  29  0.94 0.06
  102 T     0  -1   0  -1  -1   0  -1  -2  -2  -1  -2  -1  -1  -3  -1   2   5  -3  -2  -1    0   0   0   0   0   6   0   0   0   0   0   0   0   0   0  23  71   0   0   0  0.51 0.06
  103 R    -1   4  -1  -1  -3   0   1  -2  -1  -3  -3   3  -2  -3   4  -1  -1  -3  -2  -3    0  34   0   0   0   0   7   0   0   0   0  36   0   0  24   0   0   0   0   0  0.66 0.06
  104 E     1  -1   1   2  -3   2   4  -1  -1  -3  -3   0  -2  -3  -1   0  -1  -3  -2  -2   22   0   9  12   0  13  44   0   0   0   0   0   0   0   0   0   0   0   0   0  0.44 0.05
  105 Q    -1   0  -1   0  -3   4   3  -2   2  -3  -2   0  -1   2  -2  -1  -1  -2   0  -2    0   0   0   0   0  45  30   0   9   0   0   0   0  17   0   0   0   0   0   0  0.49 0.07
  106 M    -1  -2  -3  -4  -2  -1  -3  -3  -3   2   1  -2   6  -1  -3  -2  -1  -2  -2   2    0   0   0   0   0   0   0   0   0  16   0   0  66   0   0   0   0   0   0  17  0.55 0.10
  107 I    -1  -3  -3  -3  -1  -2  -3  -3  -3   4   1  -2   0  -1  -3  -1   2  -3  -2   3    0   0   0   0   0   0   0   0   0  45   0   0   0   0   0   0  17   0   0  38  0.37 0.06
  108 D     0  -1   1   5  -3   1   2  -1  -1  -3  -3   0  -2  -4  -2   1  -1  -4  -3  -3    7   0   7  52   0   9  17   0   0   0   0   0   0   0   0   8   0   0   0   0  0.60 0.06
  109 T     1  -1   0  -1   4  -1  -1  -1   4   0  -2  -1  -1  -2  -2   3   1  -3  -1  -1    7   0   0   0  13   0   0   0  22   8   0   0   0   0   0  40   9   0   0   0  0.30 0.05
  110 Y    -2  -2  -2  -3   3  -2  -2  -3   4  -2  -1  -2  -1   3  -3  -2  -2   1   6  -2    0   0   0   0   9   0   0   0  17   0   0   0   0  17   0   0   0   0  56   0  0.78 0.08
  111 L    -1  -2  -1  -1  -2  -1   1  -3   3   2   1  -1   0  -1  -2  -1   1  -3  -1   2    0   0   0   0   0   0  15   0  17  12   9   0   0   0   0   0  13   0   0  33  0.17 0.04
  112 N    -1   3   1   0  -3   4   2  -2   0  -3  -3   2  -1  -3  -2   0  -1  -3  -2  -3    0  17   9   0   0  44  15   0   0   0   0  14   0   0   0   0   0   0   0   0  0.54 0.06
  113 T    -1  -2  -1  -2  -1  -1  -2  -2  -2   1   1  -1   3  -2  -2   0   4  -3  -2   0    0   0   0   0   0   0   0   0   0   7   9   0  17   0   0   0  67   0   0   0  0.41 0.08
  114 L    -2  -3  -4  -4   4  -3  -3  -4  -3   1   4  -3   1   0  -3  -3  -2  -2  -2   0    0   0   0   0  15   0   0   0   0   0  85   0   0   0   0   0   0   0   0   0  0.58 0.07
  115 A     3  -2  -2  -2  -1  -1  -2  -1  -2  -1  -1  -1   2  -1  -2   1   0   6  -1  -1   54   0   0   0   0   0   0   0   0   0   0   0  13   0   0   9   7  17   0   0  0.44 0.06
  116 T     0   1   0  -1  -2   2   0  -2  -1  -2  -2   3   1  -3  -1   2   1  -3  -2  -2    0   0   0   0   0  15   0   0   0   0   0  44   9   0   0  24   9   0   0   0  0.33 0.05
  117 V     0  -3  -3  -3  -1  -2  -3   1  -3   2   1  -2   0  -1  -3  -1  -1  -3  -2   3    9   0   0   0   0   0   0  15   0  17  17   0   0   0   0   0   0   0   0  42  0.23 0.04
  118 L    -2  -3  -4  -4  -2  -3  -3  -4  -3   2   4  -3   2   0  -3  -3  -1  -2  -1   2    0   0   0   0   0   0   0   0   0   5  79   0   0   0   0   0   0   0   0  16  0.51 0.06
  119 G     1  -3  -1  -2  -3  -2  -2   5  -2  -4  -4  -2  -3  -3  -3  -1  -2   4  -2  -3    8   0   0   0   0   0   0  82   0   0   0   0   0   0   0   0   0   9   0   0  1.02 0.08
  120 S     0  -1   3   0   2  -1  -1  -1  -1  -3  -3  -1  -2  -3  -2   4   1  -3  -2  -2    0   0  22   0   7   0   0   0   0   0   0   0   0   0   0  71   0   0   0   0  0.52 0.08
  121 M    -1   0  -1   0  -3   1   4  -3  -1  -1   0   2   1  -2  -2  -1  -1  -3  -2  -1    0   0   0   0   0   0  58   0   0   0   8  17   9   0   0   0   0   0   0   7  0.40 0.06
  122 E    -1   0   0   2  -4   2   5  -2  -1  -3  -3   2  -2  -4  -2  -1  -1  -3  -2  -3    0   0   0   8   0   7  70   0   0   0   0  16   0   0   0   0   0   0   0   0  0.71 0.07
  123 E    -2  -1   0   4  -4   1   5  -2  -1  -4  -4   0  -3  -4  -2  -1  -1  -4  -3  -3    0   0   0  31   0   0  69   0   0   0   0   0   0   0   0   0   0   0   0   0  0.84 0.08
  124 A     5  -2  -2  -2  -1  -1  -1   0  -2  -2  -2  -1  -1  -3  -1   1  -1  -3  -2  -1  100   0   0   0   0   0   0   0   0   0   0   0   0   0   0   0   0   0   0   0  0.65 0.10
  125 K    -1   2   1  -1  -3   3   1  -2   2  -3  -3   4  -2  -3  -2  -1  -1  -3  -2  -3    0  12   9   0   0  22   0   0   9   0   0  49   0   0   0   0   0   0   0   0  0.49 0.06
  126 K    -1   2  -1   1  -3   1   0   0  -1  -1  -1   3   2  -2  -2  -1  -1  -3  -2   0    0   9   0   9   0   7   0   9   0   0   0  37  17   0   0   0   0   0   0  13  0.18 0.04
  127 N     0   2   1  -1   3   0   0  -1  -1  -3  -3   3  -2  -3  -2   2   0  -3  -2  -2    0  11   9   0   9   0   0   0   0   0   0  32   0   0   0  39   0   0   0   0  0.34 0.05
  128 M    -2  -3  -3  -4  -2  -2  -3  -4  -3   4   2  -3   4   0  -3  -2  -1  -2  -2   2    0   0   0   0   0   0   0   0   0  57   9   0  33   0   0   0   0   0   0   0  0.48 0.08
  129 Y    -2  -2  -3  -4  -3  -2  -3  -4   1  -1  -1  -2  -1   2  -3  -2  -2   1   7   1    0   0   0   0   0   0   0   0   0   0   0   0   0   0   0   0   0   0  83  17  0.98 0.11
  130 A     2  -1   2  -1  -2   0  -1  -1   5  -3  -3  -1  -2  -1  -2   2   0  -2   2  -2   24   0  13   0   0   0   0   0  31   0   0   0   0   0   0  23   0   0   9   0  0.36 0.06
  131 F     0  -3  -2  -3   2  -2  -2  -3  -3   2   0  -2   0   1  -2   1   0  -2  -1   3    0   0   0   0   7   0   0   0   0  15   0   0   0   9   0  17   0   0   0  52  0.24 0.05
  132 S     0  -2   0  -1   4  -1  -1  -1  -1  -2  -2  -1  -2   1  -2   4   0  -2   1  -2    0   0   0   0  15   0   0   0   0   0   0   0   0   9   0  68   0   0   9   0  0.41 0.08
  133 T    -1   2  -1  -2   4  -1  -2  -2  -2  -2  -2  -1  -1  -2  -2   0   3   7  -1  -1    0  17   0   0  13   0   0   0   0   0   0   0   0   0   0   0  47  22   0   0  0.60 0.08
  134 T    -1   1   0   1  -3   2   2  -2   4  -2  -2   1  -2  -3  -2   1   2  -3  -1  -2    0   8   0   7   0   9  20   0  17   0   0   9   0   0   0   7  24   0   0   0  0.31 0.04
  135 T     0   3  -1  -2   2  -1  -1   2  -1  -2  -2   0  -2  -2  -2   1   2  -2   1  -2    0  26   0   0   8   0   0  17   0   0   0   0   0   0   0  18  22   0   9   0  0.24 0.04
  136 Y    -2  -2  -1   2  -3  -2  -1  -3   0  -2  -2  -2  -2   4  -3  -2  -2   1   6  -2    0   0   0  22   0   0   0   0   0   0   0   0   0  17   0   0   0   0  61   0  0.75 0.09
  137 T    -1  -1  -1  -2  -2   2  -1  -2   0  -1  -1  -1  -1   3  -2   1   1   0   4  -1    0   0   0   0   0  15   0   0   0   0   4   0   0  18   0  17  16   0  29   0  0.30 0.05
  138 G     1  -3  -1  -2  -2  -2  -2   6  -2  -4  -4  -2  -3  -3  -2   0  -2  -3  -3  -3   16   0   0   0   0   0   0  84   0   0   0   0   0   0   0   0   0   0   0   0  1.00 0.08
  139 F    -3  -3  -4  -4  -3  -4  -4  -4  -2  -1   0  -4  -1   7  -4  -3  -3   0   2  -1    0   0   0   0   0   0   0   0   0   0   0   0   0 100   0   0   0   0   0   0  1.18 0.12
  140 Q     1  -1  -1  -2   5   2  -1   3  -2  -3  -3  -1  -2  -3  -2   0  -1  -3  -3  -2   17   0   0   0  22  24   0  36   0   0   0   0   0   0   0   0   0   0   0   0  0.47 0.06
  141 C     3  -3  -3  -3   8  -2  -2  -1  -3  -2  -2  -2  -2  -3  -2   0  -1  -3  -3  -1   47   0   0   0  53   0   0   0   0   0   0   0   0   0   0   0   0   0   0   0  0.86 0.09
  142 T    -1   1   0   1  -2   0   1  -2   3   0   0   1  -1  -2  -2   0   1  -3  -1  -1    0   9   0   9   0   0  13   0  13   7  14  17   0   0   0   0  18   0   0   0  0.14 0.03
  143 V    -1  -3  -3  -4  -1  -2  -3  -4  -3   4   2  -3   3   0  -3  -2  -1  -2  -1   2    0   0   0   0   0   0   0   0   0  46  27   0  15   0   0   0   0   0   0  12  0.41 0.05
  144 T    -1  -1   0   4  -2  -1   0  -2   2  -2  -3  -1  -2  -3  -2   1   3  -3  -2  -2    0   0   0  40   0   0   0   0   9   0   0   0   0   0   0  14  37   0   0   0  0.46 0.06
  145 E    -1  -1  -1   1  -4   1   5  -3  -1  -1  -3   0  -2  -3  -2  -1  -1  -3  -2  -2    0   0   0   0   0   0  92   0   0   8   0   0   0   0   0   0   0   0   0   0  0.83 0.10
  146 E    -1   1   0   1  -3   2   3   0  -1  -3  -3   0  -2  -3   2   1  -1  -3  -2  -3    0   9   0   8   0   7  42   8   0   0   0   0   0   0   9  17   0   0   0   0  0.41 0.04
  147 T    -1  -1  -1  -1   3   2   1  -2  -1  -1   1  -1   0  -2  -2   1   2  -2  -2  -1    0   0   0   0  13  17  15   0   0   0  23   0   0   0   0   9  22   0   0   0  0.19 0.04
  148 S     3  -1  -1  -1  -1  -1  -1  -1  -2  -1  -2  -1  -1  -2  -1   3   1  -3  -2   0   39   0   0   0   0   0   0   0   0   0   0   0   0   0   0  44   9   0   0   8  0.35 0.06
  149 E    -1   0   1   0   2   1   2  -2   2  -2  -2   2  -1  -2  -2  -1   0  -2   1  -1    0   0   9   0   7   0  24   0   8   0   0  30   0   0   0   0   4   0   9   9  0.21 0.04
  150 K    -1   1  -1   0  -4   1   3  -2  -1  -3  -3   5  -2  -4  -1  -1  -1  -3  -2  -3    0   0   0   0   0   0  22   0   0   0   0  78   0   0   0   0   0   0   0   0  0.66 0.09
  151 F    -2  -3  -4  -4  -2  -3  -3  -4  -3   3   3  -3   1   3  -3  -3  -1  -1   0   1    0   0   0   0   0   0   0   0   0  26  43   0   0  24   0   0   0   0   0   7  0.40 0.05
  152 K     2   2  -1  -1  -2   0   1  -1  -1  -2  -2   3  -2  -3  -1   0  -1  -3  -2  -2   39  17   0   0   0   0  13   0   0   0   0  30   0   0   0   0   0   0   0   0  0.33 0.05
  153 G     0  -2   0   4  -3  -1   1   3  -2  -3  -4  -1  -3  -3  -2   1  -1  -4  -3  -3    7   0   0  45   0   0   8  32   0   0   0   0   0   0   0   9   0   0   0   0  0.56 0.05
  154 L    -1  -3  -4  -4  -2  -3  -3  -4  -3   2   4  -3   1   0  -3  -3  -1  -2  -1   2    0   0   0   0   0   0   0   0   0   0  78   0   0   0   0   0   0   0   0  22  0.51 0.06
  155 P    -1  -2  -2  -2  -3  -2  -1  -2  -2  -3  -3  -1  -3  -4   7   1  -1  -4  -3  -3    0   0   0   0   0   0   0   0   0   0   0   0   0   0  86  14   0   0   0   0  1.86 0.11
  156 G    -1  -2   1   2  -3  -1   0   5  -2  -4  -4  -1  -3  -4  -2  -1  -2  -3  -3  -3    0   0   8  17   0   0   9  66   0   0   0   0   0   0   0   0   0   0   0   0  0.75 0.06
  157 V    -1  -3  -3  -4  -1  -3  -3  -4  -4   2   0  -3   0  -1  -3  -2  -1  -3  -2   5    0   0   0   0   0   0   0   0   0   0   0   0   0   0   0   0   0   0   0 100  0.62 0.10
  158 L    -1   0  -2  -3  -2   0  -2  -3  -2   1   3   0   1  -1  -3  -2  -1  -2  -1   2    0   8   0   0   0   8   0   0   0   0  51   9   0   0   0   0   0   0   0  24  0.23 0.04
  159 W     0  -2  -2  -3  -2  -1  -2  -2   4  -2  -2  -2  -1   3  -3   0  -1   8   3  -2    9   0   0   0   0   0   0   0  17   0   0   0   0  20   0  13   0  32   8   0  0.76 0.07
  160 V    -1  -3  -3  -4  -1  -3  -3  -4  -4   3   1  -3   0  -1  -3  -2  -1  -3  -2   4    0   0   0   0   0   0   0   0   0  20   0   0   0   0   0   0   0   0   0  80  0.53 0.08
  161 L    -1  -2  -3  -3  -2   1  -2  -4  -3   3   3  -2   1   0  -3  -2  -1  -2  -1   2    0   0   0   0   0  13   0   0   0  26  52   0   0   0   0   0   0   0   0   9  0.33 0.05
  162 P    -1  -3  -3  -2  -3  -2  -2  -3  -3  -3  -4  -2  -3  -4   8  -1  -2  -4  -4  -3    0   0   0   0   0   0   0   0   0   0   0   0   0   0 100   0   0   0   0   0  2.30 0.13
  163 D    -2  -2   1   7  -4  -1   1  -2  -2  -4  -4  -1  -4  -4  -2  -1  -2  -5  -4  -4    0   0   0 100   0   0   0   0   0   0   0   0   0   0   0   0   0   0   0   0  1.26 0.11
  164 S     0   1   2  -1  -2   0  -1  -1  -1  -3  -3   0  -2  -3  -1   4   2  -3  -2  -2    0   9   9   0   0   0   0   0   0   0   0   0   0   0   0  69  13   0   0   0  0.46 0.07
  165 Y    -2  -2   1  -2  -3  -2  -2  -3   0  -2  -1  -2  -1   4  -3   0  -1   1   6  -2    0   0  13   0   0   0   0   0   0   0   0   0   0  26   0   9   0   0  52   0  0.64 0.08
  166 I    -2  -3  -3  -4  -2  -3  -3  -4  -1   3   1  -3   1   3  -3  -2  -1   0   3   2    0   0   0   0   0   0   0   0   0  33  14   0   0  22   0   0   0   0  17  13  0.36 0.04
  167 D    -1  -1   0   5  -3   0   2   1  -1  -2  -3   1  -2  -3  -2  -1  -1  -4  -3  -1    0   0   0  54   0   0  10  13   0   0   0  14   0   0   0   0   0   0   0   9  0.49 0.05
  168 V     0  -2  -1   1  -2   0  -1  -2  -2   0  -1  -1  -1  -2   4   1   0  -3  -2   2    0   0   0   9   0   5   0   0   0   0   0   0   0   0  30  23   0   0   0  32  0.43 0.05
  169 K    -1   1   0   2  -3   1   2   1  -1  -2  -1   1  -1  -3   1  -1  -1  -3  -2  -2    0   8   0  17   0   8  25  11   0   0  12  10   0   0   7   0   0   0   0   0  0.26 0.02
  170 N    -2  -1   6   2  -3  -1   0  -1   0  -3  -3  -1  -2   0  -2   0  -1  -4  -2  -3    0   0  83  11   0   0   0   0   0   0   0   0   0   6   0   0   0   0   0   0  0.79 0.08
  171 K    -1   2   2  -1  -3   1   0  -2  -1  -3  -3   5  -2  -3  -1   0  -1  -3  -2  -3    0   0  11   0   0   0   0   0   0   0   0  89   0   0   0   0   0   0   0   0  0.64 0.07
  172 D    -2   1   3   5  -3   0   1  -2  -1  -2  -3   0  -2  -3  -2   0  -1  -4  -3  -1    0  11  17  53   0   0   8   0   0   0   0   0   0   0   0   0   0   0   0   9  0.53 0.05
  173 Y    -2  -2  -3  -4  -3  -2  -3  -4   1  -2  -2  -2  -2   3  -3  -2  -2   2   8  -2    0   0   0   0   0   0   0   0   0   0   0   0   0   0   0   0   0   0 100   0  1.26 0.11
  174 G     0  -1  -1  -1  -3  -1   1   5  -2  -4  -4   1  -3  -3  -2  -1  -2  -3  -3  -3    0   0   0   0   0   0  12  71   0   0   0  17   0   0   0   0   0   0   0   0  0.73 0.05
  175 G     1  -2  -1  -2  -2  -2  -2   6  -2  -4  -4  -2  -3  -3  -2   0  -2  -3  -3  -3   16   0   0   0   0   0   0  84   0   0   0   0   0   0   0   0   0   0   0   0  0.97 0.06
  176 D    -2  -1   1   5  -4   0   4  -2  -1  -4  -4   0  -3  -4  -2  -1  -1  -4  -3  -3    0   0   0  65   0   0  35   0   0   0   0   0   0   0   0   0   0   0   0   0  0.87 0.06
  177 K    -1   0  -1   2  -3   0   0  -2  -2  -1   1   2  -1  -2   3  -1  -1  -3  -2  -1    0   0   0  22   0   0   0   0   0   0  25  31   0   0  21   0   0   0   0   0  0.33 0.03
  178 Y    -2  -3  -3  -3  -3  -3  -3   0   0  -1  -1  -3  -1   5  -3  -2  -2   1   5  -1    0   0   0   0   0   0   0  11   0   0   0   0   0  50   0   0   0   0  39   0  0.68 0.05
  179 V    -1  -1  -2  -1  -2  -1   1  -3  -2   2   0   0   0  -1  -2  -1  -1  -3  -2   3    0   0   0   0   0   0  19   0   0  15   0  11   0   0   0   0   0   0   0  54  0.20 0.03
  180 N    -1  -1   5   3  -3   0   1  -1   0  -3  -3   0  -2  -3  -2   1   0  -4  -2  -3    0   0  52  22   0   0   8   0   0   0   0   0   0   0   0  18   0   0   0   0  0.56 0.04
  181 G     0  -2   0  -1  -2  -2  -2   5  -2  -4  -4  -1  -3  -3  -2   1  -1  -3  -3  -3    0   0   0   0   0   0   0  82   0   0   0   0   0   0   0  18   0   0   0   0  0.91 0.05
  182 E    -1   0  -1   0  -3   1   4  -2  -1  -1  -2   2  -1  -3  -2  -1  -1  -3  -2   1    0   0   0   0   0   0  61   0   0   0   0  18   0   0   0   0   0   0   0  20  0.41 0.04
  183 I     2  -3  -3  -3  -1  -2  -2  -2  -3   3   1  -2   0  -1  -2  -1   0  -3  -2   3   27   0   0   0   0   0   0   0   0  45   0   0   0   0   0   0   0   0   0  27  0.26 0.03
  184 I     0  -2  -2  -2  -1  -2  -2  -3  -3   2   0  -2   0  -1  -2   0   3  -3  -2   3    0   0   0   0   0   0   0   0   0  21   0   0   0   0   0   0  38   0   0  41  0.29 0.03
  185 P    -1  -1  -1  -1  -3   3   0  -2   2  -3  -3  -1  -2  -3   6  -1  -1  -3  -2  -3    0   0   0   0   0  24   0   0  10   0   0   0   0   0  66   0   0   0   0   0  1.30 0.05
  186 C     1   3  -1  -1   4   0   0   1  -1  -2  -2   1  -1  -2  -1   0  -1  -2  -2  -1   20  36   1   1  14   1   8  13   0   1   1   1   0   0   1   1   1   0   0   1  0.24 0.02
  187 Q    -1   0  -1   0  -2   1   2  -2  -1  -2  -2   0  -2  -3   6   0   0  -3  -2  -2    1   8   1   1   0   8  20   1   0   1   1   1   0   0  48   1   8   0   0   1  0.80 0.02
  188 Y    -1  -1  -2  -2  -1   0  -1  -2  -1   1   0  -1   0   0   2  -1   0  -1   2   2    2   1   1   1   0   9   1   2   0   1   2   1   0   1  13   2   1   0  17  43  0.16 0.01
  189 P    -1   1  -1  -1  -3   0   1  -2  -1  -2  -2   2  -2  -3   6  -1  -1  -3  -2  -2    1   9   1   1   0   1  10   1   0   1   1  21   0   1  50   1   1   0   0   1  0.84 0.02
  190 T    -1   0  -1  -1  -1  -1   0  -2  -2   1   0  -1   0  -1  -1   0   3  -2  -1   1    1   9   1   1   0   1   9   1   0  13  10   1   0   1   1   1  37   0   0  14  0.12 0.01
  191 Y    -1   1  -1  -2  -2   1   0  -2   0  -1  -2   2  -1   0   2  -1   0   0   4  -1    0   8   0   0   0  12   0   0   0   0   0  20   0   0  13   0   9   0  30   8  0.27 0.02
  192 Q    -1   2   1   2  -3   3   1  -2   0  -3  -2   1  -1  -3  -2   1   1  -3  -2  -2    0  20   9  14   0  24   8   0   0   0   0   0   0   0   0  12  13   0   0   0  0.32 0.02
  193 P    -1   1  -1  -2  -3   1  -1   1  -2  -1   0   1  -1  -2   5  -1  -1  -3  -2  -2    0   8   0   0   0   9   0  12   0   0  20  13   0   0  38   0   0   0   0   0  0.53 0.02
  194 K    -1   3  -1  -1  -3   2   1  -2  -1  -2  -2   3  -1   2  -2  -1  -1  -2   0  -2    0  21   0   0   0   8  13   0   0   0   0  38   0  20   0   0   0   0   0   0  0.32 0.02
  195 Q     1  -1  -1  -1  -2   2   0   2  -1  -1  -1   0  -1  -3   2   0  -1  -3  -2   1   14   0   0   0   0  28   0  25   0   0   0   0   0   0  10   0   0   0   0  22  0.23 0.02
  196 S    -1   3   0  -1  -2   1   0  -2  -1  -2  -2   1  -1   1  -2   1   2  -2   0  -1    0  33   0   0   0  10   0   0   0   0   0   0   0  15   0  20  22   0   0   0  0.24 0.02
  197 R    -1   2   1   3  -3   0   0   2  -1  -3  -3   0  -2  -3   2   0   0  -3  -3  -3    0  20  10  25   0   0   0  22   0   0   0   0   0   0  14   0   9   0   0   0  0.37 0.02
  198 S     0   2   2  -1  -2   0  -1  -1  -1  -1   1   1   0  -2  -2   1   0  -3  -2  -1   10  14  19   0   0   0   0   0   0   0  22  10   0   0   0  24   0   0   0   0  0.14 0.01
  199 S     0  -1   0   1  -2   1   0  -2  -1  -1   0  -1  -1  -2   4   2   1  -3  -2  -1    0   0   0   9   0  10   0   0   0   0  15   0   0   0  24  32  10   0   0   0  0.36 0.02
  200 K    -1   3  -1  -2  -3   1   0  -2  -1  -2  -2   4  -1   2  -2  -1  -1  -2   0  -2    0  24   0   0   0   0   0   0   0   0   0  54   0  22   0   0   0   0   0   0  0.38 0.03
  201 Y    -2  -1  -2  -3  -3  -1  -2  -3   1  -2  -1   1  -1   3  -3  -2  -2   1   6  -2    0   0   0   0   0   0   0   0   0   0   0  15   0  14   0   0   0   0  71   0  0.70 0.04
  202 K    -1   0   2   0  -3   2   2  -2   4  -2  -2   1  -1  -2  -2   0   2  -3  -1  -2    0   0  11   0   0  12  20   0  22   0   0  12   0   0   0   0  23   0   0   0  0.32 0.02
  203 S     0  -1   1   3  -2   0   0  -1  -1  -3  -3  -1  -2  -3  -1   3   1  -3  -2  -2    0   0   0  33   0   0   0   0   0   0   0   0   0   0   0  67   0   0   0   0  0.48 0.03
  204 K    -1   3   0   0  -3   1   2  -2  -1  -3  -3   4  -2  -3  -1   0  -1  -3  -2  -3    0  23   0   0   0   0  23   0   0   0   0  54   0   0   0   0   0   0   0   0  0.51 0.02
  205 A     0   4  -1  -1  -3   0   0  -2  -1  -3  -2   3  -2  -3   3   0  -1  -3  -2  -2   12  45   0   0   0   0   0   0   0   0   0  23   0   0  20   0   0   0   0   0  0.53 0.02
  206 Y    -1  -1   1  -1  -2   0   1  -2   1  -2  -2  -1  -1   1  -2   0   2   0   5  -1    0   0  11   0   0   0  20   0   0   0   0   0   0   0   0   0  23   0  46   0  0.35 0.03
  207 V    -1  -1  -1  -1  -2   2   1  -2  -1   1   1  -1   0  -1  -2   0   0  -2  -1   2    0   0   0   0   0  20  12   0   0   0  23   0   0   0   0  11   0   0   0  34  0.13 0.01
  208 R    -1   5  -1  -1  -4   1   2  -2   0  -3  -3   2  -2  -3  -2  -1  -1  -3  -2  -3    0  80   0   0   0   0  20   0   0   0   0   0   0   0   0   0   0   0   0   0  0.71 0.04
  209 Q     1   3  -1  -1  -2   2   2  -1  -1  -3  -2   2  -1  -3  -1   0  -1  -3  -2  -2   23  33   0   0   0  12  20   0   0   0   0  12   0   0   0   0   0   0   0   0  0.35 0.02
  210 R     2   4  -1  -2  -2   0  -1  -1  -1  -2  -2   1  -1  -3  -2   0  -1  -3  -2  -1   43  57   0   0   0   0   0   0   0   0   0   0   0   0   0   0   0   0   0   0  0.43 0.03
  211 D    -1  -1   0   3  -3   1   4  -2  -1  -2  -2   0  -2   2  -2  -1  -1  -2   0  -2    0   0   0  24   0   0  53   0   0   0   0   0   0  23   0   0   0   0   0   0  0.45 0.03
  212 G     0  -1   0   0  -2   0   2   3  -1  -3  -3   0  -2  -3  -2   0   2  -3  -2  -2    0   0   0   0   0   0  33  40   0   0   0   0   0   0   0   0  27   0   0   0  0.39 0.01
  213 P    -1  -2  -2  -2  -3  -1  -1  -2  -2  -3  -3  -1  -3  -4   8  -1  -1  -4  -3  -2    0   0   0   0   0   0   0   0   0   0   0   0   0   0 100   0   0   0   0   0  2.08 0.02
  214 P    -1  -2  -2  -2  -3  -2  -2  -3  -2  -2  -1  -2  -1   3   6  -1  -1  -1   0  -2    0   0   0   0   0   0   0   0   0   0   0   0   0  33  67   0   0   0   0   0  1.21 0.02
  215 A     1  -2   0   3  -2  -1   0   3  -2  -3  -3  -1  -2  -3   3   0  -1  -3  -3  -2   20   0   0  27   0   0   0  33   0   0   0   0   0   0  20   0   0   0   0   0  0.50 0.01
  216 E    -1   0   0   1  -4   2   5  -2   0  -3  -3   1  -2  -3  -1   0  -1  -3  -2  -3    0   0   0   0   0   0 100   0   0   0   0   0   0   0   0   0   0   0   0   0  0.77 0.02
  217 Q     0   0   0  -1  -3   4   1   3   0  -3  -3   0  -1  -3  -2   0  -1  -2  -2  -3    0   0   0   0   0  60   0  40   0   0   0   0   0   0   0   0   0   0   0   0  0.51 0.00
  218 R    -1   5   0  -1  -3   1   0  -2   0  -3  -2   3  -1  -3  -2  -1  -1  -3  -2  -2    0  60   0   0   0   0   0   0   0   0   0  40   0   0   0   0   0   0   0   0  0.59 0.00
  219 R    -1   3   0  -1  -2   1   0  -2  -1  -2  -2   3  -1  -3  -1   0   3  -3  -2  -1    0  30   0   0   0   0   0   0   0   0   0  30   0   0   0   0  40   0   0   0  0.34 0.00
  220 P     0  -2  -1  -1  -2  -1  -1  -1  -2  -3  -3  -1  -2  -3   6   2   0  -3  -2  -2    0   0   0   0   0   0   0   0   0   0   0   0   0   0  60  40   0   0   0   0  1.10 0.00
  221 K    -1   3   0  -1  -3   0   0   3  -1  -3  -3   2  -2  -3  -2   0  -1  -3  -2  -3    0  30   0   0   0   0   0  40   0   0   0  30   0   0   0   0   0   0   0   0  0.45 0.00
  222 Q    -1   1   0   0  -3   6   2  -2   0  -3  -2   1   0  -3  -1   0  -1  -2  -1  -2    0   0   0   0   0 100   0   0   0   0   0   0   0   0   0   0   0   0   0   0  0.67 0.01
  223 E    -1   0   0   2  -4   2   5  -2   0  -3  -3   1  -2  -3  -1   0  -1  -3  -2  -3    0   0   0   0   0   0 100   0   0   0   0   0   0   0   0   0   0   0   0   0  0.73 0.00
  224 A     2  -2  -2  -2  -1  -1  -1  -1  -2  -2  -2  -1  -2  -3   6   0  -1  -3  -2  -1   50   0   0   0   0   0   0   0   0   0   0   0   0   0  50   0   0   0   0   0  0.88 0.00
  225 T     3  -1  -1  -1  -1  -1  -1  -1  -2  -1  -1  -1  -1  -2  -1   1   3  -3  -2   0   50   0   0   0   0   0   0   0   0   0   0   0   0   0   0   0  50   0   0   0  0.31 0.00
  226 P     2  -2  -2  -2  -1  -1  -1  -1  -2  -2  -2  -1  -2  -3   6   0  -1  -3  -2  -1   50   0   0   0   0   0   0   0   0   0   0   0   0   0  50   0   0   0   0   0  0.88 0.00
  227 E     0   0   0   1  -2   1   3  -1   0  -3  -3   0  -2  -3  -1   3   0  -3  -2  -2    0   0   0   0   0   0  50   0   0   0   0   0   0   0   0  50   0   0   0   0  0.43 0.00
  228 S     0  -1   1   4  -2   0   1  -1  -1  -3  -3   0  -2  -3  -1   3   0  -3  -2  -2    0   0   0  50   0   0   0   0   0   0   0   0   0   0   0  50   0   0   0   0  0.49 0.00
  229 S     1  -1   1   0  -1   0   0   0  -1  -2  -3   0  -2  -2  -1   4   1  -3  -2  -2    0   0   0   0   0   0   0   0   0   0   0   0   0   0   0 100   0   0   0   0  0.45 0.00
  230 T     1  -1   0  -1  -1   0   0  -1  -1  -1  -2   0  -1  -2  -1   3   3  -3  -2  -1    0   0   0   0   0   0   0   0   0   0   0   0   0   0   0  50  50   0   0   0  0.38 0.00

                      K         Lambda
Standard Ungapped    0.1285     0.3118
Standard Gapped      0.0375     0.2670
PSI Ungapped         0.1235     0.3007
PSI Gapped           0.0375     0.2670
