
Last position-specific scoring matrix computed, weighted observed percentages rounded down, information per position, and relative weight of gapless real matches to pseudocounts
            A   R   N   D   C   Q   E   G   H   I   L   K   M   F   P   S   T   W   Y   V   A   R   N   D   C   Q   E   G   H   I   L   K   M   F   P   S   T   W   Y   V
    1 M    -1  -2  -3  -3  -1  -1  -2  -3  -2   2   2  -2   5   0  -3  -2  -1  -2  -1   2    0   0   0   0   0   0   0   0   0   0   0   0  65   0   0   0   0   0   0  35  0.29 0.01
    2 S     1  -1   1   4  -2   0   2  -1  -1  -3  -3   0  -2  -3  -1   1   0  -4  -3  -2   17   0   0  50   0   0  15   0   0   0   0   0   0   0   0  17   0   0   0   0  0.46 0.00
    3 F    -2  -2   3  -1  -3  -2  -2  -2   0  -1  -1  -2  -1   5  -3  -1  -1   0   4  -2    0   0  35   0   0   0   0   0   0   0   0   0   0  47   0   0   0   0  17   0  0.39 0.01
    4 Y    -1   0  -1  -1  -3   3   1  -3   1  -2  -2   0  -1   1  -2  -1  -1   1   5  -2    0   0   0   0   0  33  13   0   0   0   0   0   0   0   0   0   0   0  54   0  0.47 0.01
    5 D     0  -1   2   1  -2  -1  -1   3  -1  -3  -3  -1  -2  -3   2   2   0  -3  -3  -3    0   0  11   9   0   0   0  32   0   0   0   0   0   0   9  39   0   0   0   0  0.41 0.01
    6 D    -1  -2   0   3  -3   0   2   2  -1  -3  -3  -1  -3  -4   5   0  -1  -4  -3  -3    0   0   0  27   0   0  22  20   0   0   0   0   0   0  31   0   0   0   0   0  0.66 0.01
    7 Q     0  -1  -1  -1  -1   1   1  -2  -2   0   2  -1   1  -1  -2   1   0  -2  -2   0    9   0   0   0   0   9  12   0   0   0  38   0   0   0   0  22   0   0   0   9  0.11 0.01
    8 S     0  -1   0  -1  -1  -1  -1   2  -2  -2  -2  -1  -2  -3   2   3   3  -3  -2  -2    0   0   0   0   0   0   0  22   0   0   0   0   0   0  11  39  29   0   0   0  0.38 0.01
    9 G    -1   1   2  -1  -3  -1  -1   4   2  -4  -3   0  -2  -3  -2   0  -1  -3  -2  -3    0  16  19   0   0   0   0  55  10   0   0   0   0   0   0   0   0   0   0   0  0.54 0.02
   10 N     0  -1   1   3  -2   0   2  -2  -1  -2  -2   1  -2  -3  -1   0   1  -3  -2  -1    7   0   8  30   0   0  22   0   0   0   0   8   0   0   0   0  17   0   0   8  0.30 0.01
   11 L     1  -1  -1  -1   3  -1   0  -2  -2   1   0   0   0  -2  -2   2   0  -3  -2   1    8   0   0   0   8   0   8   0   0  14   8   8   0   0   0  31   0   0   0  14  0.10 0.01
   12 S     0   0   2   0  -2   2   1  -1  -1  -3  -3   1  -2  -3  -1   4   1  -3  -2  -2    0   0   8   0   0  10   8   0   0   0   0   8   0   0   0  65   0   0   0   0  0.38 0.03
   13 P    -1  -1  -1   1  -3  -1   0   1  -2  -3  -3   0  -2  -3   6   0  -1  -3  -3  -2    1   0   0  14   0   0   0  10   0   0   1   8   0   0  54   9   0   0   0   0  0.93 0.02
   14 Q    -1   2   0  -1  -3   2   1   2  -1  -2  -1   3  -1  -3  -2   0   0  -3  -2  -2    0   9   0   0   0  15   5  19   0   0   6  31   0   0   0   6  10   0   0   0  0.25 0.02
   15 R    -1   3   0  -1  -3   1   1  -2  -1  -3  -3   4  -2  -3  -1   1   0  -3  -2  -2    0  17   0   0   0   0   8   0   0   0   0  59   0   0   0   9   7   0   0   0  0.46 0.04
   16 K     0   1   1  -1  -2   1   0  -1  -1  -2  -2   3  -1  -3  -1   1   2  -3  -2  -2    0   0   8   0   0   7   0   0   0   0   0  48   0   0   0  16  21   0   0   0  0.34 0.04
   17 L    -2  -3  -4  -5  -3  -2  -4  -4  -3   0   1  -1   9  -2  -4  -2  -1  -3  -3   0    1   0   0   0   0   0   0   0   0   2   5   4  82   0   0   2   3   0   0   2  1.47 0.35
   18 G     0  -2  -2  -3  -4  -3  -2   6  -3  -4  -4  -3  -3  -4  -3  -1   0  -4  -4  -2    7   2   0   0   0   0   1  80   0   0   0   0   0   0   0   0   5   0   0   4  1.19 0.23
   19 R    -3   7  -2  -3  -5   0  -2  -4  -2  -5  -4   2  -3  -5  -4  -3  -3  -5  -4  -5    0  92   0   0   0   2   0   0   0   0   0   7   0   0   0   0   0   0   0   0  1.77 0.38
   20 G    -1   3  -1  -2  -4   0  -1   4  -2  -3  -4   2  -3  -4  -3  -1  -1  -4  -3  -1    0  19   1   0   0   2   3  46   0   0   0  14   0   0   0   3   3   0   0   8  0.59 0.18
   21 K    -2   4  -2  -2  -5   0  -1  -3  -2  -4  -4   6  -3  -5  -2  -2  -2  -5  -3  -4    0  20   0   0   0   0   0   0   0   0   0  79   0   0   1   0   0   0   0   0  1.23 0.28
   22 I    -2  -1  -4  -4  -2  -2  -3  -4  -4   5   1  -3   1  -2  -4  -2   0  -4  -2   3    0   5   0   0   0   1   0   0   0  50   6   0   4   0   0   1   4   0   0  29  0.59 0.18
   23 E    -1   0  -1   0  -4   3   4  -3  -1  -3  -3   3  -2  -4  -1   0  -1  -4  -3  -2    4   1   1   3   0  14  41   0   0   0   0  23   0   0   2   6   1   0   0   3  0.57 0.17
   24 I    -3  -4  -4  -5  -2  -3  -4  -5  -4   5   3  -4   3  -1  -4  -4  -2  -3  -2   1    0   0   0   0   0   0   0   0   0  54  32   0  11   0   0   0   0   0   0   2  0.81 0.21
   25 K     0   2  -1  -1  -3   2   2  -3  -2  -3  -3   4  -2  -4  -2   1  -1  -4  -3   0    4   7   0   0   0  10  11   0   0   0   0  46   0   0   0  13   1   0   0   8  0.49 0.17
   26 R    -3   6  -2  -3  -4  -1  -2  -4  -2  -3   0   3   0   1   0  -2  -2  -3   1  -3    0  55   0   0   0   0   0   0   0   0  10  16   3   7   4   0   0   0   5   0  0.70 0.21
   27 I    -3  -5  -5  -5  -3  -4  -5  -5  -5   7   1  -4   2  -2  -4  -4  -2  -4  -3   1    0   0   0   0   0   0   0   0   0  89   4   0   4   0   0   0   0   0   0   2  1.28 0.30
   28 E     0  -1  -1   2  -4   1   5  -2  -2  -4  -3   0  -1  -4   0   0   0  -4  -3  -3    9   0   0   8   0   5  53   1   0   0   1   3   1   0   4   7   7   0   0   0  0.60 0.18
   29 N    -3  -2   7   4  -5  -2  -1  -2  -1  -5  -5  -1  -4  -5  -3  -1  -2  -5  -4  -5    0   0  70  23   0   0   2   1   0   0   0   3   0   0   0   2   0   0   0   0  1.31 0.29
   30 T     0   1  -1   2  -3   1   2  -2  -2  -2  -3   3  -1  -4   1   1   1  -4  -3  -2    9   4   1  11   0   3  11   0   0   1   1  32   1   0   5  12   7   0   0   1  0.32 0.11
   31 T    -1   2   1  -2  -2   0  -1  -2   0   1  -1   0  -1  -3  -2   2   3  -4  -2   0    2  16   8   0   0   1   0   0   2  12   3   6   1   0   0  22  23   0   0   4  0.24 0.12
   32 N    -1   1   5  -1  -3   0  -1  -1   1  -3  -4   1  -3  -2  -1   3   0  -4  -2  -2    2   7  37   0   0   1   0   1   3   0   0   7   0   2   3  29   5   0   0   2  0.48 0.17
   33 R    -3   7  -2  -3  -5  -1  -2  -4  -2  -4  -2   2  -3  -4  -4  -2  -3  -4  -3  -4    0  88   0   0   0   0   0   0   0   0   3   8   0   0   0   0   0   0   0   0  1.53 0.32
   34 Q     0   1  -2  -2  -4   6   0  -3   1  -2  -3   1  -2  -4  -3  -1  -1  -3   0  -2   10   5   0   0   0  63   0   0   4   3   0   8   0   0   0   2   1   0   3   1  0.82 0.25
   35 V     0  -3  -2  -3  -2  -3  -3  -4  -4   1   0  -3  -1  -2  -3   0   3  -4  -3   5    4   0   1   0   0   0   0   0   0   2   2   0   0   0   0   7  21   0   0  62  0.60 0.22
   36 T    -2  -2   0  -3  -3  -2  -2  -3  -3  -2  -3  -2  -2   0  -3   1   6  -4  -3  -2    0   1   4   0   0   0   0   0   0   0   0   0   0   5   0   8  82   0   0   0  1.10 0.31
   37 F    -4  -4  -5  -5  -4  -5  -5  -5  -3  -2   0  -5  -2   8  -5  -4  -4  -1   3  -2    0   0   0   0   0   0   0   0   0   0   7   0   0  84   0   0   0   0   9   0  1.68 0.33
   38 C     1   0   0  -2   2  -1  -1  -2  -2  -1  -3   1  -1  -3  -2   4   1  -4  -2  -1    7   5   4   0   6   0   0   0   0   6   0   9   1   0   0  50   9   0   1   2  0.39 0.17
   39 K    -2   1  -2  -2  -5   1  -1  -3  -2  -4  -4   7   1  -5  -3  -2  -2  -5  -3  -4    0   2   0   0   0   5   0   0   0   0   0  89   4   0   0   0   0   0   0   0  1.30 0.33
   40 R    -3   8  -2  -4  -5  -1  -2  -4  -2  -5  -4   0  -3  -5  -4  -3  -3  -5  -4  -5    0 100   0   0   0   0   0   0   0   0   0   0   0   0   0   0   0   0   0   0  1.94 0.41
   41 R    -3   6  -1  -3  -5   0   0  -3  -2  -4  -3   4  -3  -1  -3  -2  -2  -4  -3  -4    0  55   2   0   0   2   3   0   0   0   2  32   0   4   0   0   0   0   0   0  0.98 0.26
   42 N     1   0   4   0  -3   1   0   0   0  -3  -3   1  -2  -1   0   1   0  -4  -2  -2   16   2  29   2   0   6   2   6   2   0   1  12   1   3   4   7   6   0   0   0  0.28 0.12
   43 G    -1  -3  -2  -3  -4  -3  -4   7  -4  -5  -5  -3  -4  -5  -4  -1   0  -4  -5  -5    0   1   0   0   0   0   0  90   0   0   0   0   0   0   0   4   6   0   0   0  1.57 0.33
   44 L    -3  -4  -5  -5  -3  -3  -4  -5  -4   3   4  -4   3   1  -4  -4  -2  -3  -2   1    0   0   0   0   0   0   0   0   0  25  62   0   7   4   0   0   0   0   0   2  0.78 0.22
   45 L    -2  -2  -3  -4  -3  -3  -3  -4  -2   2   3  -1   4   4  -4  -3   0  -1   2   0    0   1   0   0   0   0   0   0   0  12  29   4  16  24   0   0   5   0   8   1  0.46 0.16
   46 K    -2   0   0  -1  -5   0   1  -3  -2  -5  -4   7  -3  -5  -3  -1  -2  -5  -4  -4    0   0   3   1   0   0   5   0   0   0   0  88   0   0   0   3   0   0   0   0  1.29 0.35
   47 K    -3   0  -2  -3  -5  -1  -1  -4  -3  -5  -5   7  -3  -5  -3  -2  -3  -5  -4  -4    0   0   0   0   0   0   0   0   0   0   0 100   0   0   0   0   0   0   0   0  1.67 0.41
   48 A     6  -3  -3  -4  -2  -3  -3  -1  -3  -2   0  -2  -2  -1  -3  -1  -1  -4  -3  -1   85   0   0   0   0   0   0   1   0   0   8   0   0   2   0   0   2   0   0   2  0.93 0.30
   49 Y    -2   2   1  -2  -3   1  -1  -3   5  -3  -2   1  -1   0  -3   1  -1  -2   4  -3    0  12   7   0   0   5   2   0  20   0   3   9   2   3   0  14   2   0  22   0  0.43 0.17
   50 E    -3  -2  -2   0  -6   2   7  -4  -2  -5  -5  -1  -4  -5  -3  -2  -3  -5  -4  -4    0   0   0   0   0   6  94   0   0   0   0   0   0   0   0   0   0   0   0   0  1.64 0.39
   51 L    -3  -4  -5  -5  -3  -4  -4  -5  -4   2   5  -4   1   1  -4  -4  -3  -3  -2   0    0   0   0   0   0   0   0   0   0  10  85   0   0   4   0   0   0   0   0   0  1.03 0.28
   52 S     1  -3  -1  -2   3  -2  -2  -2  -3  -3  -3  -2  -3  -4  -2   5   2  -4  -3  -1   12   0   0   0   8   0   0   1   0   0   0   0   0   0   0  64  10   0   0   4  0.75 0.26
   53 V    -2  -3  -3  -4  -2  -3  -3  -4  -4   3   0  -3  -1  -2  -3  -2   3  -4  -3   4    0   0   0   0   0   0   0   0   0  19   6   0   0   0   0   0  28   0   0  47  0.64 0.22
   54 L    -3  -4  -5  -5  -3  -4  -5  -5  -5   0   6  -4   0  -1  -5  -4  -3  -3  -3  -1    0   0   0   0   0   0   0   0   0   0 100   0   0   0   0   0   0   0   0   0  1.32 0.33
   55 C    -1  -5  -4  -5  11  -5  -5  -4  -5  -3  -3  -5  -4  -5  -5  -1   0  -5  -5  -3    2   0   0   0  88   0   0   0   0   0   0   0   0   0   0   3   7   0   0   0  2.56 0.46
   56 D    -2  -3   1   6  -5  -1   1   3  -3  -5  -5  -2  -4  -5  -3  -2  -3  -5  -4  -5    0   0   4  62   0   2   5  28   0   0   0   0   0   0   0   0   0   0   0   0  1.14 0.28
   57 A     4  -3  -1  -3   2  -2  -2  -2  -3   2  -2  -2  -1  -3  -2   1   0  -4  -3   2   49   0   4   0   6   0   0   0   0  13   0   0   0   0   0   7   5   0   0  16  0.41 0.18
   58 E    -2   0   0   3  -4   2   4  -3   0  -4  -4   2  -3  -4  -2   1  -1  -4  -3  -3    0   2   1  18   0  12  40   0   2   0   0  12   0   0   0  10   3   0   0   0  0.63 0.19
   59 V     1  -4  -4  -4  -2  -3  -4  -4  -4   3   0  -3   0  -2  -3  -2   0  -4  -3   5   14   0   0   0   0   0   0   0   0  23   4   0   0   0   0   0   3   0   0  57  0.67 0.22
   60 A     3  -3  -2  -3   6  -2  -3   2  -3  -2  -1  -2  -1  -3  -3   1  -1  -4  -3  -1   40   0   0   0  22   0   0  17   0   0   6   0   2   0   0   9   0   0   0   4  0.56 0.19
   61 L     1  -3  -4  -4  -2  -3  -3  -4  -4   2   3  -3   1   0  -3  -2  -2  -3  -2   3   14   0   0   0   0   0   0   0   0  10  47   0   2   4   0   0   0   0   0  23  0.48 0.16
   62 I    -2  -4  -4  -4  -2  -4  -4  -5  -4   5   2  -4   1  -1  -4  -3  -1  -4  -2   3    0   0   0   0   0   0   0   0   0  55  17   0   2   2   0   0   2   0   0  22  0.76 0.22
   63 V    -1  -4  -4  -4   2  -3  -4  -4  -4   4   0  -4   2  -1  -4  -3  -2  -3   0   4    4   0   0   0   5   0   0   0   0  41   1   0   7   0   0   0   0   0   4  37  0.65 0.21
   64 F    -1  -2  -4  -4  -3  -3  -4  -4  -2   0   0  -3  -1   6  -4  -2  -1  -1   4   1    4   2   0   0   0   0   0   0   0   4   3   0   0  51   0   3   3   0  19  10  0.83 0.23
   65 S     0  -2   1   0  -3  -2  -2   2  -2  -4  -4  -2  -3  -4  -3   5   0  -4  -3  -3    4   0   6   4   0   0   0  15   0   0   0   0   0   0   0  71   0   0   0   0  0.85 0.28
   66 T     0   0   1  -1  -2  -1   0  -1   1  -4  -4  -1  -3  -4   5   3   0  -4  -3  -3    6   5   7   1   1   1   6   3   4   0   0   1   0   0  32  29   4   0   0   0  0.63 0.18
   67 R     0   1   2   1  -2   0  -1  -1  -1  -2  -3   1  -2   0  -2   2   3  -3   0  -2    5  10  10   8   0   1   0   2   1   0   0  12   0   4   0  17  24   0   4   1  0.23 0.11
   68 G    -1  -2   3   0  -4  -2  -2   5  -1  -3  -4  -2  -3  -4   0  -1  -2  -4  -4  -4    3   1  15   3   0   1   0  64   1   2   0   1   0   0   6   1   0   0   0   0  0.90 0.22
   69 R    -1   3  -1   0  -4   0   1  -3   1  -3  -2   5  -2  -4  -1   0   0  -4  -3  -3    5  13   1   4   0   0   6   0   4   0   4  50   0   0   2   4   5   0   0   0  0.50 0.18
   70 L    -1  -3  -2  -4   0  -3  -3  -4  -3   2   4  -3   2   1  -2  -3  -2  -2  -1   2    4   0   2   0   2   0   0   0   0   7  56   0   5   5   2   0   0   0   2  13  0.47 0.15
   71 Y    -2  -3  -3  -4  -4  -1  -3  -4   4  -2  -2  -3  -2   4   0  -1  -2   5   6  -3    2   0   0   0   0   2   0   0  15   1   0   0   0  19   6   4   2  10  37   0  0.90 0.23
   72 E    -1  -1   0   2  -3   1   4  -3   1  -2  -2   0  -2  -3   2   1   0  -4  -3   0    1   0   2  10   0   6  39   0   3   1   2   1   0   0  10   9   7   0   0   7  0.41 0.14
   73 Y    -3  -3  -3  -2  -1  -3  -2  -4  -1  -2  -1  -2  -2   6   1   0  -3   3   5  -2    0   0   0   3   1   0   2   0   0   0   2   3   0  40   7   8   0   4  30   0  0.81 0.23
   74 A     2  -2  -1   0   5  -1   0   1  -2  -1  -2  -2  -2  -3  -2   3   0  -3  -3  -2   19   0   0   6  16   0   8   9   0   3   2   0   0   0   0  33   3   0   0   0  0.37 0.15
   75 N    -1   2   2  -1  -1   0   0  -2   3  -3  -3   0  -2  -3  -2   4   2  -4  -2  -3    0  11   9   0   1   3   3   0   8   0   0   2   0   0   0  46  15   0   0   0  0.47 0.19
   76 N    -1   0   0   1  -3  -1   2  -2  -2  -3  -3  -1  -3  -4   4   2   1  -4  -3  -2    2   4   4   9   0   1  14   0   0   0   0   1   0   0  24  26  11   0   0   3  0.50 0.15
   77 S    -1   0   2   2  -1  -1  -1   2  -2  -3  -3   2  -3  -4  -1   3   0  -4  -3  -2    0   3   9  10   2   1   0  14   0   0   0  17   0   0   1  34   3   0   0   4  0.34 0.17
   78 V    -1  -3  -4  -4  -2  -3  -3  -4  -3   2   2  -3   6  -1  -4  -3   0  -3   0   3    2   0   0   0   0   0   0   0   0   9  16   0  33   1   0   0   4   0   3  29  0.62 0.24
   79 K    -1   1   0   2  -3   2   3  -2  -1  -2  -2   2  -2  -3   0   0  -1   2  -2  -2    3   8   3  11   0  12  22   1   1   2   3  15   0   0   5   7   2   4   1   3  0.28 0.11
   80 G     0   2   1   2  -3   1   1  -1  -1  -3  -3   3  -2  -3   2   1  -1  -4  -3  -2    6  10   8  11   0   5   9   3   0   0   0  22   0   0  11   9   1   0   0   2  0.32 0.11
   81 T    -2  -3  -3  -3  -2  -3  -3  -4  -3   3   1  -3   3  -2  -1  -1   2  -3  -2   3    0   0   0   0   0   0   0   0   0  26  14   0   9   0   2   4  16   0   0  27  0.42 0.18
   82 I     0  -2  -3  -4  -2  -3  -3  -4  -3   4   3  -3   2   1  -3  -2  -1  -3   0   2    8   2   0   0   0   0   0   0   0  32  29   0   5   4   0   0   4   0   2  12  0.39 0.15
   83 E    -1   0   0   3  -3   0   4  -2  -2  -3  -2   0  -2  -3  -2   1   0  -4  -2  -3    4   5   1  23   0   3  32   1   0   1   5   5   1   0   0  14   3   0   1   0  0.43 0.17
   84 R    -1   5  -1  -2  -4   2   0  -1   1  -3  -2   3  -2  -2  -3  -1  -2  -3  -2  -2    5  44   0   0   0   9   5   4   4   0   3  19   0   1   0   2   0   0   0   2  0.59 0.21
   85 Y    -3  -3  -3  -3  -4  -2  -3  -4   0  -1   0  -3  -2   5  -3  -2  -3   0   7  -1    0   1   0   2   0   2   0   0   2   2   6   0   0  22   1   2   0   0  54   5  1.11 0.31
   86 K    -1   0   1   0  -3   3   2  -1   1  -1  -1   1   1  -2  -1   0   0  -3  -2  -1    2   5   6   2   0  22  13   4   4   5   6   8   7   0   2   7   5   0   1   1  0.18 0.10
   87 K    -2   3   0   0  -3   2   2  -1   0  -1  -2   3  -2  -3  -2   0   0  -3  -2  -2    1  17   4   4   0  12  16   3   2   5   3  21   0   0   1   4   7   0   0   1  0.32 0.15
   88 A     1  -1  -1  -2   3   0  -1  -2   2  -1   1  -1   0   0   0  -1   0  -2   3  -1   15   2   2   2   8   5   3   1   6   1  17   2   2   4   4   2   7   0  13   3  0.13 0.11
   89 C    -1  -1   1  -2   4   1  -1  -1   2  -1  -2   0  -2  -3   1   2   1  -3  -1   0    2   1   7   1  10   7   3   3   6   3   3   7   0   1   6  25   7   0   1   8  0.20 0.13
   90 T     0   0   0   0  -2   0   1   0  -1   0   0   0  -1   0   1   1  -1  -1   2   0    9   3   3   4   0   2  11   7   0   7   8   6   1   3   7  11   1   0  11   5  0.06 0.05
   91 D     0   0   2   2  -2   1   1   1  -1  -2  -1  -1  -1  -2   1   0   0  -3  -1  -2   10   4  14  14   0   8  10   9   0   1   7   1   2   1   6   3   7   0   3   1  0.16 0.09
   92 S     1  -1   0   2  -2   0   2  -1   2  -1  -1  -1  -2  -2  -1   1   1  -3  -1  -2   12   2   2  12   1   3  19   4   6   4   8   2   0   0   1  11  10   0   2   1  0.16 0.11
   93 P    -1   3   0  -1  -2   1   0  -1   2  -1   0   0  -1  -3   2   0   0  -3  -2  -1    2  21   5   2   1   8   5   3   6   3   9   3   1   0  13   7   7   0   0   6  0.20 0.12
   94 N    -1   0   2   2   0   1   2  -1   1  -3  -2   1  -2  -3  -2   1   1  -3  -2  -2    3   5  14  10   2   7  15   4   3   0   2   9   1   0   1  11  11   0   0   1  0.25 0.12
   95 T     0   0   1  -1  -3   0   0   1   0  -2   0   2  -1  -3   1   0   1  -3  -2  -1    9   3   8   1   0   3   4   9   2   0  13  16   1   0   6   7  13   0   0   4  0.12 0.10
   96 S     0   1   1  -1  -1   0   0  -1   0  -1   0   2  -1  -1   2   0   0  -3  -2  -1    5   7   9   2   1   4   3   4   2   4  10  16   1   2   9   9   7   0   0   5  0.10 0.07
   97 S     0   0   1   2   1   0  -1  -1   0  -1  -2   1   2  -2   1   1   0  -4  -2  -1    8   6   9  12   4   3   0   3   2   3   1  10   9   2   7  13   7   0   0   2  0.15 0.11
   98 V     0   1  -1   0  -2   0   0  -2   0   0   1  -1   1  -1   1  -1   0  -3  -1   1    6   9   2   4   0   5   5   1   3   3  22   2   3   1   9   3   6   0   1  14  0.08 0.08
   99 S     0  -1   1   2  -2   0   1  -2   2  -2  -2  -1   0  -1   0   1   1   5  -2  -2    7   3   5  12   1   3   8   0   6   2   3   2   3   3   5  16   8   9   0   1  0.22 0.14
  100 E    -1   0   1   2  -3   2   2  -2   1  -1  -1   0   1  -2   0   1  -1  -3  -2  -2    4   3   6  16   0   9  19   2   4   3   7   5   4   1   4  12   1   0   0   2  0.21 0.13
  101 A     0  -1   0   1   0   0   2  -2  -1   0  -1   0  -1  -1   0   1   1  -3   1  -1    6   2   2   8   3   2  14   1   1   9   4   6   2   2   4  17   8   0   5   2  0.10 0.09
  102 N    -1   0   2   2  -3   0   1  -2   3  -1  -1   0  -2  -3  -2   0   1  -3  -1  -1    3   3  12  15   0   4  10   0  11   5   5   5   0   0   1   6  12   0   2   6  0.21 0.13
  103 A     0   0   0  -1  -3   2   2  -2   2  -1  -1   0  -1  -1   1   0   0  -1   0   0   11   5   4   3   0  10  15   1   8   4   7   3   1   2   6   3   5   1   4   8  0.11 0.09
  104 Q    -1   0   0   1  -1   4   3  -1  -2  -1  -1   1  -2  -3  -2  -1   1  -3  -3  -1    3   3   5   8   1  23  19   5   0   3   7   9   0   0   0   1   8   0   0   4  0.30 0.18
  105 F    -2   0   2  -1  -3   1   0  -2   1  -2  -1  -1   1   4  -3   0   0  -2   3  -1    0   4  14   2   0   8   8   2   3   1   4   2   4  21   0   9   5   0  11   3  0.27 0.18
  106 Y    -2  -2   1  -1  -4  -1   0  -4  -2   0   3  -2   2   0  -4  -1  -3   6   1  -2    2   1  10   4   0   3   7   0   1   4  33   2   7   2   0   4   0  14   4   1  0.44 0.24
  107 Q    -1   2   1  -1   1   4   0  -3   0  -3  -3   2   0  -2  -1   1  -1   1   1  -1    4  12   7   1   3  23   2   1   1   1   1  11   2   1   3  12   1   2   6   4  0.31 0.21
  108 Q    -1   0   1   1  -1   3   1  -3   2  -3  -1   1   2  -3  -3   0  -1  -4  -2  -2    3   4   8   9   2  20  10   0   6   0   8   9   8   0   0   7   2   0   1   2  0.28 0.19
  109 E    -3   1   0   2  -5   1   5  -3  -1  -4  -5   2  -4  -5  -3   1   0  -5  -4  -4    0   6   3  11   0   4  46   1   1   1   0  11   0   0   0   9   5   0   0   0  0.78 0.34
  110 A     1  -3  -2  -1  -1  -2  -1  -3   2   3   0  -2   1  -1  -2  -1  -1  -2   3   2   14   0   1   4   1   0   3   0   5  20   9   2   5   0   2   4   3   0  14  13  0.22 0.17
  111 S     1   0   0   1  -1  -1   1  -1  -2  -2  -1  -1  -1  -2  -2   2   3  -3  -1  -1   14   5   4   6   1   2  12   3   0   1   8   2   1   1   1  15  21   0   1   2  0.19 0.16
  112 K    -1   4   0  -3  -4  -1   0   0   0  -2  -1   5  -3  -4  -1  -1  -1  -4  -3  -2    3  21   3   0   0   0   4   7   2   3   5  40   0   0   3   4   2   0   0   2  0.54 0.28
  113 L    -1  -1  -4  -3  -3  -3   1  -2  -3   0   4  -3   3   0  -4  -2  -3  -3  -2   1    4   4   0   0   0   0  12   2   0   3  50   0  10   3   0   2   0   0   1   7  0.53 0.28
  114 R    -2   3   0  -2  -4   1   0  -2  -3  -3  -3   5   0  -4  -3   0   1  -4  -4  -2    2  13   4   0   0   6   6   3   0   1   2  44   3   0   0   5   9   0   0   2  0.62 0.31
  115 Q     1   0   2   0  -2   2   3  -1  -1  -4  -4   2  -3  -4  -3   0   0  -4  -3  -3   16   5   9   4   1   9  23   3   1   0   0  16   0   0   0   7   4   0   0   0  0.39 0.22
  116 E    -3   2  -2  -1  -4   3   3  -4   2  -2  -2   3  -1  -4  -3  -2   1  -4  -3  -1    0  13   0   2   0  15  23   0   5   2   2  22   1   0   0   0   8   0   0   4  0.53 0.28
  117 I    -1  -2   2  -1  -1  -1  -2  -2  -2   3   2  -1   0  -1  -3  -2  -1  -3   1   2    4   0  12   3   1   3   0   3   0  21  22   4   1   1   0   1   3   0   5  13  0.21 0.16
  118 S    -1   0  -1   2   2   1   4  -3   1  -2  -1   0  -3  -4  -3   0  -1  -4  -3  -3    4   5   2  13   4   6  37   1   3   2   7   3   0   0   0   9   2   0   0   0  0.47 0.26
  119 S     0   0   3   1  -2   0   0  -2  -1   0   0   1   1  -1  -3   1   0  -3  -2  -1    5   3  16   7   1   2   5   0   1   4  13  13   4   3   0  12   5   0   1   4  0.13 0.12
  120 I    -1  -4  -5  -5  -4  -2  -2  -5  -4   0   5  -2   2  -2  -5  -4  -1  -2   0   0    4   0   0   0   0   2   3   0   0   4  66   2   5   0   0   0   3   0   4   6  0.85 0.38
  121 Q    -2   3   0  -1  -5   6   3  -4   0  -5  -4   1  -3  -5  -1  -1  -2  -5  -4  -4    2  17   3   1   0  41  19   0   2   0   1   5   0   0   2   3   1   0   0   1  0.92 0.42
  122 K    -1   3   0   1  -3  -1   1  -2   0   0   0   2  -2  -2  -3  -1   0  -4  -3   0    4  24   5   8   0   1   9   2   3   7  11  11   0   1   0   1   7   0   0   5  0.21 0.16
  123 N    -1   0   3  -1   1   1   2  -1   0  -2  -2   0  -2  -1  -3   2   1  -4  -2  -1    3   5  14   2   3   5  20   4   2   1   2   3   0   3   0  19   7   0   1   6  0.24 0.19
  124 N    -3  -1   4  -1  -4   3   0  -3   3   1   2   0   0  -3   0  -2  -2  -4  -2  -2    0   2  22   2   0  16   4   1   7   9  22   5   2   0   5   2   1   0   1   0  0.35 0.26
  125 R    -4   7  -3  -2  -5   0  -1  -5   2  -3  -2   2  -4  -5  -4   1  -3  -5  -4  -5    0  60   0   1   0   4   2   0   5   1   4  11   0   0   0  11   0   0   0   0  1.23 0.49
  126 N    -3   1   3   0  -5   3   2  -3   6  -4  -3   2  -3  -2  -1   0  -2  -4   0  -4    0   9  16   3   0  13  12   0  21   0   2  11   0   1   3   5   1   0   3   0  0.60 0.30
  127 M    -2   0  -4  -4  -3  -2  -2  -3  -3   1   3  -3   5   1  -4  -1  -2   2   2  -1    1   7   0   0   0   1   3   1   0   6  37   0  18   4   0   7   1   2   9   2  0.51 0.28
  128 M    -2   0  -3  -2  -3  -1  -1  -4  -2  -1   2   2   4   2  -3  -1   0   3   0   0    1   4   0   1   0   1   5   0   1   2  21  15  13  10   0   4   6   5   2   8  0.25 0.19
  129 G    -3  -2  -3   0  -5  -1   0   6  -4  -5  -5  -2  -5  -5  -2  -2  -4   0  -2  -3    0   3   0   6   0   2   8  69   0   0   0   2   0   0   2   2   0   1   2   3  1.23 0.46
  130 E    -3  -2  -2   2   4   2   5  -2   0  -4  -3   0  -4  -5   1  -1  -2  -5  -4  -3    0   0   1   9   9   7  50   3   2   0   2   4   0   0   6   3   1   0   0   1  0.82 0.37
  131 S    -1  -1   1   5  -2  -1   1   0  -1  -3  -1  -1  -3  -4   0   0   0  -4  -3  -1    4   3   7  36   1   2   8   7   1   0   7   3   0   0   4   8   4   0   0   4  0.40 0.22
  132 L    -1  -3  -4  -3  -3  -3  -2  -1  -4   2   4   0   1  -1  -4  -3  -2  -3  -3   1    5   0   0   1   0   0   3   6   0  14  49   8   3   2   0   0   0   0   0   6  0.47 0.25
  133 G    -1  -1   2   4  -4   1   2   2  -1  -3  -4  -1  -3  -4  -2   1  -1  -4  -2  -3    4   2   9  27   0   6  12  20   1   2   0   1   0   0   2  10   3   0   2   1  0.47 0.24
  134 S    -1  -1   2   0  -3  -1   2   1   0  -3  -2   0  -3  -2   2   2   1  -4  -3  -2    4   2  14   3   0   1  13  11   2   0   3   6   0   2  11  21   7   0   0   1  0.30 0.20
  135 L    -2  -4  -5  -5   3  -4  -5  -5  -4   0   4  -4   5  -1  -5  -2  -1  -3   1   1    2   0   0   0   7   0   0   0   0   3  52   0  17   1   0   2   3   0   5   8  0.83 0.37
  136 T    -2  -2   4   1  -4  -1  -2  -1  -2  -5  -5  -2  -4  -5  -2   5   3  -5  -4  -4    1   1  20   8   0   2   1   3   1   0   0   1   0   0   1  44  18   0   0   0  0.85 0.43
  137 V     0   0  -3  -4  -3  -3  -3  -4   1   2   2  -3   2   0   0  -1   0  -3   0   3    6   6   0   0   0   0   0   0   4  13  17   0   7   4   5   3   4   0   4  26  0.27 0.18
  138 R    -2   2   1   2  -5   0   4  -3  -2  -4  -4   3  -3  -5  -1  -1  -1  -5  -4  -2    1  12   5  12   0   2  30   0   0   0   0  24   0   0   2   2   4   0   0   4  0.61 0.30
  139 D    -2  -3   0   3  -5   2   6  -4   2  -5  -5  -1  -4  -5  -4   0  -2  -5  -4  -5    2   0   4  18   0  10  52   0   5   0   0   1   0   0   0   5   1   0   0   0  1.09 0.46
  140 L    -4  -5  -6  -6  -4  -5  -5  -6  -5   0   6  -5   1  -2  -5  -5  -4  -4  -1   0    0   0   0   0   0   0   0   0   0   3  88   0   2   0   0   0   0   0   2   3  1.53 0.55
  141 K    -2   2   1  -1  -4   4   2  -2   2   0  -2   1   1  -4  -1   0  -1  -4  -3  -2    0   9   6   2   0  27  12   2   6   6   3   7   5   0   3   6   2   0   0   2  0.38 0.24
  142 G     0  -1   2   1  -3   3   1   1   0  -2  -2   0  -1  -4  -3   1  -1  -4  -3  -2    7   2  11   9   0  20  10  12   2   2   3   5   1   0   0  11   2   0   0   2  0.29 0.19
  143 L    -3  -4  -5  -5  -1  -4  -5  -5   1   1   5  -4   2  -1  -5  -2  -1  -4  -1   0    0   0   0   0   1   0   0   0   3   7  71   0   4   1   0   3   3   0   2   3  1.01 0.42
  144 E    -3  -3  -3   0  -6   0   6  -2  -3  -2  -2  -1  -2  -2  -4   0  -1  -5  -4  -3    1   0   0   4   0   3  67   2   0   3   4   3   1   2   0   6   3   0   0   2  1.10 0.50
  145 T    -2   1   1   0   0   3   1  -2   2  -2   0   2  -1  -3  -3   1  -1  -3   0  -2    0   8   8   5   2  16  10   1   5   2  11  15   1   0   0  10   2   0   3   1  0.24 0.18
  146 K     0   1   0  -2  -4   6   0  -2   3  -4  -2   0   0  -2  -4   0  -1  -4   1  -4    8   6   4   1   0  44   3   2   6   0   3   3   2   2   0   7   3   0   5   0  0.68 0.37
  147 L    -4  -4  -5  -5  -3  -4  -5  -5  -5   3   5  -4   2  -2  -5  -4  -2  -4  -3   1    0   0   0   0   0   0   0   0   0  17  69   0   4   0   0   0   2   0   0   6  1.13 0.43
  148 E    -3  -1  -1   5  -6   1   6  -4  -2  -5  -4  -1  -2  -5  -4  -3  -2  -5  -3  -3    1   3   2  29   0   5  51   0   0   0   1   1   1   0   0   0   2   0   1   1  1.16 0.47
  149 K     0   0   2  -1  -2   1   0  -2   2  -1  -2   1   0  -1  -1   2   2  -3  -1  -2    6   6   9   2   0   6   3   2   5   4   2  10   2   2   2  16  19   0   2   1  0.18 0.15
  150 G     2  -3  -1  -3  -3   0  -2   2   0  -4  -4  -1  -3  -3  -3   4   0   2   2  -2   21   0   2   0   0   3   2  17   2   0   0   2   0   0   0  33   4   3   8   2  0.50 0.30
  151 I    -3  -4  -5  -5  -4  -3  -5  -5  -1   2   5  -4   1  -1   0  -4  -3  -4  -3   0    0   0   0   0   0   1   0   0   2  12  68   0   3   1   5   1   1   0   0   6  0.98 0.40
  152 S    -1   1   2  -1  -3   0  -1  -1   1  -1  -2   3  -1  -3  -3   2   1  -4   0  -2    2   8  11   2   0   2   1   4   4   3   5  20   1   0   0  22  10   0   3   1  0.26 0.20
  153 R    -1   2   1   0  -2   3   0   0   3  -2  -2   2  -1  -3  -3   0  -2  -4  -2  -1    2  14   5   3   1  15   3   8  11   1   4  16   2   0   0   7   1   0   0   6  0.29 0.19
  154 I    -1  -5  -5  -5  -3  -4  -5  -5  -5   5   0  -4  -1  -3  -4  -3   0  -5  -3   4    5   0   0   0   0   0   0   0   0  44   7   0   0   0   0   1   5   0   0  36  0.97 0.38
  155 R    -4   7   0  -4  -6   0  -1  -5  -1  -3  -3   0  -2  -5  -5  -2  -4  -5  -4  -2    0  74   5   0   0   4   2   0   1   2   2   3   1   0   0   2   0   0   0   4  1.51 0.54
  156 S     2  -1   0   1  -1   0   2  -1   0  -2  -2  -1  -1  -4  -3   3   1  -4  -3  -3   20   2   4   7   1   4  16   3   3   2   4   2   2   0   0  24   7   0   0   0  0.28 0.20
  157 K    -2   6  -3  -3  -5   2  -1  -4   3  -3  -4   3  -3  -5  -4  -2   0  -5  -4  -4    2  51   0   0   0   7   2   0   8   1   1  19   0   0   0   1   7   0   0   0  1.09 0.43
  158 K    -3   2  -3  -3  -5   2  -2  -4  -3  -5  -5   7  -4  -5  -4  -3  -1  -5  -4  -2    0   9   0   0   0  10   0   0   0   0   0  73   0   0   0   0   3   0   0   2  1.46 0.53
  159 N    -1  -2   3   1   1  -2   1  -2   1   0  -2  -2   2  -2  -3   0   3  -3   1  -2    5   0  17   9   3   0  12   2   3   6   2   0   7   1   0   4  21   0   7   0  0.27 0.21
  160 E    -2   1  -1   0  -5   5   4  -4   4  -5  -4   1  -3  -5  -3  -2  -3  -4  -3  -4    3   6   1   4   0  34  29   0  11   0   1   8   0   0   0   0   0   0   0   0  0.93 0.39
  161 L    -1  -3  -3  -4  -1  -1  -3  -4  -1   2   3  -1   1   1  -3  -1   0  -3   0   2    3   0   1   0   1   2   0   0   1  12  39   5   3   7   0   5   5   0   3  12  0.33 0.18
  162 L    -3  -2  -5  -5  -3  -3  -4  -3  -4   2   4  -4   7   0  -5  -4  -3  -3   0   0    0   2   0   0   0   0   0   2   0  10  40   0  34   3   0   0   0   0   3   4  1.00 0.39
  163 F    -1  -1  -1  -2  -2   1   0  -1   1   1   1   1   3   1  -3   0   0  -2   0  -1    3   2   3   0   1   6   6   6   5  10  14  10  14   7   0   5   5   0   2   2  0.09 0.11
  164 A     0  -1   2   3  -4   3   3  -1   1  -4  -4   1  -3  -4  -3   0  -1  -4  -3  -3    8   2  13  15   0  16  23   4   4   0   1   6   0   0   0   5   2   0   0   1  0.46 0.22
  165 E    -3  -2  -2  -1  -4   6   4  -4   1  -4  -2   0  -3  -4  -3   0   0   1  -1  -4    1   0   0   2   0  46  24   1   4   0   3   2   0   0   0   8   5   2   2   0  0.91 0.39
  166 I    -3  -3  -3  -4  -3  -2  -4  -4  -4   5   3  -3   2  -2  -4  -3   0   3  -2   2    1   0   1   0   0   2   0   1   0  39  29   0   5   0   0   1   4   4   0   9  0.65 0.26
  167 E    -1   0   1   1   0   2   4  -2  -1  -4  -3   1  -3  -1  -2   1   1  -4  -3  -3    4   5   6   6   3   9  34   2   1   0   1   7   0   3   0  11   7   0   0   0  0.40 0.21
  168 Y    -1  -1   2   2  -3   0   2   0   0  -1  -2   1   1  -1  -2   1   1  -3   1  -1    3   2  10  13   0   2  14   6   2   5   0   9   5   2   0   9   8   0   8   2  0.16 0.12
  169 M    -3  -4  -4  -5  -3  -3  -4  -2   0  -1   5  -4   3   0  -4   0  -1  -3   1  -1    1   0   0   0   0   0   0   4   2   0  64   0   9   2   0   9   3   0   4   2  0.75 0.33
  170 Q    -3   4   0  -3  -5   5   1  -4  -1  -5  -4   4  -3  -5  -4   0  -2  -5  -4  -3    1  25   3   0   0  33   5   0   1   0   0  24   0   0   0   7   1   0   0   1  0.93 0.38
  171 K    -1   4   2  -1  -5   0   2  -2  -2  -3  -3   4  -3  -5  -3  -1  -2  -5  -4  -3    3  31   9   2   0   3  13   2   0   1   2  29   0   0   0   3   1   0   0   1  0.67 0.29
  172 K    -3   3   0  -3  -5   0  -1  -4  -1  -2  -4   6  -1  -5  -4  -1   0  -5  -4  -4    0  14   5   0   0   2   1   0   1   2   0  66   1   0   0   4   5   0   0   0  1.13 0.43
  173 E    -3   0  -1   2  -5  -1   5   1  -1  -1  -4  -2  -4  -5  -4  -2  -2  -5  -4   0    0   4   2   9   0   1  55  11   1   5   0   0   0   0   0   1   2   0   0   9  0.78 0.35
  174 I    -2   3   0  -2  -4   3   0   0   1  -1  -3   3   1  -2  -3   0   0  -4  -3  -2    1  19   5   0   0  17   2   8   3   4   0  24   4   1   0   4   6   0   0   2  0.40 0.22
  175 D     0  -1   1  -1  -3   1   2  -2   0   0   1  -1   4  -2  -3   0  -1  -3   0  -1   10   2   7   3   0   8  15   2   2   7  11   2  18   0   0   5   2   0   4   2  0.17 0.16
  176 L    -2   0  -5  -5  -3  -2  -4  -5  -4   2   5  -3   2  -2  -4  -3  -1  -4  -3   1    3   7   0   0   0   1   0   0   0   9  62   0   3   0   0   1   4   0   0   9  0.74 0.31
  177 H    -1   0   0  -1  -1   3   3   0   2  -1  -1   1  -1  -3  -3  -1  -2  -4  -1   0    4   3   5   1   1  17  24   7   7   3   7   9   2   1   0   0   0   0   1   7  0.26 0.18
  178 N    -2  -2   2   3  -5   1   5  -4   0  -5  -3   1   1  -5  -3   0  -2  -5  -4  -4    3   0   9  15   0   4  50   0   1   0   2   6   4   0   0   4   1   0   0   0  0.82 0.34
  179 N     1  -1  -1   1  -4   2   5  -3  -1   0  -2  -1  -3  -4  -3   0  -1  -5  -4  -3   13   1   2   5   0  10  46   0   1   7   3   2   0   0   0   6   3   0   0   0  0.61 0.30
  180 N    -4   0   8  -2  -6   0  -3  -4   4  -6  -6  -3  -5  -6  -5   0  -3  -6  -2  -6    0   4  76   0   0   4   0   0   9   0   0   0   0   0   0   4   0   0   1   0  1.81 0.58
  181 Q    -2   2   1  -1  -4   3   1  -2   0  -2  -2   3   1  -3  -3   1   0  -4  -1  -2    0  10   7   2   0  15   9   1   2   1   4  21   6   0   0  14   4   0   2   3  0.30 0.19
  182 Y     0   0   1   1   0   1   1  -1   0   0  -1   0   1   0  -2  -1   0  -2   1   0    8   6   8   7   2   9  11   2   2   4   1   3   7   4   0   2   7   0   6  10  0.07 0.08
  183 L    -4  -4  -5  -6  -4  -4  -5  -6  -5   1   6  -5   2  -2  -5  -5  -3  -4  -3  -1    0   0   0   0   0   0   0   0   0   6  87   0   4   0   0   0   0   0   0   0  1.42 0.46
  184 R     1   3  -1  -2   2   1  -1  -3   0  -2  -1   1   1  -2  -3   1   0  -3   1  -1   11  22   3   0   5   8   0   0   2   2   6  11   5   1   0  12   3   0   6   3  0.22 0.16
  185 A    -1   2   1   0  -2   1   1  -2   1  -2  -1   2   0   0  -2   1   0  -1   0  -2    4  16   6   5   1   7  11   1   5   1   7  12   2   5   0   9   3   1   2   0  0.16 0.10
  186 K    -1   1  -1  -2  -5   4   2  -4  -2  -3  -3   5   1  -5  -3  -2  -3   3  -3  -3    5   4   2   0   0  25  13   0   0   1   1  40   4   0   0   1   0   4   0   1  0.79 0.35
  187 I    -3  -4  -5  -5  -1  -4  -4  -4  -2   3   3  -4   2   1  -4  -4  -2   1  -2   3    0   0   0   0   1   0   0   1   1  21  35   0   4   6   0   0   1   2   0  28  0.68 0.27
  188 A     1   0   0   1  -3   2   2   1   1  -3  -2   1   1  -3  -1  -1  -1  -3  -2  -1   17   5   5   6   0  13  17   9   4   0   1  10   5   0   1   2   2   0   0   3  0.22 0.13
  189 E     1  -1   1   1  -4   3   4  -3   2  -4  -2   1   0  -4  -3  -1  -1  -4  -3  -3   10   1   6   5   0  15  39   1   5   0   2   6   3   0   0   3   2   0   0   1  0.53 0.24
  190 N    -1   2   2  -2  -3   2  -1  -1   3  -1   0   0   0  -2  -3   1   0  -3  -1  -1    5  12  16   0   0  10   2   3  11   3  14   4   3   0   0   9   4   0   1   4  0.17 0.13
  191 E    -1   1   0   0  -3   2   4  -1   2  -3  -3   0  -2  -2  -2   1   0  -3  -1  -3    2   7   5   4   0  11  30   4   7   1   2   5   0   2   0  13   5   0   1   1  0.36 0.18
  192 R     1   3   1  -1  -1   1   0   0   1  -1  -2   2   1  -3  -1  -1  -1  -3  -2  -2   12  22   8   1   1   7   3   8   3   4   3  14   7   0   2   2   1   0   0   1  0.20 0.12
  193 A     2  -2   0   0  -2   1   1   1   1  -1  -1  -1   0  -1  -1   0   0  -3   0   0   24   0   6   3   0   9  10  11   4   3   6   0   2   2   2   4   5   0   4   5  0.11 0.09
  194 Q     0   0   1   2  -3   2   1  -2   1   0  -1   1   0  -1   0   0  -1  -1  -1   0    5   3   7  13   0  14   9   0   4   6   5   7   2   3   4   6   1   1   1   7  0.12 0.08
  195 Q    -1  -1  -1   0  -3   4   1  -1  -1  -2   0   0   2  -3   3   0  -1  -1  -3  -2    5   2   2   4   0  28   8   4   1   0   9   5   7   0  13   6   1   1   0   3  0.32 0.18
  196 H    -1   0   1   0  -3   3   2  -1   4  -3  -2  -1   3  -1   0  -1   0  -3   0  -2    5   5   8   4   0  15  14   3  13   0   1   1  11   2   4   3   6   0   2   2  0.27 0.16
  197 M     0   0  -1  -1  -2   1   0  -1   0   0   0  -1   2   1   0  -1  -1  -1   2   0    8   5   3   2   1   7   4   6   3   6   9   3   8   5   5   4   1   1  11   8  0.04 0.05
  198 N     0  -2   3  -1  -1   2   0   1  -1  -1  -1  -1   0  -2  -2   1   0  -1  -1   0    5   0  21   0   1  10   7  14   1   4   7   3   2   1   0  10   4   1   2   6  0.16 0.12
  199 L     0  -3  -2  -2  -1  -1  -1  -1  -1   0   3  -3   4  -1  -2  -2  -2   6  -2   1    7   0   1   2   1   3   4   4   2   2  29   0  16   2   1   2   0  11   0  11  0.37 0.19
  200 M    -1  -1   2  -1  -2   1   0  -1   1   0  -1  -1   3  -1  -2   0   0   0  -1   1    3   2  15   2   0   8   5   5   3   4   3   3  12   3   0   9   3   1   1  17  0.11 0.12
  201 P    -1  -2  -1   2  -3   2   2  -1   2  -2  -2  -1  -2  -3   4  -1   0   0  -3  -2    2   1   2  15   0  11  15   6   6   3   4   0   0   0  22   4   5   1   0   3  0.41 0.18
  202 G    -1  -1   3   0   1   1   0   3   1  -2  -2  -1  -2  -3  -1   1   0  -3  -3  -2    3   3  21   4   4   6   5  24   3   2   4   1   0   0   2  10   6   0   0   2  0.27 0.14
  203 S     0   0   2   0  -1   0   1   2   0  -2  -2  -1  -1  -3   1   1   1  -3  -2  -1    8   4  15   4   1   4   9  18   3   2   2   0   2   0   6  11   8   0   0   4  0.19 0.10
  204 S     0   1   1  -1  -1   1   0   2   0  -2  -2  -1  -1  -2  -2   3   1  -3  -1  -2    5   7   5   2   1   7   6  19   1   1   2   0   2   1   0  27   8   0   2   2  0.24 0.15
  205 D     0  -2   1   3  -3   1   1   0   2   0  -2  -1  -2  -2  -2   1   0  -4  -2   0    7   0   6  22   0   5  11   7   6   7   2   0   0   1   0  13   5   0   0   7  0.22 0.13
  206 Y    -2  -3  -2  -1  -3   1  -2   0   4  -2  -1  -3  -2   3  -4   0  -2   0   6   0    2   0   1   4   0   6   0   8  13   1   4   0   0  10   0   8   0   1  31   8  0.51 0.24
  207 E    -1   0   2   2  -4   0   3  -1   3  -4  -4  -1  -3  -3   0   1  -1   0  -1  -2    2   5  11  10   0   3  26   4  11   0   0   2   0   0   5  13   1   2   2   4  0.37 0.19
  208 L     0   0  -1  -1  -2   2   0  -1   2   0   0   0   1   1  -1   1   0  -2   0   0    7   4   2   2   0  14   4   4   6   3   9   3   4   6   2  16   2   0   3   9  0.07 0.09
  209 A     0   0  -1  -2  -1   2  -1   2   0   0   0  -1   1  -2   1  -1  -1  -3  -2   1    8   4   2   1   1  14   1  18   3   7   9   0   4   1   8   3   3   0   0  11  0.12 0.11
  210 P     0  -2  -2  -1  -3   1   0  -1   0  -2   0  -2   1  -3   5   0   0  -4  -2   0    6   1   1   2   0   7   5   5   2   0  11   0   6   0  31   8   4   0   1  10  0.44 0.19
  211 P     0  -2   0   0  -3   1  -1   1   1  -1  -2  -2  -1  -2   4   0   0  -3  -2   0    8   0   5   7   0   6   2  10   3   2   2   0   2   2  26   8   5   0   1   9  0.34 0.14
  212 Q     0   1  -1  -2  -3   4   0  -2   2  -3  -2  -1   0   2   0   2  -1  -3   1  -3    8  10   1   0   0  27   3   2   5   0   2   0   3  10   4  16   3   0   5   0  0.31 0.19
  213 S     1  -2   0   2  -3   3   0  -2   0  -3  -3  -1  -1  -4   3   2   1  -4  -3  -2   15   0   2  12   0  20   4   0   2   0   1   0   2   0  14  17   8   0   0   2  0.41 0.20
  214 F    -1  -2   2   0  -3   0   0  -2   3   0   1  -2   0   3  -1  -1  -1  -2   2  -1    5   0  12   5   0   4   6   2   9   7  14   0   1  16   3   2   4   0   9   0  0.15 0.11
  215 D     2  -2   1   3  -3   2   1   1  -1  -2  -3  -1  -2  -2  -1   0  -1  -3   1  -2   21   0   8  17   0  13   8  10   1   3   1   2   0   1   2   5   0   0   6   1  0.24 0.14
  216 G     2  -2   0  -2   2   0  -1   1   1  -3  -3  -2   0  -2   1   3   1  -3  -3  -2   20   0   4   0   4   3   1  12   4   0   0   0   4   2   7  25  10   0   0   2  0.29 0.16
  217 R     1   1   1   1  -3   2   1  -2   3  -3  -3  -1  -1  -2   3   1  -1  -4  -2  -3   12  11   7   6   0  11   7   0   8   1   1   0   2   2  18  11   1   0   0   0  0.34 0.16
  218 N     0   0   3  -1  -3   1  -1  -1   1  -2  -2  -1   1   0   3   0   0  -3  -1  -1    7   6  18   2   0   9   3   4   3   0   0   0   7   6  15   8   5   0   1   4  0.24 0.13
  219 Y     0  -2  -2  -3  -3   0  -2  -2   0   0   0  -2   0   3   2   0   1  -1   3   0   10   0   0   0   0   5   1   3   2   4   6   0   3  18  13   5   9   0  15   5  0.26 0.14
  220 I    -2  -2  -3  -4  -3   0  -3  -4  -2   2   2  -3   0   4   0  -3  -2  -1   3   1    3   2   0   0   0   6   0   0   0  12  27   0   0  22   5   0   2   0  12   9  0.39 0.18
  221 Q     1   3   2  -2  -3   4  -1  -2   1  -4  -3   0   0  -4  -1   1   0  -4  -1  -3   17  16  10   0   0  24   0   0   3   0   0   4   2   0   2  12   6   0   2   0  0.41 0.21
  222 L    -2  -3  -3  -4   2  -3  -2  -4   0   1   2  -3   2   2   3  -1  -2  -3  -2   2    2   0   0   0   5   0   1   0   3   6  28   0   6  10  15   5   0   0   0  18  0.37 0.18
  223 N     0   2   2  -1  -3   2  -1   1  -1   0   0  -1   0   0  -2  -1  -2  -3  -2  -2   10  16  13   2   0  14   0  12   1   8  13   0   2   4   1   2   0   0   0   0  0.16 0.14
  224 G     0  -2  -2   0  -3  -1   0   0  -2   0   1  -2   0   1   4   0  -1  -3   0  -1    8   0   0   6   0   3   6   7   0   7  18   0   1   6  22   5   4   0   4   3  0.23 0.11
  225 L    -1  -2  -1  -2   2   0  -1  -2   2   2   2  -2   2  -1  -1   0  -1  -3  -1   1    5   0   2   2   6   4   3   1   8  20  21   0   9   0   2   8   2   0   1   6  0.16 0.12
  226 Q    -1  -1   0   1  -4   6   1  -3   2  -1  -2  -1  -2  -4   1  -1  -1  -4  -2  -3    5   0   3   6   0  51   7   0   5   4   4   0   0   0   8   1   2   0   1   0  0.74 0.31
  227 P    -2  -3   0  -3  -4   2  -3  -3  -1  -4  -2  -3   0  -4   7  -1   0  -5  -1  -2    2   0   4   0   0  10   0   2   1   0   4   0   2   0  62   3   5   0   2   2  1.40 0.37
  228 N     0  -2   3  -1  -3   0   1  -1   2  -2  -2   0  -2   0   2   1   1  -3  -1  -2    6   0  24   0   0   1  12   4   6   2   3   4   0   6  10  11   9   0   2   0  0.25 0.14
  229 N    -2   0   3  -2  -3   2  -2  -1   4  -2   2  -2  -1  -1  -2  -1  -1  -3   0  -2    2   6  17   0   0  14   0   5  13   0  32   0   0   1   1   1   3   0   4   0  0.29 0.19
  230 H    -1  -1   0  -2  -4   3  -1   0   7  -3  -2  -2   3   0   0   0  -2  -3   1  -3    3   2   5   0   0  17   0   8  33   0   4   0   9   3   4   6   0   0   5   0  0.56 0.24
  231 Y    -2  -3   0  -3  -4  -2  -1  -2   5   1   0  -3  -1   1   1   0  -2  -1   5  -1    0   0   4   0   0   0   3   3  22   9   7   0   1   4   7   8   0   0  30   2  0.55 0.23
  232 S     1  -2  -2  -1  -3   1  -1   2  -3  -1  -2  -2  -2  -4   5   1  -2  -4  -3  -3   10   0   0   3   0   9   3  16   0   4   5   0   0   0  35  15   0   0   0   0  0.63 0.18
  233 R     1   1   2   1  -3   1   1   0   2  -2  -1  -1  -2   0  -2   0  -1  -2   2  -2   14   7  16   7   0   8   7   7   6   0   8   0   0   3   0   6   0   0  11   0  0.16 0.09
  234 Q    -2   0   0  -1  -4   6   3  -3   3  -4  -4  -1  -2  -4   1   1  -2  -4  -3  -4    0   3   2   0   0  49  16   0   8   0   0   0   0   0   7  15   0   0   0   0  0.81 0.26
  235 D    -1  -2   0   4   0   0   2   0   0  -3  -2  -1  -3  -3   1   0  -1  -4  -1  -3    3   0   2  39   3   4  13   8   3   0   6   0   0   0   7   7   3   0   2   0  0.41 0.13
  236 Q    -1  -1   1   0  -4   5   1  -1  -1  -4  -4   1  -2  -4   0   2  -1  -4  -3  -3    2   0   8   4   0  46   3   4   0   0   0  10   0   0   5  17   0   0   0   0  0.59 0.19
  237 T    -2  -2  -2  -2  -3  -2  -2  -1  -3  -2  -3   1  -2  -4   6  -1   4  -4  -3  -1    0   0   0   0   0   0   0   3   0   0   0  10   0   0  42   0  41   0   0   5  0.96 0.20
  238 A     4  -2   0  -2  -2  -2  -2  -1  -2  -2  -2  -2  -2   0   2   1   1  -3  -2   0   54   0   5   0   0   0   0   0   0   0   0   0   0   4  11  12   9   0   0   4  0.42 0.12
  239 L    -2  -3  -3  -3  -2  -2  -3  -4  -3   1   4  -3   2  -1   1  -1   0  -3  -2   1    0   0   0   0   0   0   0   0   0   3  62   0   7   0   7   5   8   0   0   7  0.41 0.09
  240 Q    -2   3   1  -1  -4   6   0  -3   3  -4  -3   1  -2  -4  -2   0  -1  -3  -2  -3    0  15   5   0   0  56   0   0   9   0   0   7   0   0   0   8   0   0   0   0  0.71 0.14
  241 L    -2  -3  -3  -4  -2  -2  -3  -4  -3   2   4  -3   4   0  -3  -2   0  -2  -2   0    0   0   0   0   0   0   0   0   0   7  67   0  16   0   0   0   9   0   0   0  0.52 0.10
  242 V    -1  -3  -3  -3  -1  -2  -3  -3  -3   2   1  -2   3  -1  -3  -2   0  -3  -1   4    0   0   0   0   0   0   0   0   0   0   0   0  20   0   0   0   0   0   0  80  0.37 0.03

                      K         Lambda
Standard Ungapped    0.1287     0.3128
Standard Gapped      0.0435     0.2670
PSI Ungapped         0.1435     0.3114
PSI Gapped           0.0435     0.2670
