
Last position-specific scoring matrix computed, weighted observed percentages rounded down, information per position, and relative weight of gapless real matches to pseudocounts
           A  R  N  D  C  Q  E  G  H  I  L  K  M  F  P  S  T  W  Y  V   A   R   N   D   C   Q   E   G   H   I   L   K   M   F   P   S   T   W   Y   V
    1 M   -3 -4 -5 -5 -4 -3 -4 -5 -4  2  0 -4  9 -2 -5 -4 -3 -4 -3  0    0   0   0   0   0   0   0   0   0   9   3   0  84   0   0   0   0   0   0   4  1.87 0.51
    2 L   -2 -4 -5 -5 -4 -4 -5 -5 -4  0  2 -4  5  7 -5 -4 -3 -2  0  0    2   0   0   0   0   0   0   0   0   2  22   0  18  50   0   0   0   0   0   6  1.08 0.37
    3 E   -3  3 -1  0 -5  0  4 -3  0 -5 -4  4 -3 -5 -3 -1 -1 -5 -4 -4    0  14   1   3   0   0  39   1   2   0   0  35   0   0   0   1   2   0   0   0  0.84 0.33
    4 L    5 -4 -4 -4 -2 -3 -3 -2 -4  3  1 -3 -1  0 -3 -1 -2 -4 -3  1   56   0   0   0   0   0   0   1   0  21  11   0   0   3   0   0   0   0   0   7  0.64 0.31
    5 R   -1  3 -1 -2 -2 -1  0 -2 -2 -1 -1  2 -1 -2 -2  0  1 -3 -2  2    2  22   1   1   0   1   6   1   0   1   4  18   0   1   1   6   8   0   1  27  0.26 0.15
    6 L   -1 -3 -3 -4 -3 -3 -3 -4 -2  1  2 -2  0  4 -4 -1  2 -2  3  1    4   0   0   0   0   0   0   0   0   9  22   3   1  21   0   2  20   0  11   7  0.38 0.20
    7 V   -1 -2  0  2  0 -1  0 -2 -2  2 -1 -1  0 -2  1  0  1 -3  0  1    4   0   3  15   2   1   7   1   0  17   4   2   2   0   7  10   8   0   5  13  0.13 0.11
    8 Q   -1 -1  3  4 -4  3  1  1 -2 -4 -4  1 -3 -4 -3  1  0 -4 -3 -4    5   1  18  24   0  16   4   9   0   0   0   8   0   0   0  10   5   0   0   0  0.49 0.22
    9 G    5 -3 -3 -3 -2 -3 -3  2 -4 -1 -3 -3 -2 -4 -1  1  0 -4 -4  1   56   0   0   0   0   0   0  15   0   3   0   0   0   0   3   8   4   0   0  13  0.64 0.31
   10 S    0  3  0  2 -3 -1  1 -1 -2 -4 -3  3 -3 -4 -3  2 -1 -4 -2 -3    5  16   3  13   0   0   9   4   0   0   2  22   0   0   0  22   1   0   1   1  0.37 0.20
   11 L    0 -2  1  2 -3 -1  1 -2 -2  2  1 -1 -1 -2 -3 -1  1 -3 -1  1    8   0   8  12   0   0  14   2   0  17  12   2   0   0   0   1  10   0   2  12  0.14 0.13
   12 L   -4 -5 -5 -6 -4 -5 -5 -6 -4  0  4 -5 -1  6 -2 -4 -4  2 -1 -2    0   0   0   0   0   0   0   0   0   4  52   0   0  39   2   0   0   3   0   0  1.13 0.41
   13 K    0  2 -2 -3 -4  1 -1 -3 -2 -4 -2  6 -3 -2 -3  0 -2 -4 -1 -4    9  10   0   0   0   6   1   1   0   0   3  58   0   2   0   8   0   0   2   0  0.80 0.36
   14 K    0  0 -1  2 -4  1  1 -3 -1 -4 -3  3 -3 -2 -3  1  1 -3  3 -3    5   3   1  11   0   7  11   0   0   0   0  26   0   0   0   9  12   0  14   0  0.38 0.22
   15 V    1 -4 -4 -4 -2 -3 -4 -4 -4  4  2 -3  1 -1 -4  0  1 -4 -2  3   10   0   0   0   0   0   0   0   0  33  17   0   2   2   0   7   7   0   0  22  0.45 0.23
   16 L   -2 -4 -4 -5 -3 -3 -4 -5 -4  4  2 -4  0  4 -4 -3 -1 -3 -1  3    2   0   0   0   0   1   0   0   0  26  24   0   1  23   0   0   4   0   0  20  0.63 0.26
   17 E    0  1  1  4 -4  2  3 -2 -2 -4 -4  1 -3 -5 -1  0 -2 -5 -4 -3    6   6   6  32   0   8  25   2   0   0   0   8   0   0   2   4   0   0   0   2  0.58 0.25
   18 S    3 -1 -1 -3  1 -2 -2 -1 -3 -1  0 -2 -1 -3 -3  2  3 -4 -3  0   34   2   3   0   3   0   0   3   0   2   8   0   1   0   0  20  20   0   0   4  0.38 0.24
   19 I    0 -4 -5 -5 -3 -4 -4 -5 -4  4  3 -4  0  1 -4 -3 -1 -3  0  3    6   0   0   0   0   0   0   0   0  37  30   0   0   5   0   0   2   0   3  17  0.63 0.27
   20 K    1  0  0 -2 -3 -1  1  0 -2 -2 -2  2  0 -3 -2  3  0 -4 -3 -2   12   3   2   0   0   0   8   7   0   2   4  18   3   0   0  35   4   0   0   1  0.31 0.21
   21 D    0  1  1  3 -3  0  1  0  1 -2 -3  2 -2 -3 -2  0  1 -4 -3  0    7   6   8  19   0   2   8   5   4   0   0  18   0   0   0   5   9   0   0   8  0.25 0.14
   22 L   -3 -4 -5 -5 -1 -4 -5 -5 -4  3  4 -4  1  3 -5 -4 -3 -3 -1  2    0   0   0   0   1   0   0   0   0  23  50   0   2  12   0   0   0   0   1  11  0.77 0.30
   23 V   -2 -1 -2 -4 -3 -3 -4 -5 -4  3  1 -2 -1 -1 -4 -3  0 -4  0  5    0   4   2   0   0   0   0   0   0  18  13   3   0   1   0   0   7   0   3  49  0.59 0.28
   24 N   -3 -3  2  5 -4  0  2 -3  0 -4 -5 -2 -4 -5  0  1  1 -5 -4 -4    0   0   9  44   0   4  11   0   3   0   0   0   0   0   5  13  11   0   0   0  0.79 0.33
   25 D   -3 -3 -2  3 -6  0  6 -4  3 -3 -4 -2 -4 -5 -4 -1 -1 -5 -4 -5    0   0   0  16   0   1  68   0   8   2   1   0   0   0   0   3   3   0   0   0  1.27 0.48
   26 A    4 -4 -4 -4  6 -3 -4  1 -4  1 -3 -3 -2 -4 -3 -2 -2 -4 -4  2   47   0   0   0  18   0   0  11   0   9   0   0   0   0   0   0   0   0   0  16  0.77 0.36
   27 N   -1  1  2 -2  3  1 -2 -3 -2  0  0  1  0 -1 -1 -1  2 -3 -2  0    4   9  14   0   8   7   0   0   0   6   8  10   2   3   3   1  17   0   0   8  0.16 0.15
   28 F   -4 -5 -5 -6  3 -5 -5 -5 -4  2  2 -5 -1  7 -5 -4 -4  4  0 -1    0   0   0   0   6   0   0   0   0  12  23   0   0  51   0   0   0   6   0   2  1.15 0.41
   29 D   -2  1  1  3 -4  1  1 -3  4 -1 -2  1 -2  0 -3  0  0 -4 -2 -1    0   6   9  19   0   4   9   0  14   4   3   9   0   6   0   6   5   0   0   7  0.25 0.16
   30 C    1 -4 -4 -5  5 -4 -4 -4 -4  3  0 -4 -1  4 -4 -3 -1 -3 -1  2   15   0   0   0  14   0   0   0   0  22   7   0   0  23   0   0   3   0   0  15  0.57 0.27
   31 S   -1 -1  1  4 -3  0 -1  0 -3 -4 -3  1 -3 -4 -3  2  4 -5 -4 -3    3   1   4  24   0   2   2   5   0   0   1   7   0   0   0  19  31   0   0   0  0.53 0.29
   32 T    0 -1  2  1 -4  0  4 -1 -2 -4 -3  0 -2 -4  3  1 -2 -4 -4 -3    9   2  11   5   0   3  34   4   0   0   2   6   1   0  14  10   0   0   0   0  0.48 0.24
   33 T   -1 -1  2  4 -4  0  4 -2  0 -4 -4  0 -3 -5 -3  0  1 -5 -4 -4    3   2  11  29   0   1  29   2   2   0   1   3   0   0   0   6  11   0   0   0  0.63 0.29
   34 G   -2 -4 -3 -3 -5 -2 -2  7 -4 -6 -6 -2 -5 -5 -4 -1 -3 -5 -1 -5    1   0   0   0   0   1   3  84   0   0   0   3   0   0   0   4   1   0   2   0  1.63 0.51
   35 F   -3 -4 -5 -5 -3 -4 -5 -5 -4  5  3 -4  4  1 -5 -4 -3 -4  0  1    0   0   0   0   0   0   0   0   0  47  29   0  10   5   0   0   0   0   2   6  0.90 0.35
   36 S   -1  3 -1 -2 -3  1  0 -3 -1 -1 -3  2 -2  0 -3  3  0  0  1 -2    1  20   1   0   0   4   5   0   1   3   0  16   0   4   0  31   5   1   4   3  0.37 0.24
   37 L    0 -3 -3 -2 -2 -3 -3 -4 -3  2  3 -3  2  2 -3  0  0 -3 -2  2    9   0   0   2   0   0   0   0   0  13  33   0   7   9   0   6   4   0   0  16  0.35 0.20
   38 Q   -2  4 -1 -1 -4  3 -1 -3  0  0 -3  1 -2 -4 -3  0  2  1 -3  0    0  32   2   2   0  18   2   0   2   6   0   5   0   0   0   5  15   2   0   7  0.47 0.27
   39 A    4  0 -2 -3 -2 -2 -1  1  0  0 -3 -2 -2 -3 -2  1  0 -4 -1 -1   55   4   0   0   0   0   3   8   2   5   1   0   0   0   0  11   6   0   2   2  0.51 0.28
   40 M   -2 -3 -4 -5 -3 -1 -4 -5 -4  1  2 -3  7 -2 -4 -3 -1 -3  0  3    0   0   0   0   0   3   0   0   0   6  21   0  34   0   0   0   3   0   3  27  0.79 0.35
   41 D   -4 -4 -1  7 -6 -1  1 -4  0 -6 -6 -1 -5 -6 -4  0 -1 -6 -5 -5    0   0   0  79   0   2   6   0   2   0   0   2   0   0   0   5   4   0   0   0  1.66 0.54
   42 S   -1  0  2  2 -4 -2 -1 -1 -3 -4 -4 -1 -3 -5  5  1  1 -5 -4 -2    2   5  13  10   0   0   2   4   0   0   0   3   0   0  36  11  11   0   0   4  0.73 0.29
   43 S    3 -3  1  0 -3 -2 -1  0 -3 -4 -4 -2 -3 -1 -3  4  0 -5 -3 -3   30   0   8   6   0   0   2   4   0   0   0   0   0   3   0  46   2   0   0   0  0.67 0.35
   44 H   -4  3  3 -3 -5 -2 -2 -4  8 -5 -5  3 -4 -4 -4  0 -3 -5 -2 -5    0  15  17   0   0   0   0   0  46   0   0  17   0   0   0   5   0   0   0   0  1.34 0.48
   45 V   -1 -4 -4 -2  2 -4 -4 -5 -5  2 -1 -2 -2 -3 -4 -3  1 -5 -1  6    2   0   0   3   4   0   0   0   0  10   0   2   0   0   0   0   8   0   3  69  0.95 0.41
   46 A    4 -3 -2 -3 -2 -1 -1  0 -3  0 -1 -2 -2 -3 -3  2  1 -4 -3  1   43   0   0   0   0   3   3   7   0   4   5   0   0   0   0  16   8   0   0  12  0.40 0.25
   47 L   -3 -4 -4 -5 -4  0 -2 -5 -4 -1  4 -2  7  0 -5 -4 -1 -3  0 -1    0   0   0   0   0   4   2   0   0   0  50   2  32   4   0   0   3   0   4   0  0.96 0.41
   48 V    1 -4 -5 -5 -3 -4 -4 -3 -5  4  0 -4 -1 -3 -4 -3 -2 -5 -3  5   14   0   0   0   0   0   0   2   0  29   6   0   0   0   0   0   0   0   0  50  0.86 0.37
   49 S    0 -1  1  4 -3  1 -1 -2  2  1 -3  0 -2 -1 -3  2 -1 -4 -3 -2    6   3   8  26   0   7   0   0   5  11   0   6   0   3   0  23   0   0   0   2  0.33 0.22
   50 L   -1 -4 -5 -5  1 -4 -4 -5 -4  2  4 -4  2  1 -4 -3 -2  0 -2  1    4   0   0   0   3   0   0   0   0  10  60   0   5   6   0   0   0   2   0   9  0.71 0.29
   51 L   -1  0  1  1 -3  0  3 -2  0 -2  0  1 -2  2 -3 -1  1 -3  0 -1    3   5   8   5   0   2  25   1   1   0   8   8   0  12   0   2  10   0   2   6  0.18 0.15
   52 L   -3 -4 -5 -5 -3 -4 -5 -5 -4  4  4 -4  3  1 -5 -4 -3  1 -1  0    0   0   0   0   0   0   0   0   0  27  54   0   7   5   0   0   0   2   2   4  0.88 0.35
   53 R   -1  2  0  0 -4  1  0 -1  0 -4 -3  2 -3 -4  5  0 -2 -4 -1 -4    3  12   4   6   0   7   4   4   2   0   1  11   0   0  35   7   1   0   3   0  0.67 0.26
   54 S    2  1  1 -1 -3 -1  0 -1 -1 -3 -4  3 -3 -4  0  2 -1  0 -3 -2   22   9   8   1   0   0   5   2   1   0   0  24   0   0   5  19   1   2   0   2  0.35 0.22
   55 E    1 -2  1  2 -4 -1  4 -1 -2 -4 -2 -1 -2 -4 -3  2  1 -4 -4 -3   10   0   5  12   0   0  34   4   0   0   3   1   1   0   0  21   8   0   0   0  0.49 0.27
   56 G    2 -3 -1 -3 -2 -2 -3  2 -2  0  1 -2  1  1 -3  0 -2 -2  1  0   24   0   2   0   0   0   0  18   0   6  15   0   4   6   0   9   0   0   7   8  0.22 0.17
   57 F   -5 -6 -6 -7 -5 -6 -6 -6 -4 -3  0 -6 -3  9 -7 -5 -5 -2  0 -4    0   0   0   0   0   0   0   0   0   0   5   0   0  95   0   0   0   0   0   0  2.50 0.70
   58 E   -1 -2 -1  3 -4  2  4 -3 -2 -2 -2  1 -1 -4 -3  2 -2 -5 -4 -3    2   0   1  19   0   7  38   0   0   3   4   8   2   0   0  15   0   0   0   1  0.58 0.29
   59 H   -2  0  0  1 -4  0  4 -2  2 -3 -4  2 -3  0 -2  1  0 -3  1 -3    0   2   3   8   0   1  35   1   5   1   0  11   0   5   1  12   7   0   4   1  0.40 0.23
   60 Y   -5 -5 -5 -6 -5 -5 -5 -6 -2 -4 -3 -5 -4  5 -6 -5 -5 -1  9 -4    0   0   0   0   0   0   0   0   0   0   0   0   0  25   0   0   0   0  75   0  2.38 0.69
   61 R   -1  3  0  1 -4  0  3 -3 -1 -3 -3  1  1 -4 -1  1  1 -4 -3 -1    4  19   4   6   0   2  22   0   1   0   0  10   7   0   1  12   7   0   0   5  0.32 0.20
   62 C    1 -4 -4 -4  7 -4 -3 -3 -4  3 -1 -4 -2 -3 -2 -1  0 -4 -4  2   15   0   0   0  33   0   1   2   0  19   2   0   0   0   2   2   5   0   0  19  0.82 0.34
   63 D   -2 -1  0  6 -5 -1  4 -1 -3 -4 -5 -2 -4 -5 -2  0  0 -5 -4 -3    2   3   2  48   0   0  26   3   0   0   0   0   0   0   1   5   6   0   0   2  0.91 0.36
   64 R   -1  3  0  2 -4  1  3  1  1 -3 -4  2 -3 -4 -3  0 -1 -4 -3 -3    2  17   4  10   0   4  23  13   3   2   0  11   0   0   0   7   3   0   0   1  0.35 0.18
   65 N   -2 -1  2  1 -4  0  4  0  2 -4 -4 -1 -3 -4  3  1  0 -5 -3 -4    0   2  13   6   0   1  34   8   6   0   0   2   0   0  15   9   4   0   0   0  0.56 0.27
   66 L    0 -1 -2 -2  1 -1  1 -2 -2  2  1 -1  2  0 -2 -2  0 -2 -1  1    6   2   0   2   3   1  12   2   0  21  15   4   6   4   1   1   6   0   2  13  0.12 0.10
   67 S    0  0 -1  0 -3  1  3 -2 -2 -1 -3  2 -1 -3 -1  1  2 -4 -3 -2    5   5   1   4   0   5  21   2   0   3   0  16   2   0   2  14  17   0   0   2  0.29 0.18
   68 M   -2 -4 -5 -5 -3 -4 -5 -5 -4  4  2 -4  4  4 -5 -4 -3 -3  0  2    2   0   0   0   0   0   0   0   0  33  18   0  12  21   0   0   0   0   2  12  0.72 0.30
   69 G    0  0  0 -3  1 -1 -3  6 -3 -5 -5  0 -4 -5 -4 -1  0 -4 -4 -3    5   6   5   0   4   3   0  61   0   0   0   6   0   0   0   3   5   0   0   2  0.90 0.34
   70 M   -2 -4 -5 -5 -3 -4 -4 -5 -4  4  3 -4  3  1 -4 -4 -2 -4 -2  4    1   0   0   0   0   0   0   0   0  22  26   0   9   6   0   0   0   0   0  36  0.74 0.31
   71 N   -3  0  5  5 -5 -2 -1 -3 -2 -3 -5  2 -4 -4 -1  1 -2 -5 -1 -3    0   4  34  32   0   0   0   0   0   2   0  12   0   0   2  11   0   0   2   1  0.80 0.35
   72 L   -3 -4 -4 -5 -3 -3 -4 -5 -4  3  4 -4  4  1 -4 -2  1 -3 -2  1    0   0   0   0   0   0   0   0   0  22  42   0  14   5   0   1   8   0   0   9  0.66 0.29
   73 G    0 -1  3  3 -3  1  2  0  0 -3 -3  0 -3 -4 -1  1  1 -4 -3 -2    6   2  15  18   0   4  15   6   2   0   2   6   0   0   2  10   8   0   0   4  0.29 0.16
   74 N    0  2  2  2 -3  0  1 -1  3 -2 -3  1 -2 -3 -2  2  0 -3  0 -2    8  11   9  11   0   1  11   2   8   2   2   9   0   0   0  17   5   0   4   2  0.22 0.14
   75 M   -3 -4 -5 -5 -3 -4 -5 -5 -4  3  4 -4  5  3 -5 -4 -3 -3 -2  1    0   0   0   0   0   0   0   0   0  15  47   0  19  12   0   0   0   0   0   7  0.86 0.34
   76 S    0  0  1  0 -3 -1  0 -2  0 -2  0  3  1 -1 -3  2  0 -4 -2 -1    6   4   7   4   0   0   4   0   2   0   9  29   6   3   0  17   5   0   0   4  0.22 0.18
   77 K   -2  1  1  3 -4 -1  1 -2 -2 -4 -4  5 -3 -5 -3  1 -1 -5 -4 -4    0   6   5  21   0   0   6   2   0   0   0  48   0   0   0   8   2   0   0   0  0.76 0.34
   78 M   -1 -4 -4 -4  1 -3 -4 -4 -1  5  1 -4  2  0 -4 -2  0 -4 -2  3    4   0   0   0   4   0   0   0   2  40   9   0   5   4   0   2   4   0   0  25  0.56 0.26
   79 L   -2 -4 -5 -5 -3 -4 -4 -5 -4  2  4 -4  2  0 -4 -2 -2 -3 -1  2    3   0   0   0   0   0   0   0   0  13  57   0   4   3   0   3   0   0   1  17  0.74 0.31
   80 K   -1  3  0 -1 -4  0 -1  1 -2 -4 -4  5 -3 -5 -3  2 -2 -5 -4 -4    3  18   3   2   0   3   0  13   0   1   0  40   0   0   0  18   0   0   0   0  0.64 0.32
   81 C   -2  4  0 -3  5 -2 -3 -4 -3  1  0  0  4 -2 -4 -1 -1 -4 -3  0    1  26   4   0  16   0   0   0   0   8   8   5  14   1   0   5   3   0   0   6  0.43 0.26
   82 A    4 -3 -3 -4  0 -3 -3  0 -4  1 -1 -3  2  0 -3  0 -1 -4 -3  1   55   0   0   0   1   0   0   7   0   9   5   0   5   4   0   5   1   0   0   9  0.53 0.30
   83 G   -1  0  2  1 -4 -1 -1  3 -2 -4 -3  3 -3 -4 -3  1  0 -4 -4 -2    2   4  13  10   0   1   3  27   0   0   1  23   0   0   0   8   6   0   0   3  0.41 0.22
   84 N    0  2  3  0 -3  0 -1 -1 -2 -3 -4  3 -3 -4  0  2 -1 -4 -3 -1    9  10  21   3   0   2   2   4   0   0   0  20   0   0   3  21   1   0   0   4  0.39 0.23
   85 D   -1  0  2  4 -4 -1  1  1  0 -4 -4  2 -3 -4 -3  1  1 -5 -3 -4    1   4  11  27   0   1   6  10   2   0   0  15   0   0   0  13   9   0   0   0  0.46 0.23
   86 D   -1 -3 -1  7 -5  0  3 -3 -3 -5 -5 -2 -4 -5 -2  0 -2 -6 -5 -5    4   0   0  64   0   4  17   0   0   0   0   0   0   0   2   6   2   0   0   0  1.27 0.44
   87 I    0  0  0  0 -2 -1  0 -3 -2  2  0  1  0 -2  0  1  2 -4 -3  0    4   5   3   3   0   2   6   0   0  17   8  10   2   0   3  14  19   0   0   6  0.14 0.13
   88 I   -1 -4 -5 -5 -1 -4 -4 -5 -5  4  3 -4  1  0 -4 -4 -1 -4 -3  4    3   0   0   0   1   0   0   0   0  31  30   0   1   3   0   0   2   0   0  29  0.72 0.30
   89 T   -2  0 -2 -2 -3 -1  1 -2  1  2 -1 -1  0 -2 -3  0  3 -3  1  1    0   7   0   0   0   2  13   2   3  17   3   3   2   0   0   6  28   0   5   7  0.24 0.21
   90 I   -3 -4 -5 -5 -3 -4 -5 -5 -4  3  4 -4  5  1 -5 -3 -3  0 -2  1    0   0   0   0   0   0   0   0   0  20  48   0  18   5   0   2   0   2   0   5  0.84 0.34
   91 K   -1  2 -1  0  1  0  4 -1 -2 -2 -4  2 -3 -2 -3  2  1 -4 -3 -3    2  14   1   2   4   2  30   3   0   2   0  13   0   2   0  17   7   0   0   0  0.41 0.24
   92 A    1 -2 -2 -3 -2 -2 -1 -2 -1  0  2  1  1  0 -3  0  0  1  2  1   14   0   0   0   0   0   2   2   1   4  22  14   2   1   0   5   6   2  11  12  0.15 0.15
   93 D   -1  0  1  5 -4  1  2  0 -2 -4 -3  0 -3 -4 -1  0 -1 -4 -1 -2    4   5   5  37   0   7  15   6   0   0   2   6   0   0   3   3   4   0   2   3  0.47 0.22
   94 D   -1  0  0  4 -4  1  3  1 -2 -4 -4  1 -2 -4 -3  0 -2 -4 -3 -2    5   4   4  23   0   4  28  13   0   0   0   8   1   0   0   6   0   0   0   2  0.47 0.22
   95 G    0 -1  2  1 -3  0  4  2  0 -4 -3 -1 -1 -3 -1  0  0 -3  0 -3    5   2   9   8   0   3  31  17   2   0   0   0   3   0   3   6   4   0   4   0  0.36 0.19
   96 G    0  1  1  1 -3  1  1  2 -2 -3 -3  1 -2 -1  1  1  0 -3 -2 -2    8   7   5   6   0   5   9  19   0   0   1  11   0   3   7  11   6   0   0   1  0.22 0.11
   97 D   -2  1  2  4 -3  1  1 -2  1 -2  0  0  0 -2 -1  0 -1 -3 -1 -2    1  10  11  27   0   6   8   0   4   0  12   3   2   1   3   6   3   0   2   2  0.26 0.15
   98 T    0  1 -1 -2 -3 -1 -1 -2 -2  0 -1  3  0 -3  2 -1  1 -3 -1  1    7   6   2   0   0   0   2   2   0   5   3  28   3   0  11   3  13   0   2  12  0.21 0.16
   99 V   -2 -3 -4 -4 -2 -3 -4 -4 -4  3  4 -2  1  1 -1 -2 -2 -3 -2  2    0   0   0   0   0   0   0   0   0  18  42   2   3   7   3   3   0   0   0  18  0.51 0.23
  100 T   -1  1  2 -1 -3  0  1 -3  2  1 -1  2  2 -3 -3 -1  2 -4 -2 -1    4   6  12   2   0   1   9   0   6  12   5  16   7   0   0   2  14   0   0   3  0.16 0.15
  101 F   -3 -4 -3 -3 -3 -4 -4 -5 -4  2  2 -3  1  5 -4 -2 -1 -2 -1  2    0   0   1   1   0   0   0   0   0  15  24   2   3  33   0   2   3   0   0  17  0.61 0.27
  102 M   -1 -1 -2 -1 -2  0  0 -2 -2  2  1 -1  2  0 -3  0  1 -3 -1  1    2   3   0   2   0   3   9   2   0  22  16   3   5   4   0   7  10   0   2   9  0.12 0.11
  103 F   -1 -1 -2 -2 -3 -2 -1  1 -3  2  1 -3  0  4 -3 -1 -1 -2  1  0    2   3   1   2   0   0   6  13   0  14  15   0   1  26   0   4   4   0   2   7  0.22 0.16
  104 E   -1  2 -1  1 -4  1  4  1 -1 -1 -3  1  0 -4 -3  0 -2 -4 -3 -2    3  11   0   8   0   3  36  13   1   6   0   9   3   0   0   4   0   0   0   1  0.39 0.22
  105 S    0 -2  2  2 -3 -2 -1  3 -2 -2 -3 -2 -3 -3 -2  3  1 -4 -3 -2    7   0   9  13   0   0   3  22   0   3   1   1   0   0   0  28   9   0   0   2  0.39 0.20
  106 P    0  0  1  0 -2 -1  0  0 -1  0  0  0 -1  0  2  0  1 -2 -1  0    8   5   8   3   0   1   7   6   0   4  14   6   0   5  10   4  12   0   2   5  0.06 0.05
  107 K   -1  1  2  1 -2  0  2 -1 -1 -1 -1  2 -1 -2 -2  0  0 -2 -1 -1    2   8  14   6   0   3  13   4   0   4   4  21   1   1   1   3   7   0   2   5  0.18 0.10
  108 Q   -1  1  1  0 -2  2  0  1  0 -2 -1  1 -1 -2 -1  1  1 -2 -2 -1    2   7   8   3   1  11   4  13   1   1   5  11   1   1   1  10  12   0   1   5  0.13 0.07
  109 D   -1  0  0  2 -2 -1  1  2 -1  0 -1  0 -1 -1 -1  0  0 -2 -1  0    3   4   5  13   1   2   9  19   1   5   3   4   1   3   2   7   6   0   1  12  0.09 0.05
  110 K    1  1 -1 -1 -2  0  1 -1 -1 -1 -1  2 -1  1 -1  0  1 -1  0 -1   12  10   2   2   1   2  12   4   1   2   5  16   1   7   2   4   9   1   4   4  0.09 0.05
  111 I    0  0 -1 -1 -1 -1  0 -1 -1  1  0  0  0 -1 -1  0  1 -1  1  2    5   6   3   2   1   2   6   3   1  11   8   7   1   1   2   5  10   0   8  19  0.05 0.05
  112 A    0  3 -1 -1  1  0  0 -1 -1 -1 -2  0 -1 -2  0  2  1 -2  1 -1    8  25   1   2   4   2   4   5   1   4   3   2   1   1   3  18   8   0   6   4  0.17 0.11
  113 D   -1  0  1  3 -2  1  2 -2  0 -2 -2  1 -2 -1 -2  1  2  0 -2 -1    2   4   6  17   0   6  12   1   3   1   1   8   0   3   1   9  18   1   1   4  0.23 0.13
  114 F   -3 -4 -4 -5  2 -1 -4 -4 -2  1 -2 -4 -2  6 -4 -4 -3 -1  6  0    1   0   0   0   4   3   0   0   0   8   1   0   0  44   0   0   0   0  30   6  1.17 0.40
  115 E   -1  1  0  0 -3 -1  2 -3 -2 -2 -1  2 -2 -3 -2  2  2 -3  0 -1    0   6   4   4   0   0  19   0   0   2   8  13   0   0   0  20  17   0   4   3  0.26 0.20
  116 M   -3 -3 -4 -5 -3 -3 -4 -5 -4  4  3 -2  4  1 -4 -3 -1 -3 -2  2    0   0   0   0   0   0   0   0   0  29  30   3  15   4   0   0   3   0   0  15  0.64 0.28
  117 K    1  1 -1 -2 -4 -1 -2 -2 -3 -4 -4  4 -3 -2  4  1  1 -4 -3 -3   12   7   3   0   0   0   0   2   0   0   0  30   0   2  24   8  11   0   0   0  0.58 0.28
  118 L   -1 -3  0 -2  1 -1 -2 -2 -3  1  4 -3  1 -2 -4 -1 -1 -3 -3  0    4   0   6   2   3   2   2   2   0   8  59   0   1   0   0   4   4   0   0   2  0.46 0.25
  119 M   -1 -1 -4 -4 -3 -1 -1 -4 -3  4  2 -3  5  0 -4 -3 -1 -3  0  1    6   3   0   0   0   2   4   0   0  34  19   0  20   2   0   0   2   0   3   4  0.49 0.25
  120 D   -3 -3  0  6 -1  0  3 -3 -3 -2 -3  0 -4 -5 -3  0 -2 -5 -4 -3    0   0   2  55   2   4  17   0   0   3   3   4   0   0   0   7   0   0   0   1  0.92 0.36
  121 I   -1 -1 -2 -3 -3 -1 -3 -1 -3  3  1 -1 -1 -2  3  0  0 -4 -3  2    2   2   1   0   0   3   0   4   0  25  11   3   0   0  15   6   7   0   0  20  0.30 0.18
  122 D   -1 -2  2  4 -3  0  2 -1 -2 -1 -2  0 -3 -4 -3  2  0 -4 -3 -1    1   0  11  25   0   2  18   3   0   4   3   5   0   0   0  18   5   0   0   4  0.39 0.21
  123 S    1 -2  0 -1 -1  0  1  1 -2 -1 -1 -2 -2 -2 -1  2  2 -3  0  0   13   0   3   2   1   2  13   9   0   2   5   0   0   0   3  18  18   0   5   7  0.18 0.16
  124 E   -2 -1 -2  2 -3  3  3 -3 -2  0  0  1 -1 -3  1  0  1 -4 -3  0    0   0   0  10   0  15  25   0   0   6  10   9   1   0   6   4   8   0   0   6  0.30 0.19
  125 H   -2 -1  1  2 -4  2  5 -3  4 -4 -4  0 -3 -3 -3  0  0 -4 -3 -3    0   3   7   8   0  11  41   0  10   0   1   2   0   1   0   6   6   0   0   2  0.62 0.28
  126 L   -2 -3 -4 -4 -3 -3 -3 -4 -4  2  3 -3  1 -2  5 -3  0 -3  0  1    0   0   0   0   0   0   0   0   0  13  34   0   4   0  28   0   7   0   4   7  0.66 0.28
  127 G   -2  1  2  2 -4 -1  1  2 -2 -4 -4  1 -3 -4  4  0  0 -4 -3 -3    0   7  10  13   0   0  10  15   0   0   0  11   0   0  22   3   5   0   0   0  0.49 0.21
  128 I   -1  0 -2 -1 -3 -1  2 -3 -3  3  1 -2 -1 -2 -1 -1 -1 -3 -2  2    4   6   1   2   0   1  17   0   0  29  14   0   0   0   3   5   2   0   0  13  0.23 0.18
  129 P   -2 -3 -4 -4 -4 -3 -1 -3 -4 -1 -1 -3 -4 -5  8 -3 -3 -5 -4 -1    3   1   0   0   0   0   3   2   0   4   6   0   0   0  74   0   0   0   0   4  1.80 0.50
  130 D   -1  0  2  3 -4  1  3 -1 -2 -4 -4  2 -3 -4 -3  0  0 -4 -3 -4    3   4  11  21   0   3  25   3   0   0   0  18   0   0   0   4   7   0   0   0  0.53 0.24
  131 A   -1 -3 -4 -4 -1 -1 -3 -4 -4  3  4 -2  1  0 -4 -1  0 -3 -2  1    3   0   0   0   1   4   0   0   0  21  45   2   2   3   0   3   7   0   0   8  0.47 0.24
  132 E   -2 -2  2  3 -5  1  4 -2 -2 -2 -4 -2 -4 -5  2  0 -1 -5 -4 -3    1   0   9  19   0   4  40   1   0   3   0   0   0   0  10   7   4   0   0   1  0.68 0.31
  133 Y   -4 -4 -4  0 -4 -4 -4 -5 -1 -1  2 -4 -2  6 -2 -2 -3  1  6 -3    0   0   0   6   0   0   0   0   1   2  19   0   0  38   2   3   0   1  28   0  0.98 0.38
  134 H    0 -3 -1  4 -4  1  1 -3  1 -4 -4 -2 -3 -4  4  1  2 -5 -4 -2    7   0   2  25   0   5   9   0   3   0   0   0   0   0  23   9  14   0   0   3  0.59 0.27
  135 S    3 -3  2 -2  4 -3 -3  0 -3  0 -2 -3 -2  0 -3  0  0 -4 -1  2   29   0  12   1  11   0   0   8   0   4   0   0   0   4   0   4   5   0   2  19  0.31 0.22
  136 I   -1  1  0 -2 -2  0  1 -3  1  1 -1  3 -1 -2  0  0  1 -3  0  1    1   6   4   0   1   2   9   0   4  10   2  26   1   0   3   6  10   0   3  12  0.17 0.15
  137 V    1 -4 -4 -4 -1 -4 -4 -4 -4  4  0 -4 -1  2 -4 -3 -2 -3  0  3   17   0   0   0   1   0   0   0   0  31   6   0   0  11   0   0   0   0   3  29  0.55 0.27
  138 R    0  1 -1 -1 -2 -1  1 -3 -1  1  0  1  0 -2 -1  0  2 -3 -2  2    4   7   1   2   0   1   9   0   2   7   5  11   3   0   1   4  20   0   0  21  0.15 0.14
  139 M   -1 -4 -4 -5 -3 -3 -4 -5 -4  4  3 -4  5 -2 -4 -3 -1 -4 -3  2    5   0   0   0   0   0   0   0   0  27  28   0  21   0   0   0   4   0   0  14  0.69 0.30
  140 P   -1 -2  1  1 -3  0  0 -3 -1 -2  0  2 -2 -3  4  1 -2 -4 -3 -2    3   0   7  10   0   4   5   0   1   2  14  16   0   0  25  12   0   0   0   2  0.41 0.21
  141 S    2 -2  0 -2 -3 -2 -1  3 -3 -4 -4 -1 -3 -2 -1  4  1 -4 -3 -2   15   1   3   0   0   0   2  27   0   0   0   2   0   2   2  36   9   0   0   1  0.54 0.29
  142 N    2 -1  1  3 -3  0  2  1 -2 -2 -3  1 -1 -4 -2  2 -1 -4 -3 -1   18   1   5  18   0   4  13   9   0   1   0   9   1   0   0  16   1   0   0   4  0.29 0.18
  143 E    0 -2  0  2 -3  0  3  0 -2  0 -2  0 -1 -2 -3 -1  0 -4 -1  1   10   0   3  14   0   2  22   6   0   6   1   6   1   2   0   1   8   0   2  16  0.18 0.15
  144 F   -4 -5 -5 -6 -4 -5 -5 -6 -4  2  4 -5 -1  6 -5 -5 -4 -2 -1 -1    0   0   0   0   0   0   0   0   0  10  44   0   0  44   0   0   0   0   0   2  1.19 0.43
  145 S    1  2  1  1 -3  2  0 -1  1 -3 -2  3 -2 -3 -2  0  0 -3  0 -2   11  11   6   6   0  12   5   2   4   0   3  25   0   0   0   3   5   0   4   3  0.27 0.17
  146 R   -1  4  1  2 -4  0  3 -3 -2 -4 -3  2 -3 -4 -3  0 -1 -4 -3 -2    3  26   6  14   0   2  21   0   0   0   2  16   0   0   0   5   3   0   0   2  0.51 0.25
  147 I    4 -4 -4 -4 -3 -3 -3  0 -4  4 -1 -3  0  0 -3 -1  0 -4 -1  1   39   0   0   0   0   0   0   6   0  34   1   0   2   3   0   3   4   0   2   6  0.51 0.30
  148 C   -1 -5 -5 -5  7 -4 -5 -5 -5  4  2 -4 -1  1 -4 -3 -2 -4 -3  2    4   0   0   0  25   0   0   0   0  29  21   0   0   5   0   0   1   0   0  15  0.83 0.32
  149 K    0  4  0  1 -4  1  0 -1 -2 -4 -4  5 -3 -5 -3  0 -1 -5 -4 -4    8  23   3   8   0   3   2   3   0   0   0  41   0   0   0   5   3   0   0   0  0.65 0.30
  150 D    2 -1  0  6 -4 -2  2 -3  0 -4 -4 -1 -1 -5 -3 -1 -2 -5 -4 -4   19   3   3  54   0   0  11   0   2   0   0   3   2   0   0   2   0   0   0   0  0.92 0.36
  151 L    3 -3 -4 -4 -2 -3 -3 -3 -4  2  3 -3  3  0 -3 -1 -2 -3 -2  1   32   0   0   0   0   0   0   0   0  10  31   0   8   4   0   1   0   0   0  11  0.45 0.25
  152 S    1 -1 -1  3  0  0  2 -2 -2 -4 -4  1 -3 -4 -3  4  0 -5 -4 -3    9   2   0  21   2   2  16   0   0   0   1   8   0   0   0  35   4   0   0   0  0.53 0.29
  153 T   -1 -1  0  1 -3  1  1 -2 -1  1  1  0  2 -2 -1  0  0 -3 -2  0    4   2   3  10   0  10   8   2   1   9  17   5   9   0   2   6   4   0   0   8  0.09 0.10
  154 I   -2 -4  0 -4 -3 -4 -4 -5 -1  4  0 -4 -1  2 -4 -3  0 -4 -2  4    0   0   5   0   0   0   0   0   2  28   5   0   0  11   0   0   6   0   0  43  0.69 0.32
  155 G    0 -3  0 -1 -3 -3 -3  4 -3 -5 -5 -3 -4 -5 -3  5  0 -5 -4 -4    4   0   3   2   0   0   0  33   0   0   0   0   0   0   0  54   5   0   0   0  0.99 0.43
  156 D   -4 -1 -1  7  2 -2  2 -2 -1 -5 -6 -3 -5 -6 -4 -2 -1 -6 -5 -5    0   3   0  71   4   0  13   3   2   0   0   0   0   0   0   0   5   0   0   0  1.44 0.50
  157 T    0 -1 -1 -1  1 -1  0 -3  4 -1 -2  2 -2  0 -3  2  2  0  0 -1    5   1   1   2   3   1   5   0  13   2   2  15   0   4   0  17  18   2   3   5  0.21 0.18
  158 V   -2 -4 -5 -5 -3 -4 -4 -5 -4  4  2 -4  3 -2 -4 -4 -2 -4  0  4    2   0   0   0   0   0   0   0   0  29  18   0   7   0   0   0   0   0   3  40  0.80 0.33
  159 V    0  2  0 -1 -3  1  1 -3 -2  0 -1  2 -1 -2 -2  0  2  0  0  1    8  11   3   1   0   5  10   0   0   4   4  17   1   1   0   4  15   1   3  11  0.15 0.13
  160 I   -2 -4 -5 -5 -3 -4 -5 -5 -4  5  2 -4  2  4 -5 -2 -3 -3 -1  1    2   0   0   0   0   0   0   0   0  43  22   0   4  22   0   2   0   0   0   5  0.81 0.33
  161 S    0  0 -1 -1 -1  0  1  1  0 -1 -2  1  1 -3 -2  2  1 -3 -1 -1    3   6   1   2   1   4   7  11   2   5   0  12   5   0   0  24  12   0   2   3  0.18 0.15
  162 V    3 -2 -3 -3  3 -3 -3 -2 -3  2  0 -2  0 -1 -3  0  1 -4 -2  2   28   2   0   0   7   0   0   1   0  14   6   2   2   3   0   7   7   0   0  22  0.29 0.20
  163 T    0 -1  0  3 -3  1  1 -1 -1 -2 -3  2 -2 -4 -2  2  2 -4 -3 -2    8   1   3  17   0   4   8   4   1   2   2  13   0   0   0  17  17   0   0   1  0.29 0.18
  164 K   -2  0  1  2 -4  0  4  0 -2 -4 -4  2 -3 -5  3  0  0 -5 -4 -4    1   2   6  10   0   1  30   6   0   0   0  18   0   0  16   4   5   0   0   0  0.55 0.26
  165 E   -2 -2  3  5 -5 -1  3 -1 -2 -5 -5  1 -4 -5 -1 -1 -1 -5 -4 -4    1   0  19  34   0   0  23   5   0   0   0   9   0   0   2   3   3   0   0   0  0.77 0.32
  166 G    0  1 -2 -1 -1  0  1  2 -2 -2 -2  3 -1 -3 -3  0  1 -4 -1 -1    6   5   0   1   1   2  11  22   0   1   2  27   2   0   0   6   9   0   3   4  0.27 0.18
  167 V   -3 -4 -4 -5 -1 -3 -3 -3 -4  2  2 -4  0  5 -4 -2 -2 -2 -1  3    0   0   0   0   1   1   2   2   0   9  22   0   1  32   0   3   0   0   0  26  0.61 0.29
  168 K    0  1 -2 -2  0  0  0 -3  0  1  0  1 -1 -1 -2  1  1  0  2  0    5   8   0   1   3   2   5   0   2  12   7  15   0   2   0  12   8   1  10   8  0.09 0.11
  169 F   -1 -4 -5 -5 -3 -4 -5 -5 -4  2  2 -4  4  6 -5 -4 -3 -2  0  0    6   0   0   0   0   0   0   0   0  13  19   0  12  43   0   0   0   0   1   6  0.87 0.35
  170 S    0  1 -1 -1 -3 -1  2 -2  0 -2 -2  2 -2 -2 -2  3  1 -3  2 -1    4   9   1   1   0   0  13   0   2   2   2  17   0   0   0  26   8   0   9   5  0.27 0.19
  171 T    4 -3 -2 -3 -1 -2 -3  1 -3 -1 -3 -2  1 -3 -3  2  2 -4 -3  1   41   0   0   0   1   0   0  12   0   1   0   0   4   0   0  14  15   0   0  10  0.48 0.28
  172 A   -1  1  2  0 -4  1  3 -3  1 -2 -3  2 -1  0 -3  0 -1 -3 -2 -1    3   8  10   3   0   4  27   0   5   1   0  16   1   6   0   7   2   0   0   6  0.30 0.18
  173 G    1 -4 -2 -3 -4 -3 -2  6 -4 -5 -5 -3 -4 -5 -4  2 -1 -4 -4 -4   11   0   0   0   0   0   2  68   0   0   0   0   0   0   0  15   3   0   0   0  1.22 0.41
  174 D   -2 -3  1  5 -5  1  4 -3 -2 -3 -5 -2 -4 -5 -3 -1 -3 -5 -4 -2    2   0   5  44   0   4  37   0   0   1   0   0   0   0   0   3   0   0   0   3  1.03 0.39
  175 I    0 -1 -2 -1 -2 -1 -1  1 -2  1  1 -1  1  0 -2  1  1 -3 -1  0    4   3   0   4   0   0   4  14   0  14  15   3   6   4   0  12   9   0   2   6  0.07 0.09
  176 G   -1 -1  1  3 -4  0 -1  5 -3 -5 -5 -1 -4 -4 -3  0 -1 -4 -4 -4    3   4   7  16   0   6   3  50   0   0   0   4   0   0   0   4   2   0   0   0  0.74 0.29
  177 T   -1  1  1  1 -1  1  3 -3 -2 -3 -2  1 -2 -2 -3  1  2 -4 -1 -2    2   7   5   7   2   4  25   0   0   0   2   8   0   2   0  14  16   0   2   2  0.31 0.20
  178 A    1 -1 -1  0 -2 -2 -2  0 -3  1 -1 -2  0 -2 -3  2  0 -3  1  3   17   4   2   6   0   0   0   9   0   8   1   0   2   0   0  17   3   0   6  27  0.19 0.18
  179 N   -2  1  2  1 -4  0  3 -3  3 -1 -3  1 -2 -3 -3  0  1 -4 -1 -1    1   6  12   6   0   1  28   0   9   3   0  11   0   0   0   6   9   0   2   6  0.34 0.20
  180 I   -2 -1 -2 -2 -2 -3 -3 -4 -4  4  1 -3  2 -1 -2 -1  1  1 -2  3    1   4   1   2   0   0   0   0   0  30  14   0   6   1   2   3   9   2   0  24  0.39 0.21
  181 V   -1  0 -1  1 -3  0  2 -3  0  1 -1  2 -1  0 -2 -1  0 -3 -2  1    5   5   0  10   0   4  17   0   2   8   3  17   0   4   0   3   7   0   0  14  0.15 0.13
  182 L   -2 -2 -4 -5  1 -3 -4 -5 -3  1  4 -4  3  4 -4 -3 -3 -2  3  0    2   1   0   0   3   0   0   0   0   7  43   0   8  18   0   0   0   0  13   3  0.64 0.28
  183 R    0  2 -1  0 -3  0  1 -2  0 -3 -1  1 -2 -3  3  2  1 -4 -3 -2    7  11   0   4   0   3   8   1   2   0   8  10   0   0  15  21  11   0   0   0  0.30 0.18
  184 Q    0  2 -1  0 -3  3  1 -3  1 -2  0  2  0 -3  1  0 -1 -3 -1 -2    6  10   1   5   0  16   7   0   4   1  11  15   3   0   8   8   3   0   3   0  0.21 0.14
  185 N   -2  0  2  4 -3  0  1  2 -1 -3 -3  0 -3 -2 -2  0  1 -3 -3 -3    1   5  11  26   0   2  10  15   1   1   1   5   0   2   1   6  12   0   0   1  0.37 0.17
  186 T    0  1  1  0 -2  0  1  0  1 -2 -2  0  0 -2 -1  2  2 -2 -2 -1    4  10   9   3   0   4  10   7   3   1   3   4   3   2   1  18  15   0   1   2  0.16 0.09
  187 T   -1 -1  1  1 -1 -1 -1  1 -1  0  0 -1 -1 -1  1  1  0 -2  0 -1    3   3   6   9   1   1   2  13   1   6  16   2   1   1   7  18   5   0   4   2  0.08 0.06
  188 V    0  0 -1 -1 -1  0 -1 -1 -1  1  1  0  0 -1 -1  0  1 -1 -1  1    7   5   2   2   1   4   4   3   1  14  11   7   2   2   2   8   8   1   1  15  0.04 0.03
  189 D   -1 -1  0  3 -2  0  1 -1 -1  0  0  0  1 -1 -1  0 -1 -1  0 -1    3   2   3  28   1   2   8   3   1   5  10   7   5   2   2   6   3   1   3   5  0.15 0.07
  190 K   -1  0  0  1 -2  0  2 -1  0 -1 -1  2 -1 -1 -1  0  0 -2 -1  0    3   2   2   7   1   2  22   3   2   3   7  17   2   3   2   9   4   1   1   7  0.13 0.07
  191 P   -1 -1  0  3 -2  1  2 -1 -1 -1 -1  0 -1 -2  2  0  0 -2 -1 -1    4   2   2  20   1   4  19   3   1   5   5   7   1   2   9   5   4   1   2   3  0.20 0.07
  192 E    0  0  1  2 -2  0  3 -1 -1 -2 -2  1 -2 -2  0 -1 -1 -2 -2 -2    6   5   8  14   1   1  30   5   1   2   3   8   1   1   5   2   3   0   1   2  0.28 0.11
  193 D    0 -1  0  2 -2  0  1  2 -1 -1 -2 -1 -2 -2  1  1  0 -2 -2 -1    5   2   4  14   1   3  10  17   1   3   4   2   1   1   6  16   5   0   1   4  0.17 0.08
  194 A    1 -1 -1 -1 -1  0  0  0 -2  1  2 -1  0  0 -1  0 -1 -2 -1  0   13   1   1   4   1   4   6   8   1   6  27   3   2   3   2   9   2   0   1   8  0.06 0.06
  195 I    0 -1 -1 -2 -1  0 -1 -2 -1  2  1 -1  0  0 -1  0  1 -2  0  1    6   1   1   1   1   5   4   2   2  14  18   4   1   3   1   6  14   0   2  14  0.08 0.06
  196 V    0 -1  0  2 -2 -1  1 -2 -2  0 -1 -1 -1 -2  1  1  2 -2 -1  1    8   1   3  16   0   1  11   2   0   6   5   2   0   1   5  10  15   0   2  11  0.13 0.09
  197 I   -1 -3 -3 -3  0 -2 -2 -3 -3  3  3 -3  1  2 -3 -2 -2 -2  0  1    4   1   1   1   2   1   4   1   0  28  30   1   3   9   1   2   1   0   2  10  0.34 0.16
  198 E   -2 -1  1  1 -3  1  4 -2  1 -1 -2  2 -2 -3 -2  1  0 -3 -2 -1    1   1   6   5   0   4  36   1   4   5   3  12   0   0   1  14   5   0   0   3  0.37 0.20
  199 M    0 -2  0 -1  4 -2 -2 -2  1  1  0 -2  3  0 -2  0 -1 -2 -2  2   10   1   5   3  11   1   2   1   4  11   5   1  12   4   1   9   2   0   0  17  0.15 0.12
  200 N   -1 -1  2  1 -3  1  1  2 -1 -3 -2  2 -2 -3  0  0 -1  0 -2 -3    2   1  11  10   0   8  11  16   0   1   4  18   0   1   4   7   3   1   0   1  0.25 0.13
  201 E   -1  0  0  1 -3  2  4 -1 -1 -3 -3  1 -2 -1 -2  0  1 -3 -2 -2    3   3   2   4   0  10  40   5   0   1   1   8   0   3   1   6   8   0   0   3  0.41 0.20
  202 P    0 -1 -1  2 -3  1  3 -3 -2 -3 -3  0 -3 -4  5  0  1 -4 -3 -3   10   2   1  12   0   5  20   1   0   0   1   4   0   0  27   4  11   0   0   1  0.56 0.23
  203 V    3 -3 -3 -1 -1  0 -2 -2 -3  1 -1 -2 -1  0 -3  1  0 -3 -1  3   32   0   0   3   1   4   0   0   0   8   4   0   0   3   0  10   5   0   2  28  0.29 0.21
  204 S   -1  3 -1 -1 -3  1  2 -3  0 -1 -3  3 -2 -3 -2  1  1 -4 -1 -1    1  15   1   2   0   3  17   0   2   4   0  22   0   0   0  14  10   0   2   6  0.32 0.20
  205 L    1 -3  1 -2  0  0 -2  1 -1 -3  0 -2 -2 -1 -3  4  0 -4 -3 -2   11   0   7   0   2   4   0  12   2   0  14   0   1   3   0  43   2   0   0   1  0.38 0.27
  206 S    1  0 -1 -2 -2 -1  0 -2 -2  0  1  0  0 -1 -1  2  2 -3  0  0   11   7   2   0   0   1   5   0   0   4  17   4   1   2   2  17  17   0   3   7  0.12 0.12
  207 F   -5 -5 -5 -6 -5 -5 -5 -6 -2 -3 -3 -5 -3  7 -6 -5 -5 -1  7 -4    0   0   0   0   0   0   0   0   0   0   0   0   0  54   0   0   0   0  46   0  2.13 0.63
  208 A    2 -2  0  1 -3 -2 -1  1 -3 -4 -3  0 -3 -1  0  4 -1 -4 -3 -3   19   0   4   8   0   0   2  12   0   0   3   7   0   3   5  38   0   0   0   0  0.41 0.26
  209 L   -1 -2 -4 -5  2 -3 -4 -3 -4  3  4 -3  1  1 -4 -2 -1 -3 -2  1    4   2   0   0   4   0   0   2   0  20  47   0   1   4   0   3   2   0   0  10  0.51 0.24
  210 R    0  2  0  4  0  0  3 -2 -2 -4 -4  1 -3 -5 -3  1 -1 -5 -4 -4    6  12   2  27   2   3  24   1   0   0   0   8   0   0   0  11   2   0   0   0  0.54 0.25
  211 Y   -2 -4 -1 -5 -5 -4 -4 -3  0 -3 -1 -2  1  1 -5 -2 -4 -1  8 -1    2   0   4   0   0   0   0   3   1   0   6   2   4   2   0   2   0   0  70   4  1.51 0.54
  212 M   -3 -4 -5 -6 -3 -4 -5 -6 -5  1  5 -5  3  2 -5 -4 -3 -3 -2  0    0   0   0   0   0   0   0   0   0   6  73   0   8   9   0   0   0   0   0   4  1.09 0.41
  213 N    0  1  3  1 -1  0  0 -2 -2 -3  0  3  0 -3 -3  1  0 -4 -3 -2    5   4  19   7   2   3   3   0   0   0  10  28   3   0   0  12   3   0   0   3  0.30 0.20
  214 S   -2  0  1  5 -4  0  1 -1  0 -2 -3  2 -3 -2  1  1 -1 -4 -2 -3    1   4   6  37   0   2   6   2   2   2   2  15   0   2   6   9   2   0   1   0  0.46 0.23
  215 F   -1 -4 -4 -5 -3 -3 -4 -5 -4  3  1 -4  6  5 -4 -1 -1 -3 -1  0    4   0   0   0   0   0   0   0   0  17  10   0  27  29   0   4   4   0   0   4  0.76 0.34
  216 T    0  0  0 -3  1 -2 -2  0 -3  1  0 -2 -1 -1 -3  1  3 -4 -2  1    9   7   5   0   3   0   0   6   0  10  11   0   0   2   0   8  27   0   0  13  0.20 0.17
  217 K   -3  1 -3 -3 -5  0 -2 -3 -3 -5 -5  7 -4 -6 -1  0 -1 -5 -4 -5    0   6   0   0   0   2   0   1   0   0   0  81   0   0   2   5   3   0   0   0  1.44 0.54
  218 A    4 -3 -3 -3  1 -2 -3  1 -3 -2 -1 -3  2 -3  0  1 -1 -4 -1  1   46   0   0   0   2   0   0   8   0   0   4   0   6   0   4  13   2   0   3  11  0.44 0.27
  219 T    1  0  0 -1 -2 -2 -2 -3 -3  1  0 -1  1  0 -3  1  3 -3 -1  0   12   6   4   2   0   0   1   0   0  12   7   2   5   5   0   8  28   0   1   6  0.19 0.17
  220 P    0  0  0 -1 -3  1 -1  2 -2 -1 -3  2 -3 -4  3  1 -1 -4 -3 -2    8   4   2   2   0   6   0  19   0   4   0  20   0   0  17  15   2   0   0   2  0.38 0.20
  221 L    0 -1 -3 -2 -3 -2 -2 -2 -1  2  3  1  1  2 -1  0 -1 -3 -2  0    8   2   0   1   0   0   0   2   1  12  33  13   2   9   3  10   2   0   0   2  0.18 0.16
  222 S    4 -3  0  0  1 -2 -1 -1 -3 -4 -4 -2 -3 -4 -3  4  0 -5 -4 -2   35   0   4   4   2   0   3   2   0   0   0   0   0   0   0  47   2   0   0   1  0.75 0.38
  223 D    0 -2  1  5  1  0  2 -1 -2 -4 -4  0 -3 -5  1  0  1 -5 -4 -4    7   0   6  36   4   2  16   2   0   0   0   4   0   0   7   7   9   0   0   0  0.56 0.26
  224 T   -1  1  0 -1 -3  1  2 -3 -2  0 -2  2 -1 -2 -1  1  2 -3  0 -1    3   7   4   1   0   4  18   0   0   7   2  15   1   1   2  11  18   0   4   1  0.21 0.16
  225 V   -1 -4 -5 -5 -3 -4 -4 -5 -5  2  2 -4  0 -3 -4 -3  0 -5 -3  6    4   0   0   0   0   0   0   0   0  10  15   0   1   0   0   0   5   0   0  65  0.95 0.39
  226 T   -2  0 -2 -1 -2  0  2 -2 -1  0 -1  2  0 -3 -3  0  3 -4 -2  0    0   4   0   2   1   3  16   2   1   8   4  16   2   0   0   7  25   0   1   6  0.23 0.18
  227 I   -3 -5 -5 -5  0 -4 -5 -6 -5  6  3 -4  1  0 -5 -4 -3 -4 -3  2    0   0   0   0   2   0   0   0   0  51  27   0   2   2   0   0   0   0   0  15  0.95 0.36
  228 S    0  3 -1 -1  1 -1  1 -1  1 -4 -4  0 -3 -2 -3  3 -2 -3  4 -3    5  20   1   2   3   0  11   5   3   0   0   5   0   0   0  28   0   0  17   0  0.42 0.27
  229 L   -3 -4 -5 -5 -3 -4 -5 -5 -4  1  4 -4  4  5 -5 -4 -1 -2 -1  0    0   0   0   0   0   0   0   0   0   5  45   0  14  30   0   0   4   0   0   3  0.91 0.36
  230 S    0 -1 -2  1  2 -2 -2  4 -3 -4 -3  1 -3 -4 -3  3 -2 -4 -4 -4    6   2   0   9   6   0   0  41   0   0   2  10   0   0   0  24   0   0   0   0  0.63 0.29
  231 S    0 -1  3  2 -3  0  2 -2 -2 -1 -3  0 -2 -2  0  2  2 -4 -3 -2    8   1  20   9   0   3  15   0   0   4   0   3   0   1   4  15  16   0   0   1  0.33 0.19
  232 E   -1  1  2  6 -5  1  3 -2 -2 -5 -5 -2 -4 -5 -3  0 -2 -5 -4 -5    4   7   9  49   0   7  18   1   0   0   0   0   0   0   0   5   0   0   0   0  0.93 0.35
  233 L   -1 -1 -3 -4 -3 -1 -3  0  3  1  1  1  4  2 -4 -2 -2 -2  3  0    3   2   0   0   0   2   0   7   9   8  10  11  18  12   0   0   0   0  12   7  0.29 0.20
  234 P   -4 -5 -5 -5 -6 -4 -4 -5 -5 -5 -5 -4 -5  0  8 -4 -4 -6 -5 -2    0   0   0   0   0   0   0   0   0   0   0   0   0   4  93   0   0   0   0   3  2.76 0.70
  235 V   -2 -4 -5 -5 -3 -4 -4 -3 -4  2  4 -4  3 -1 -4 -4 -2 -4 -3  3    1   0   0   0   0   0   0   2   0   8  53   0   9   2   0   0   2   0   0  23  0.74 0.31
  236 V   -2  2 -2 -2 -3  2  1 -3 -2  0 -1  3 -1 -3 -3  1 -2  0 -1  2    0  14   0   0   0   9   7   0   0   7   6  26   0   0   0  10   0   2   1  17  0.29 0.21
  237 V   -3 -4 -5 -5  1 -4 -4 -5 -4  3  3 -4  3  3 -4 -4 -2 -3  0  2    0   0   0   0   3   0   0   0   0  18  34   0   9  15   0   0   0   0   2  18  0.64 0.26
  238 E   -2  1 -1  1 -4  2  4 -3  3 -3 -3  0 -3 -2 -3  0  1 -4 -3 -1    0   6   1   6   0   8  41   0   7   0   2   5   0   1   0   6   9   0   0   6  0.51 0.26
  239 Y   -4 -4 -5 -5 -4 -4 -3 -3 -2 -1 -1 -4  0  6 -5 -4 -1 -1  7 -1    0   0   0   0   0   0   2   3   0   2   2   0   2  38   0   0   3   0  44   4  1.36 0.46
  240 K   -1  1  1  1 -1  0  1 -2 -2 -2 -2  2  1 -2  1  1  0 -3  0 -1    1   6   8   9   2   0  13   2   0   1   2  16   7   1   7  10   7   0   4   3  0.16 0.12
  241 V   -2 -4 -4 -5 -3 -4 -4 -5 -4  5  1 -4  3  3 -4 -3 -1 -3  1  2    2   0   0   0   0   0   0   0   0  44  12   0   8  12   0   2   2   0   5  13  0.66 0.28
  242 A    3  1  0  2 -3 -1  0  1 -2 -3 -2  1 -2 -4  2  0 -1 -4 -3 -2   31  10   3  13   0   0   5  10   0   0   3   7   0   0  10   3   3   0   0   2  0.28 0.17
  243 E   -1 -2  3  4 -4  1  2  2 -2 -4 -5 -1 -4 -5 -1  1 -1 -5 -4 -4    1   0  17  24   0   5  13  19   0   0   0   2   0   0   2  14   3   0   0   0  0.54 0.24
  244 M    0 -2  1  0 -3 -1  2  3 -2  0  0 -1  2 -1 -3 -1 -1 -3 -3 -1    4   1   6   4   0   1  16  32   0   5   8   2  10   3   0   3   1   0   0   3  0.25 0.16
  245 G   -1 -4 -2 -3 -4 -3 -2  6 -4 -5 -5 -3 -1 -5 -1  0 -2 -4 -5 -3    2   0   0   0   0   0   3  79   0   0   0   0   2   0   3   7   2   0   0   1  1.39 0.42
  246 Y   -1  2 -1 -2 -4  1  0 -2  4 -3 -2  2 -2  1 -3  0  0 -2  3 -1    4  14   1   0   0   7   5   1  14   0   2  19   0   5   0   5   5   0  13   4  0.33 0.19
  247 I   -1 -4 -4 -5 -3 -4 -4 -2 -4  4  3 -4  3  0 -4 -3 -2 -4 -2  3    5   0   0   0   0   0   0   3   0  26  33   0   7   2   0   0   0   0   0  24  0.60 0.25
  248 R   -1  1 -1  1  1  0  1 -1  0  0 -2  1 -1 -2 -2  1  2 -3  1 -1    2   9   0   7   4   1  10   3   3   9   0  12   1   0   0  11  20   0   5   2  0.16 0.14
  249 Y   -3 -5 -5 -6  0 -5 -5 -5 -2 -2 -1 -5 -2  7 -6 -4 -4 -1  6  0    2   0   0   0   2   0   0   0   0   0   4   0   0  54   0   0   0   0  32   5  1.54 0.48
  250 Y   -3 -4 -5 -5 -3 -4 -4 -5 -2  0  3 -4  2  4 -5 -4 -2  3  5 -1    0   0   0   0   0   0   0   0   0   3  40   0   5  16   0   0   2   4  27   2  0.85 0.32
  251 L   -3 -4 -5 -5 -3 -4 -5 -5 -5  3  5 -4  1 -2 -5 -4  0 -4 -3  0    0   0   0   0   0   0   0   0   0  16  73   0   2   0   0   0   7   0   0   2  1.02 0.37
  252 A    6 -4 -4 -4 -3 -3 -3 -2 -4 -3 -4 -3 -3 -5 -3  1 -2 -5 -4 -1   89   0   0   0   0   0   0   0   0   0   0   0   0   0   0   8   0   0   0   4  1.38 0.50
  253 P   -4 -5 -5 -4 -6 -4 -4 -5 -5 -6 -6 -4 -6 -7  9 -4 -4 -7 -6 -5    0   0   0   0   0   0   0   0   0   0   0   0   0   0 100   0   0   0   0   0  3.10 0.72
  254 K   -1  7 -2 -3 -5 -1 -2 -4 -2 -5 -4  4 -3 -5 -3 -2 -3 -5 -4 -4    4  64   0   0   0   0   0   0   0   0   0  29   0   0   0   0   0   0   0   0  1.34 0.41
  255 I   -2 -4 -4 -1 -3 -4 -4 -5 -4  5  1 -4  2 -1 -4 -2 -2 -4 -3  3    2   0   0   4   0   0   0   0   0  48  12   0   7   2   0   2   0   0   0  23  0.69 0.27
  256 E   -3 -2 -1  1 -5  2  6 -3 -2 -5 -5  0 -4 -5  0 -2 -3 -5 -4 -3    0   0   2   6   0   6  77   2   0   0   0   3   0   0   3   0   0   0   0   2  1.22 0.39
  257 E    1 -2  0  3 -3  1  4 -2 -2 -4 -4 -1 -3 -4 -2  3 -1 -4 -3 -3   11   0   3  16   0   5  34   0   0   0   0   0   0   0   0  30   0   0   0   0  0.60 0.23
  258 D   -2 -2  1  5 -5  0  4 -3 -2 -4 -4 -1 -3 -4 -3 -1 -2 -5 -4 -1    0   0   7  44   0   1  42   0   0   0   0   0   0   0   0   0   0   0   0   5  0.91 0.22
  259 E   -1 -1  0  4 -4  1  4  2 -1 -4 -4  0 -3 -4 -2 -1 -2 -4 -3 -3    0   0   0  26   0   2  52  20   0   0   0   0   0   0   0   0   0   0   0   0  0.66 0.10
  260 E   -1 -1  2  3 -4  1  5 -2 -1 -4 -4  0 -3 -4  0  0 -1 -4 -3 -3    0   0   9  21   0   0  66   0   0   0   0   0   0   0   3   0   0   0   0   0  0.69 0.06
  261 D   -1 -1  0  4 -3  2  4 -2 -1 -2 -2  0  2 -3 -2 -1 -1 -3 -2 -2    0   0   0  29   0  10  44   0   0   0   0   0  17   0   0   0   0   0   0   0  0.46 0.03
  262 K   -1  0  0  4 -4  2  3 -2 -1 -3 -3  2 -2 -4 -1  0 -1 -3 -2 -3    0   0   0  37   0  12  28   0   0   0   0  24   0   0   0   0   0   0   0   0  0.52 0.01
  263 A    2 -1  0 -1 -1  0  0  0 -1 -2 -2  0 -1 -3 -1  4  1 -3 -2 -1   23   0   0   0   0   0   0   0   0   0   0   0   0   0   0  77   0   0   0   0  0.39 0.00

                      K         Lambda
Standard Ungapped    0.1330     0.3164
Standard Gapped      0.0477     0.2670
PSI Ungapped         0.1555     0.3097
PSI Gapped           0.0477     0.2670
