
Last position-specific scoring matrix computed, weighted observed percentages rounded down, information per position, and relative weight of gapless real matches to pseudocounts
            A   R   N   D   C   Q   E   G   H   I   L   K   M   F   P   S   T   W   Y   V   A   R   N   D   C   Q   E   G   H   I   L   K   M   F   P   S   T   W   Y   V
    1 M    -1  -2  -3  -4  -2  -1  -3  -3  -2   1   2  -2   7  -1  -3  -2  -1  -2  -2   2    0   0   0   0   0   0   0   0   0   0   8   0  72   0   0   0   0   0   0  19  0.54 0.09
    2 A     4  -1  -2  -2  -1   1  -1   0  -2  -2  -2  -1  -1  -3  -1   1   0  -3  -2  -1   80   0   0   0   0  12   0   0   0   0   0   0   0   0   0   8   0   0   0   0  0.46 0.07
    3 V     0  -2  -3  -3  -1  -2  -2  -3  -3   2   2  -1   3  -1  -3  -1   0  -3  -2   3    6   0   0   0   0   0   0   0   0  19  19   4  15   0   0   5   5   0   0  27  0.23 0.06
    4 L    -1   0  -1  -3  -2  -1  -2  -1  -2   1   2   1   2   4  -3  -2  -1  -1   0   0    5   5   4   0   0   0   0   4   0   5  26  14   6  27   0   0   0   0   0   4  0.16 0.06
    5 L     0  -3  -3  -4  -2  -2  -3  -2  -3   1   3  -3   6   0   1  -2  -2  -3  -2   1    7   0   0   0   0   0   0   3   0   3  30   0  39   3   7   0   0   0   0   8  0.45 0.14
    6 S     3  -2  -2  -2  -2   1  -1   1  -2   0   0   0  -1  -2  -2   1   0   1  -2   1   37   0   0   0   0   8   0   8   0   4   8   3   0   0   0  16   2   2   0  10  0.19 0.09
    7 I    -1  -2  -3  -3  -2   1  -2  -4  -3   4   1  -2   3   0  -3  -1   0  -3  -2   2    4   0   0   0   0  10   0   0   0  37   9   2  11   2   0   2   4   0   0  19  0.31 0.12
    8 L     1   0  -3  -4  -2  -2  -3  -1  -3   1   3   0   4  -1  -3  -2  -2  -3  -2   0   16   4   0   0   0   0   0   5   0   5  41   5  21   0   0   0   0   0   0   2  0.32 0.14
    9 S     1  -2  -1  -2   1  -2  -2   0  -2  -2   0  -2  -1   2   1   3   1  -3  -1  -1   14   0   0   0   3   0   0   8   0   0   9   0   0  14   5  38   6   0   0   4  0.25 0.13
   10 S     1   0   0  -2  -2  -1  -2  -2   1   0   0   0  -1   0  -2   1   2  -3  -1   1   18   4   2   0   0   0   0   0   6   5   6   4   0   4   0  17  17   0   0  17  0.14 0.09
   11 S     0   0  -2  -3   1  -1  -2  -3  -2   1   1  -2   0   1  -3   2   1   2   0   1    3   6   0   0   4   3   0   0   0  10  14   0   1   6   0  24   7   3   2  17  0.13 0.09
   12 F    -2  -2  -4  -4   0  -3  -4  -2   1   0   2  -3  -1   6  -4  -2  -2  -1   1   2    0   3   0   0   2   0   0   3   4   0  19   0   0  44   0   3   1   0   2  19  0.55 0.20
   13 L    -1  -2  -3  -4  -2  -1  -3  -1  -3   1   3  -1   2   1  -2  -2  -1  -2   0   2    3   0   0   0   0   2   0   6   0   6  36   4   7   6   1   0   1   0   2  23  0.26 0.12
   14 L    -1  -3  -3  -4  -2  -2  -3  -2  -1   2   3  -3   2   3   0  -1  -1  -2   0   1    4   0   0   0   0   1   0   2   2  15  33   0   5  14   5   3   1   0   3  11  0.27 0.12
   15 L    -1  -2  -3  -4  -2  -3  -3  -3  -3   2   3  -3   0   2  -2  -2   0  -2   0   3    5   1   0   0   0   0   0   2   0  12  37   0   0   9   1   2   4   0   2  24  0.34 0.14
   16 L     0  -3  -3  -2  -1  -2  -3  -3   1   1   3  -3   0   3  -2   0   1  -2  -1   0    8   0   0   2   1   0   0   0   4  10  35   0   1  16   1  10   9   0   0   2  0.22 0.13
   17 A     1  -3  -3  -3   4  -2  -3   0  -1   1   2  -3   1  -2  -3  -1   0  -3  -2   2   18   0   0   0  14   0   0   7   2  11  20   0   5   0   0   3   5   0   0  14  0.24 0.12
   18 A     2   0  -2  -2  -2   1  -2  -1  -2   1   1  -1   1  -2  -2   0   1  -3  -2   1   26   4   0   0   0   7   0   4   0   7  11   2   5   1   0   7  10   0   0  15  0.14 0.10
   19 S     0  -2   0  -2   1  -1  -2  -3  -3   2   1  -1   1   1  -3   0   0  -3  -1   1   11   0   5   1   3   1   1   0   0  23  18   4   2   6   0  10   4   0   0  11  0.13 0.08
   20 S     1  -3  -1  -3   3  -2  -3   1  -2   1   0  -3   1   4  -3   0   0  -2   0   0   16   0   2   0   7   0   0  10   0   9   7   0   5  28   0   6   7   0   0   3  0.23 0.13
   21 S     1  -1  -2  -3   3  -1  -1  -2  -2   1   1   0   1   0  -2   1  -1  -2  -1   1   13   3   0   0  10   3   2   0   0   6  21   6   5   3   0  12   1   0   2  14  0.12 0.08
   22 S     1  -2  -1  -3  -1  -2  -2  -1  -1   1   1  -2   0   3  -2   1  -1   0   0   1   13   2   2   0   1   0   0   5   1  12  14   1   2  22   2  13   2   1   0   8  0.14 0.10
   23 T     1  -1  -1  -1   0  -1  -1  -2  -1   0   0  -1  -1  -1   2   2   1   0   0   0   18   4   1   2   2   0   1   0   1   9   9   0   0   1  11  21  13   1   5   2  0.17 0.10
   24 P     1   0  -1  -2  -3  -1  -1   1  -3  -3  -1  -1  -2  -4   4   3   0  -4  -3  -3    8   5   1   0   0   1   1  12   0   0   8   1   1   0  24  35   3   0   0   0  0.50 0.19
   25 R     1   0   0  -1  -1   1   0   0  -2   0   0   1   0  -1   0   1  -1  -3  -1   0   14   5   3   2   1   6   2   7   0   9   9  13   4   1   4  13   0   0   1   6  0.05 0.04
   26 A     3  -1  -2  -3  -2  -1  -1  -2  -2   0   0  -2  -1   1   0   0   0  -2   1   1   40   4   1   0   0   2   2   1   0   4   6   0   0   6   4   5   6   0   5  14  0.19 0.13
   27 S     1  -1   2  -1   4   0   0   0   3  -2  -3  -1  -2  -2  -2   2   1  -3   0  -2   10   1  13   2  12   3   6   4  10   2   0   1   0   1   0  24   7   0   4   0  0.29 0.14
   28 A     3  -3  -2  -2   2  -2  -1   3  -2  -1  -2  -2  -1  -2  -1   1   0  -3   1  -1   31   0   0   1   5   0   2  27   0   3   3   0   2   1   2   9   6   0   6   2  0.31 0.15
   29 C     1  -2  -1  -1   6  -1  -2   1  -2  -1  -1   0  -2  -2  -2   1   0  -3   0  -1   14   0   3   3  27   3   1  10   0   2   4   6   0   0   0  13   4   0   4   4  0.35 0.14
   30 E     1  -2   0   4  -3   2   1   0   0  -3  -3  -1  -3  -3  -1   0  -1  -3   1  -3   12   0   3  34   0  12   9   6   2   0   2   2   0   0   2   6   3   0   7   0  0.39 0.16
   31 R     0   2   1   2  -2   0   0   0  -2  -3  -3   0  -1  -2   0   2   1   5  -2  -2    7  17   7  12   0   3   3   5   0   1   1   2   2   2   3  18   7  10   0   1  0.27 0.12
   32 C     0  -2   0   1   5  -1   0   1  -1   0   0  -1  -1  -1  -1   0  -1  -2  -1   0    5   1   4   9  21   2   7  13   2   5  10   3   0   3   2   5   2   0   2   5  0.16 0.08
   33 V    -3  -4  -4  -5  -3  -4  -4  -4  -4   0   0  -4  -2   0   0  -4   0  11  -1   2    1   0   0   0   0   0   1   1   0   4  10   1   0   2   4   1   6  53   0  14  1.73 0.40
   34 R    -1   2   0  -2  -2   0  -1  -1   3   0   1   0  -1  -1   0   0   0  -2   1   0    2  15   3   1   0   5   3   4  13   4  16   4   0   0   3   9   7   0   5   6  0.10 0.08
   35 N    -1   1   2   2  -3   0   1   0   1  -1  -3   0  -1  -3   2   1   0   0  -2  -2    1   8  16  10   0   4   9   6   3   4   1   4   2   0  11  12   4   2   1   3  0.21 0.09
   36 G     4  -3  -1  -3  -3  -3  -3   4  -3  -4  -4  -1  -3  -4  -3   2  -2  -4  -4  -3   48   0   1   0   0   0   0  31   0   0   0   2   0   0   0  17   0   0   0   0  0.81 0.31
   37 K    -1   3  -1  -2  -3  -1  -1   0   4  -2  -3   2  -2  -2  -3   1   2  -3   1  -1    1  20   0   0   0   0   3   6  15   1   0  18   0   1   0   9  20   0   4   3  0.39 0.20
   38 A     6  -4  -3  -4  -3  -3  -3  -2  -4  -3  -3  -3  -3  -3  -3   1  -2  -5  -4   0   81   0   0   0   0   0   0   1   0   0   0   0   0   1   0  10   0   0   0   7  1.12 0.41
   39 A     1  -1  -2  -3  -3  -3  -3  -2  -4  -1  -3  -3  -3  -4  -3   1   6  -5  -4  -1   13   3   0   0   0   0   0   1   0   2   0   0   0   0   0   7  71   0   0   3  1.06 0.40
   40 Y    -2  -4  -2  -5  -4  -4  -4  -5  -2  -1  -2  -4  -3   6  -5  -4  -3   9   6  -3    3   0   2   0   0   0   0   0   0   3   2   0   0  32   0   0   1  27  29   0  1.54 0.40
   41 S    -3  -2  -4  -5  -4  -3  -4  -3  -1  -3  -2  -1  -3   2  -5  -1  -1  -1   8  -2    0   2   0   0   0   0   0   2   0   0   3   4   0   5   0   4   4   0  72   3  1.53 0.44
   42 P     0  -2  -2   0  -3  -2  -1   5  -3  -4  -4  -2  -3  -4   2   0   0  -4  -2  -4    5   2   0   5   0   0   4  58   0   0   1   0   0   0  12   4   5   0   1   0  0.82 0.25
   43 S     1  -2   0   2  -2   0   0   3  -2  -3  -3   0  -2  -3   0   2   1  -3  -3  -3   11   0   3  14   0   5   3  22   0   0   1   5   0   0   3  23   7   0   0   1  0.33 0.14
   44 L     2   0  -1  -1   0  -1  -1  -1  -2   0  -1  -1  -1  -2   4   0   0  -2  -2  -1   25   5   3   2   3   1   3   4   1   7   6   1   1   1  25   4   4   0   1   3  0.33 0.11
   45 S     0  -1   1   0  -2   0   0   2  -1  -2  -1   0  -2  -2  -2   2   2  -2   0  -2    3   2   8   3   0   4   5  19   1   2   5   4   0   2   1  18  16   0   3   1  0.18 0.09
   46 P     2  -1   0   3  -3  -1  -1   2   2  -3  -3  -2  -2  -2  -1   0  -1   1  -2  -2   22   3   3  26   0   3   1  17   7   1   1   1   0   2   3   3   2   2   0   3  0.31 0.15
   47 L     2  -2   0  -1  -2  -1  -2   3  -2  -1   0  -2  -1  -2   1   0  -1  -2   1  -1   26   1   5   2   0   1   1  23   0   3  11   1   2   1   7   5   1   0   7   1  0.21 0.11
   48 P     0  -1  -1   1  -2  -1  -1   1  -2  -3  -2  -1  -2  -3   4   3   0  -3  -1  -2    5   3   1   7   0   1   2  10   0   1   3   3   0   1  23  34   4   0   3   1  0.46 0.18
   49 P     0  -1   0   2  -3  -1   0   4   0  -3  -3   0  -3  -3   1   1  -1  -3  -3  -2    6   3   2  17   0   0   3  37   2   1   1   6   0   0   7   9   3   0   0   2  0.43 0.15
   50 G     0  -2  -1   3  -3  -2  -1   1  -2  -3  -2  -2  -1  -2   1   1   4  -3   1  -2    6   0   0  18   0   0   3  11   0   0   3   0   2   0   6   9  32   0   8   1  0.34 0.18
   51 G    -1  -2   2   1  -3   0   0  -1   1  -1  -1  -1   4  -1  -2   0   2  -3  -2  -1    5   1  15  10   0   4   5   4   4   1   4   1  22   2   1   6  14   0   0   2  0.23 0.15
   52 G     0  -1   0  -2   2  -1  -1   6   0  -4  -4  -2  -4  -4  -3  -1  -3  -4  -4  -4    4   4   5   2   6   2   3  67   2   0   1   0   0   0   0   1   0   0   0   1  1.01 0.28
   53 G     0  -4  -2  -3  -4  -3  -4   7  -4  -5  -5  -3  -4  -5  -4  -1  -3  -4  -5  -4    6   0   0   0   0   0   0  86   0   0   1   0   0   0   0   3   0   0   0   0  1.62 0.39
   54 G     5  -3   1  -3  -2   0  -2   0  -3  -3  -3  -2  -3  -4  -2   1  -2  -4  -3  -2   71   0   6   0   0   4   0   6   0   0   1   0   0   0   0   7   0   0   0   0  0.84 0.31
   55 C    -3  -5  -4  -5  11  -4  -5  -4  -5  -3  -3  -5  -4  -4  -4  -3  -3  -4  -4  -3    1   1   0   1  90   0   1   1   0   1   1   1   0   0   1   1   1   0   0   1  2.97 0.56
   56 G    -2  -3  -2  -2  -4  -3  -1   7  -3  -4  -4  -3  -4  -4  -3  -2  -3  -3  -4  -4    1   1   1   1   0   1   5  83   0   1   1   1   0   1   1   1   1   0   0   1  1.44 0.33
   57 Y    -4  -4  -4  -5   0  -4  -4  -5  -1  -2  -2  -4  -3   4  -4  -4  -3   0   9  -3    1   0   0   0   2   0   0   1   0   2   3   0   0  14   0   1   0   0  74   1  1.80 0.44
   58 G    -1  -2  -2  -2  -4   0   0   5  -3  -4  -4   2  -3  -4  -3  -2  -2  -4  -4  -2    2   0   0   1   0   5   7  58   0   0   1  18   0   0   0   1   0   0   0   4  0.83 0.26
   59 A     0  -2   5   3  -3   0   0  -1  -1  -3  -3   0  -3  -4  -1   1   1  -4  -3  -2    9   0  33  19   0   3   3   2   1   0   1   6   0   0   2  11   7   0   0   2  0.45 0.18
   60 M     1  -2  -3  -2  -2  -2  -2  -3  -2   0   3  -2   2   2  -2  -1  -1  -2   1   1   12   1   1   2   0   1   1   1   0   2  40   1   8   9   2   3   3   0   4  10  0.26 0.12
   61 A     1  -1   2   0  -2  -1  -1   0   0  -1  -1  -1   0   0  -2   0   0  -1   4   0   11   2  15   4   0   1   1   6   2   1   6   1   2   2   1   4   7   0  22  10  0.17 0.10
   62 M     0   0   0   1  -2   0  -1   2  -1  -1  -1   1   0  -2  -1   1   1  -1  -2   0    7   3   2   9   0   2   1  18   1   1   6   9   3   1   3  14   9   1   1   9  0.10 0.06
   63 E     1  -1   0   2  -2   3   1  -2   0  -2  -2   0  -2  -3   2   1   0  -3  -2  -1   12   1   4  15   0  23   4   1   2   2   1   3   0   1  10  10   5   0   1   4  0.29 0.13
   64 M    -1  -1  -1  -2  -2   0  -1   3  -2  -1   0   0   0  -1   2  -1   0  -2  -2  -1    2   3   1   1   0   7   1  31   0   2  14   7   3   3  10   3   5   0   1   6  0.21 0.09
   65 E    -1  -2  -2  -2  -3  -2  -1   1   0   0  -1  -2  -2   1   3  -1  -2  -1   6  -2    3   1   1   1   0   1   4  13   2   7   4   2   0   5  16   3   1   0  34   1  0.48 0.17
   66 L    -1  -1  -1  -2  -2   0  -1  -1  -2  -1   0  -1   0   0   6  -1  -1  -2  -2  -1    3   3   3   2   1   4   2   4   1   4  12   2   3   6  42   2   2   0   1   2  0.64 0.13
   67 N    -1   0   1   0  -2  -1  -1   1   0  -1  -1  -1   0   4  -1   0  -1  -1   2  -1    3   5  10   4   1   2   2  13   2   2   3   4   3  23   3   7   2   0   8   2  0.15 0.07
   68 G     0  -2   3   1  -3  -2   0   5  -2  -4  -4  -1   0  -4  -3   1  -2  -4  -3  -2    7   2  15   6   0   0   5  45   0   0   1   2   3   0   0  10   0   0   0   2  0.58 0.20
   69 G     0  -1  -2  -3   0  -2  -2   2  -3   0   1  -2   2  -2  -3   1   2  -3  -1   1    4   3   0   0   2   0   0  22   0   6  12   1   7   0   0   8  22   0   2  10  0.20 0.13
   70 F    -1   1   2   0  -3   0   1  -2   1  -2   0  -1   6   0  -3  -1  -2  -3   1  -2    5   8  15   4   0   2   9   3   4   0   7   1  31   5   0   2   0   0   5   0  0.33 0.21
   71 L    -2  -3   1  -3  -3  -3  -3  -3  -4   3  -1  -3  -1  -3  -4  -1   5  -4  -3   2    0   0   9   0   0   0   0   1   0  22   4   0   0   0   0   1  44   0   0  18  0.64 0.28
   72 A     5  -3  -3  -3  -2  -3  -3   0  -4  -3  -3  -3  -3  -4  -3   2   1  -5  -4   0   65   0   0   0   0   0   0   6   0   0   0   0   0   0   0  15   6   0   0   8  0.81 0.32
   73 A     6  -4  -4  -4   5  -3  -3   1  -4  -4  -4  -3  -3  -5  -3  -1  -1  -5  -4  -3   72   0   0   0  13   0   0  11   0   0   0   0   0   0   0   1   2   0   0   0  1.12 0.38
   74 G     1  -4  -3  -4  -3  -3  -4   3  -4   1   3  -3   0  -2  -4  -2  -2  -4  -3   2   11   0   0   0   0   0   0  25   0   5  44   0   0   0   0   0   0   0   0  14  0.50 0.22
   75 G    -1  -3   4  -2  -3  -2  -2   2  -2  -3  -4  -1  -3  -4  -3   5   0  -5  -4  -4    2   0  24   0   0   0   0  14   0   2   1   3   0   0   0  52   2   0   0   0  0.80 0.32
   76 P     0  -3  -1   0  -3   0   1  -1  -3  -2  -3  -2  -3  -4   4   1   4   1  -1  -1    5   0   3   3   0   4   9   3   0   1   1   0   0   0  26   7  31   2   2   4  0.54 0.22
   77 R     3   0   0  -1  -3  -2  -2  -2  -2  -2  -3   0  -2  -2   3   1   0  -4   0  -1   37   4   4   2   0   0   1   0   0   2   0   5   0   2  18  13   5   0   3   5  0.40 0.19
   78 Q    -1  -4  -4  -1  -3  -2  -4  -5  -4   3   5  -4   1   0  -4  -4  -3  -4  -3   0    4   0   0   4   0   2   0   0   0  18  66   0   1   2   0   0   0   0   0   1  0.78 0.28
   79 H    -4  -5  -5  -6  -5  -5  -5  -6   0  -3  -1  -5  -2   8  -6  -5  -4   5   5  -3    0   0   0   0   0   0   0   0   2   0   4   0   0  67   0   0   0   8  19   0  1.75 0.44
   80 R    -2   2   5   2  -5   1   0  -1  -2  -5  -5   3  -4  -5  -3  -1  -2  -5  -4  -4    1   9  40  11   0   6   3   4   0   0   0  24   0   0   0   2   0   0   0   0  0.76 0.27
   81 G    -2   0   4   4  -4  -1   0   1   0  -5  -5   0  -4  -4  -3   1  -1  -4   0  -4    1   5  25  33   0   1   2  13   2   0   0   3   0   0   0  10   1   0   4   0  0.62 0.23
   82 G    -2  -5  -3  -4  -5  -4  -5   7  -5  -6  -6  -4  -5  -6  -5  -1  -4  -5  -6  -6    0   0   0   0   0   0   0  98   0   0   0   0   0   0   0   2   0   0   0   0  2.11 0.49
   83 L     2   1  -1  -2  -2   1   0  -2   0  -1   0   2  -1   0  -2   0  -1  -1   0   0   30   7   1   0   0   5   5   0   2   1  12  15   1   3   0   5   2   1   3   7  0.14 0.12
   84 G     1   0   0  -2  -3  -1  -2   4  -3  -2  -2  -1  -1  -4  -3   2  -1  -4  -3  -1   12   5   3   0   0   2   0  42   0   2   4   3   1   0   0  20   2   0   0   4  0.49 0.20
   85 C    -1  -7  -6  -7  11  -6  -7  -5  -6  -4  -4  -6  -5  -6  -6  -4  -4  -5  -6  -4    4   0   0   0  96   0   0   0   0   0   0   0   0   0   0   0   0   0   0   0  3.40 0.67
   86 G    -2  -3  -1  -4  -5  -4  -5   7  -4  -6  -6  -4  -5  -6  -5  -3  -4  -5  -6  -6    0   2   2   0   0   0   0  96   0   0   0   0   0   0   0   0   0   0   0   0  2.04 0.48
   87 R     3   0  -2  -1  -3   3   0  -1  -2  -4  -4   0  -3  -4  -3   2   0  -4  -3  -3   37   5   0   2   0  19   5   3   0   0   0   5   0   0   0  21   3   0   0   0  0.49 0.23
   88 C    -3  -2  -5  -6  11  -6  -6  -5  -5  -4  -4  -6  -1  -5  -6  -2  -4  -5   1  -4    0   3   0   0  89   0   0   0   0   0   0   0   2   0   0   2   0   0   4   0  3.01 0.63
   89 F    -4  -5  -5  -6  -5  -4  -5  -6  -2  -3  -1  -5  -3   6  -6  -4  -4  -1   8  -3    0   0   0   0   0   0   0   0   0   0   6   0   0  35   0   0   0   0  59   0  1.89 0.47
   90 Q    -2   2  -1   0  -5   5   5  -4  -2  -4  -2   2  -3  -5  -3  -2  -1  -4  -4  -4    1   9   1   2   0  27  42   0   0   0   5   9   0   0   0   0   3   0   0   0  0.82 0.30
   91 M    -3  -4  -5  -5  -3  -4  -5  -5  -5   5   2  -4   2  -2  -4  -4  -2  -4  -3   4    0   0   0   0   0   0   0   0   0  34  21   0   4   0   0   0   0   0   0  41  0.88 0.29
   92 R    -1   5  -1  -2  -3   0  -1  -2  -2  -1  -2   4   1  -3  -2   0   0  -3  -2  -1    4  35   1   1   0   2   1   1   0   3   3  27   5   1   1   5   6   0   0   4  0.47 0.18
   93 C    -2  -4  -2  -4  11  -4  -4  -2  -4  -3  -3  -4  -3  -3  -3  -2  -2  -3  -3  -3    1   1   2   1  79   1   1   3   0   1   2   1   0   1   1   3   1   0   1   1  2.30 0.43
   94 R    -1   0   1   2  -2  -1   1  -1  -2   0  -1   1  -1  -3  -2   1   2  -3  -2   1    2   6   7  13   0   1   7   3   0   4   5  11   0   0   0  10  17   0   0  12  0.14 0.09
   95 N    -1   0   3   3  -3  -1   0   3  -1  -2  -3   1  -3  -3  -2  -1   0  -3  -2  -3    3   3  15  23   0   1   3  27   1   2   1  11   0   0   0   2   4   0   1   1  0.41 0.15
   96 A    -1  -1   1   2  -4  -1  -1  -1   3  -4  -4   0  -3  -4   6   1  -1  -4  -3  -3    4   4   6  12   0   2   0   4   8   0   1   5   0   0  39   9   3   0   0   0  0.75 0.21
   97 E     0   2  -1  -1  -3   2   1  -1   0  -3  -3   2  -2  -3   3   0   0  -3  -1  -1    6  14   1   2   0   9   9   3   3   1   1  17   0   0  18   8   3   0   2   4  0.34 0.12
   98 V     1  -2  -2  -2  -2  -2  -1  -1   0   0   0  -2  -2  -1   2   0  -2   8   0  -1   17   1   2   1   0   1   5   3   3   5  10   1   0   1  10   9   1  25   3   3  0.54 0.17
   99 C    -2  -4  -4  -4  11  -4  -4  -4  -4  -3  -3  -4  -3  -1  -2  -3  -3  -3   0  -3    2   1   1   1  78   1   1   1   0   1   1   1   0   2   2   1   1   0   4   1  2.27 0.44
  100 S     0  -1   0  -2  -2  -1  -2   1  -1  -1   0   0  -1  -2  -2   3   1  -3  -2  -2    3   3   4   1   0   0   1  12   1   4  14   6   0   0   1  39   7   0   1   1  0.25 0.15
  101 N    -1   0   2  -1  -4  -1  -1   4  -2  -4  -2   0  -3  -4   4   0  -1  -4  -3  -3    2   6  10   2   0   1   4  36   0   0   5   5   0   0  20   5   2   0   0   0  0.54 0.18
  102 A     1   2   1  -1  -4   0   0   4  -2  -3  -3   2  -3  -4  -1  -1  -1  -4  -3  -3   10  12   7   2   0   4   6  32   0   1   1  19   0   0   3   1   3   0   0   0  0.41 0.17
  103 G     1  -2  -2  -2  -3  -2  -2   2  -3  -3  -4   0  -3  -4   4   3   1  -4  -4  -3   12   0   0   0   0   0   0  18   0   1   0   7   0   0  20  32  10   0   0   0  0.60 0.24
  104 V    -1  -3  -4  -4  -3  -2  -2  -4  -4   4  -1  -2  -1  -3  -4  -2   2  -4  -3   5    3   1   0   0   0   1   3   0   0  25   1   2   0   0   0   0  16   0   0  48  0.67 0.27
  105 R    -2  -1  -2  -1  -3  -2  -3  -4  -3   1   0   1  -2  -2  -3  -1   5  -4  -1   2    1   3   0   3   0   0   0   0   0   7   7  11   0   1   0   0  47   0   2  19  0.51 0.26
  106 V    -3  -5  -5  -6  -3  -5  -5  -6  -6   3  -1  -5  -1  -3  -5  -4  -2  -5  -3   6    0   0   0   0   0   0   0   0   0  17   2   0   0   0   0   0   0   0   0  81  1.40 0.42
  107 V    -2  -3  -3  -3  -3  -2  -3  -4   1   1  -1   0   4  -2  -3  -1   4  -3   1   2    1   0   0   0   0   0   0   0   4   9   0   8  17   1   0   1  37   0   6  17  0.50 0.26
  108 L     4  -4  -4  -4  -2  -3  -4  -1  -4   4   0  -3  -1  -3  -3  -2  -2  -4  -3   3   39   0   0   0   0   0   0   4   0  29   4   0   0   0   0   0   0   0   0  23  0.61 0.26
  109 T    -1  -4  -3  -4  -3  -3  -3  -4  -4  -3  -3  -3  -3  -4  -4  -1   7  -5  -4   1    4   0   0   0   0   0   0   0   0   0   0   0   0   0   0   1  84   0   0  11  1.47 0.47
  110 D    -4  -4   5   7  -6  -3  -1  -3  -3  -6  -6  -3  -5  -6  -4  -2  -3  -7  -5  -6    0   0  35  65   0   0   0   0   0   0   0   0   0   0   0   0   0   0   0   0  1.73 0.46
  111 F    -2  -2  -3  -2  -3   0   1  -2  -1  -1   2  -2   3   4  -4   0  -2  -2   1  -1    0   1   0   2   0   6  10   3   2   1  22   2  12  27   0   9   0   0   2   2  0.33 0.19
  112 H    -1  -5   3  -4  10  -4  -5  -2   0  -4  -4  -5  -4  -4  -5  -2  -3  -5   0  -4    5   0  16   0  67   0   0   3   2   0   0   0   0   0   0   1   0   0   4   0  2.00 0.49
  113 R    -1   1  -1  -1  -5  -3  -2  -4   0  -5  -5  -1  -2  -5   8  -3  -2  -5  -2  -4    5   7   3   3   0   0   2   0   3   0   0   4   1   0  70   0   1   0   2   0  1.68 0.41
  114 S     0  -3   0   1  -3  -1   0  -1  -3   0  -3  -1  -3  -4   5   2  -1  -5  -4  -1    8   0   3   8   0   2   7   4   0   7   1   3   0   0  35  16   3   0   0   4  0.58 0.19
  115 N     1  -2   5   1   0  -2   1   2  -2  -4  -4  -1  -4  -5  -1   0  -1  -5  -4  -4   14   0  39   5   3   0  10  19   0   0   0   1   0   0   3   5   2   0   0   0  0.60 0.24
  116 S     1   3   1  -1  -3   1  -1   1   0  -3  -3   0  -2  -1   2   1  -1   0   2  -3   14  19   7   2   0   7   1  13   1   0   1   1   0   3  10  11   0   2   8   0  0.24 0.14
  117 T     2   0  -1  -1  -3  -1   0  -1   1  -2  -2  -1  -2  -1   1   0   2   2   4   0   22   5   1   2   0   1   6   3   3   0   2   2   0   1   6   4  16   2  18   6  0.21 0.14
  118 D    -4  -3   1   2  -5   0  -2  -1   9  -5  -3  -3  -4  -4  -4  -3  -1  -5  -1  -5    0   0   6  12   0   2   0   5  68   0   3   0   0   0   0   0   3   0   1   0  1.68 0.46
  119 F    -4  -5  -6  -6  -5  -5  -6  -6  -4  -1   2  -5  -2   8  -6  -5  -4  -2   0  -3    0   0   0   0   0   0   0   0   0   3  18   0   0  79   0   0   0   0   0   0  1.79 0.46
  120 L    -4  -2   0   7  -5  -2   0  -4  -3   1  -2  -3   0  -4  -4  -2  -3  -6  -5   0    0   2   2  71   0   0   3   0   0   9   3   0   3   0   0   0   0   0   0   7  1.18 0.37
  121 L    -3  -4  -5  -6  -3  -4  -5  -6  -5   2   5  -4   5   0  -5  -4  -3  -3  -3  -1    0   0   0   0   0   0   0   0   0   8  71   0  18   3   0   0   0   0   0   0  1.10 0.35
  122 G     2  -3  -2  -3  -3  -2  -2  -1  -3  -4  -4  -2  -3  -2   0   6   1  -4  -1  -3   15   0   0   0   0   0   0   2   0   0   0   0   0   1   5  68   7   0   2   0  0.91 0.36
  123 G    -1   0   0  -2  -4   3   1   3  -1  -2  -2   0   1  -4   3   0  -1  -4  -3  -3    1   4   4   0   0  17   8  28   1   2   2   6   5   0  15   5   1   0   0   0  0.41 0.18
  124 P     0   0   0   1  -4   0   1  -3   1  -3  -3   1  -3  -4   5  -1   2  -4  -3  -3    9   3   4   8   0   2   9   0   5   1   2  12   0   0  32   0  14   0   0   0  0.58 0.20
  125 A     6  -4  -3  -1  -3  -3  -2  -2  -4  -2  -3  -3   1  -4  -3   0  -2  -5  -4  -1   83   0   0   3   0   0   2   0   0   1   0   0   4   0   0   2   0   0   0   4  1.09 0.39
  126 F    -5  -5  -6  -6  -5  -5  -6  -6  -4  -3  -2  -6   1   8  -6  -5  -5   6   2  -3    0   0   0   0   0   0   0   0   0   0   0   0   3  83   0   0   0  10   4   0  2.12 0.50
  127 A     0   1  -1   1  -3   0   1   3  -2  -2   0  -1   0  -2  -2   0   0  -3  -3  -2   10   9   2   7   0   5  12  26   0   1  14   0   2   1   0   6   4   0   0   0  0.19 0.11
  128 G     2   3   0  -2  -3   1   0  -1   0  -2  -2   3  -2  -3  -2   0  -1  -4  -3  -1   27  16   3   0   0   8   3   4   2   2   2  22   0   0   0   5   2   0   0   4  0.29 0.15
  129 L    -3  -4  -4  -5  -3  -3  -4  -5  -4   5   2  -4   6  -2  -4  -4  -3  -4  -3   0    0   0   0   0   0   0   0   0   0  48  17   0  31   0   0   0   0   0   0   1  1.05 0.34
  130 A     5  -3  -3  -3  -3  -3  -3   3  -3  -4  -4  -3  -3  -4  -3   0  -2  -4  -4  -3   70   0   0   0   0   0   0  24   0   0   0   0   0   0   0   3   0   0   0   0  1.02 0.34
  131 K    -1   2   3  -1  -1   2   1  -2  -1  -1  -2   3  -2  -3  -1   0  -1  -3  -2  -1    2  11  18   2   1  10   5   2   0   4   2  27   0   1   2   6   1   0   1   3  0.30 0.12
  132 P     0   0  -1   1  -2   0   0  -1  -1  -2  -2   0   0  -2   5   0  -1  -2  -2  -1    8   7   2   8   1   4   5   3   1   2   3   7   5   1  29   9   2   0   1   3  0.37 0.08
  133 G     0  -1   0  -1  -1  -1  -1   4  -1  -2  -2  -1  -1  -2   1   1   0  -1  -1  -1    4   3   3   3   1   2   3  42   1   3   5   3   1   2   6   9   4   1   2   3  0.33 0.07
  134 M     0   0   1   1  -1   1   1  -1   0  -1   0   1   1  -1  -1   0   0  -1  -1   0    9   4   7   7   1  10   7   3   3   2  10   8   7   2   2   5   4   1   2   7  0.04 0.02
  135 A     1  -1   1   1  -1   0   1   1   0  -1  -1   0  -1  -1  -1   1   0  -1   1  -1   17   2   7  10   1   2  12   9   1   2   4   3   1   2   2   7   6   1   7   3  0.09 0.03
  136 H     0   0   0   2  -1   0   1   1   1  -1  -1   0  -1  -1  -1   0   0  -1  -1  -1    7   4   4  17   1   4   8  13   6   3   5   5   1   2   3   4   8   1   2   5  0.10 0.02
  137 K     0   0   1   0  -1   2   1  -1   0   0  -1   1  -1  -1   0   0   0  -1   0   0    5   5   9   6   1  12  10   4   2   6   4  11   1   2   3   5   3   1   3   7  0.08 0.03
  138 L    -1  -2  -2  -2  -1  -2  -2  -1  -2   2   3  -2   1  -1  -2  -2  -1  -2  -1   1    5   2   1   2   1   1   2   6   1  14  42   2   1   1   2   2   2   0   2  11  0.22 0.09
  139 K    -2   4  -2  -3  -3   1  -2  -3   0  -2  -1   0  -2   0  -3  -1   1   3   5  -2    1  27   1   1   0   5   1   1   1   1   7   3   0   2   1   5   8   5  28   1  0.47 0.18
  140 K    -1   3   1   1  -3   0   0  -2   1  -3  -3   3  -2  -4  -2   2   0  -4  -3  -2    3  16   6   8   0   3   2   2   4   0   0  28   0   0   0  17   7   0   0   3  0.35 0.16
  141 L     4   0  -2  -1  -1   1  -2  -1  -3  -1   0  -2  -2  -1  -2   0  -1  -3  -3   0   52   6   0   4   1   8   0   3   0   2  11   0   0   2   0   6   0   0   0   5  0.37 0.21
  142 D    -1  -1  -2  -1  -4  -3  -2   7  -4  -5  -5  -2  -4  -5  -4  -2  -3  -4  -5  -5    2   4   0   3   0   0   2  86   0   0   0   1   0   0   0   0   0   0   0   0  1.58 0.39
  143 A    -1  -2  -1  -3  -2  -1   0  -3  -3   4   0   0   1  -2  -3  -2  -1  -3  -2   3    5   0   4   0   0   2   7   1   0  41   4   7   2   0   0   1   3   0   0  22  0.37 0.18
  144 L    -1  -3  -4  -4  -2  -3  -3  -4  -4   4   2  -3   1   0  -3  -3  -2  -3  -2   4    4   0   0   0   0   0   0   1   0  29  22   0   3   2   0   1   0   0   0  34  0.55 0.19
  145 S    -2   0   1   3  -4   0   1  -2  -2  -3  -3   0   0  -4   5   0  -1  -4  -3  -3    1   5   8  17   0   4   7   2   0   0   1   4   4   0  35   9   2   0   0   0  0.69 0.20
  146 V    -2  -3  -4  -4  -2  -3  -4  -4  -4   4   1  -3   1  -2  -3  -3   0  -4  -2   5    1   0   0   0   0   0   0   1   0  25  12   0   3   0   0   1   5   0   0  50  0.68 0.23
  147 E    -1   0   0   0   0   3   2  -2  -1  -1  -1   1   0  -2  -2   1   0  -3  -1  -1    3   2   3   4   2  22  15   1   0   3   8   6   3   1   0  15   6   0   2   5  0.19 0.12
  148 Y    -4  -4  -5  -6  -5  -4  -5  -5  -1  -3  -3  -4  -3   5  -5  -4  -4   3   8  -1    0   0   0   0   0   0   0   0   0   0   0   0   0  26   0   0   0   4  65   4  1.86 0.47
  149 R    -2   6  -1  -3  -5   4  -1  -4  -2  -2  -4   2  -3  -4  -4  -2  -2  -4  -1  -2    3  54   1   0   0  19   0   0   0   3   0  13   0   0   0   0   2   0   2   3  0.97 0.35
  150 R    -3   7  -3  -3  -5   0  -1  -4  -2  -2  -4   3  -3  -5  -4  -3  -3  -5  -4  -2    0  70   0   0   0   3   2   0   0   3   0  17   0   0   0   0   0   0   0   4  1.34 0.42
  151 I    -1  -4  -5  -5  -3  -4  -4  -5  -5   2  -1  -4  -1  -3  -4  -3   0  -5  -3   6    3   0   0   0   0   0   0   0   0   9   0   0   0   0   0   0   5   0   0  82  1.25 0.43
  152 P     1   0  -1  -3  -1  -2   0  -2  -3  -4  -4   2  -3  -5   6   2  -2  -5  -4  -4   10   4   2   0   1   0   4   2   0   0   0  13   0   0  44  18   0   0   0   0  0.94 0.30
  153 C    -3  -6  -5  -6  11  -5  -6  -5  -5  -4  -4  -5  -4  -5  -5  -3  -3  -5  -5  -3    0   0   0   0  95   0   0   0   0   0   0   0   0   0   0   0   0   0   0   0  3.27 0.68
  154 D     0   2   1   2  -3   1   1   1  -1  -3  -2   2  -2  -3  -1  -1  -1  -3  -2  -2   10  12   5  12   0   6  10  11   0   1   4  19   0   1   2   1   3   0   1   1  0.21 0.09
  155 Y    -2  -2  -2  -2  -2  -2  -2  -2   1  -1  -1  -2   0   2   0  -2  -2   5   6   1    2   1   1   2   1   1   2   2   3   2   3   3   2   8   5   2   2   7  36  14  0.53 0.17
  156 K     0   4  -2  -2  -3   0  -1   0  -2  -1  -2   2  -2  -3   3   0   0  -3  -3  -2    8  30   0   1   0   1   1   8   0   5   3  16   0   0  14   3   7   0   0   1  0.38 0.17
  157 D     0   1   1   0  -3   0  -1   3   0  -2  -3   1  -2  -3  -2   2   0  -3  -1  -2    3   6   6   5   0   4   2  29   1   2   0  10   0   0   0  18   7   0   3   2  0.30 0.14
  158 K    -2   0   0  -2  -4  -2  -2   5  -3  -3  -2   2  -2  -3  -3  -2  -1  -3   0  -1    0   6   3   1   0   0   1  54   0   0   5  13   1   0   0   0   5   0   4   4  0.64 0.25
  159 N    -2  -1   5  -1  -4  -1  -2   4  -2  -1  -4   0  -1  -4   0  -1   0  -4  -2  -3    0   2  31   1   0   2   0  34   0   5   0   7   2   0   4   2   7   0   1   0  0.57 0.28
  160 L    -2  -3  -4  -4  -3  -3  -4  -4  -4   4   1   1   2   0  -4  -3  -2  -4  -2   4    0   0   0   0   0   0   0   1   0  31  13  11   6   3   0   0   0   0   0  35  0.59 0.29
  161 S     1   4   0  -2  -3   0  -1  -2  -2  -2  -3   2  -2  -4  -1   0   1  -4  -3   0   17  31   4   0   0   3   2   2   0   2   0  15   0   0   2   4  11   0   0   8  0.37 0.22
  162 I    -2  -4  -4  -5  -4  -4  -5  -2  -3   2  -2  -4  -2   7  -5  -4   0  -2   3   1    3   0   0   0   0   0   0   3   0  10   0   0   0  56   0   0   6   0  10  11  1.07 0.41
  163 L    -1   2  -2  -3   0   1  -1  -3   3  -2  -2   1   2   1  -3  -1   3  -3  -2  -1    3  16   0   0   2   5   2   1   9   1   1  11   9   9   0   1  25   0   0   5  0.29 0.22
  164 V    -2  -4  -4  -4  -3  -3  -4  -5   2   4   1  -2   3   1  -4  -3  -2  -4  -2   4    0   0   0   0   0   0   0   0   6  28   6   3  10   7   0   0   0   0   0  37  0.64 0.30
  165 E    -1  -1   3   3  -3   1   2  -2   0  -2  -3   1  -2  -3  -2   0   1  -4  -3  -1    4   1  21  16   0   4  17   1   2   3   1  11   0   0   0   5   8   0   0   4  0.34 0.18
  166 E     1  -2  -2   1  -4   0   4   4  -2  -4  -4   0  -3  -4  -1  -1  -2  -4  -4  -3   10   0   0   6   0   2  32  36   0   0   1   5   0   0   2   1   1   0   0   1  0.63 0.28
  167 Q     0   1   0   0  -3   0  -1   4   3  -3  -3   2  -2  -3   0   0  -1  -3  -2  -3    7   7   3   4   0   2   1  33  11   1   2  14   0   1   3   5   2   0   1   1  0.35 0.16
  168 S     1  -2  -1   0  -2  -2  -2   2  -2  -3  -3  -1  -3  -3  -1   5   0  -3  -3  -2    9   2   2   4   0   1   1  13   0   1   1   2   0   1   3  55   4   0   0   3  0.57 0.28
  169 K     0   0   0   0   0  -1  -1   0   0  -1  -1   0  -1  -1  -1   2   1  -1   3  -1    3   6   4   6   3   2   3   9   1   2   4   6   1   2   2  18   9   1  15   3  0.11 0.07
  170 R    -2   0   5   1  -3  -2  -2  -1  -1  -3  -2   0  -2   4  -2  -1  -1  -2   1  -3    1   6  38   7   0   1   1   3   0   1   2   6   0  21   2   4   2   0   5   1  0.51 0.25
  171 P    -1  -1   2   0  -3   0   1  -2   0  -3  -3  -1  -3  -3   6   0   0  -3   0  -3    4   3  11   6   0   3   8   1   2   1   2   2   0   1  41   5   4   0   4   1  0.73 0.23
  172 N    -2  -1   4  -2  -3  -2  -2  -2   2  -2  -2   0  -2   1  -3  -1  -1  -1   6  -1    2   2  27   1   0   1   1   1   6   2   2   6   0   6   1   3   2   0  31   5  0.56 0.24
  173 N    -2  -2  -1  -1  -3  -2   0  -3   1  -1  -2  -2  -2   4  -3  -2   0   5   6  -1    3   1   3   4   0   1   5   1   3   2   2   2   0  16   1   2   5   9  33   5  0.57 0.22
  174 L    -2  -2   0  -2  -2  -2   0  -3  -2   0   3  -1   1   3  -3  -2  -2   2   1  -1    1   1   7   1   0   1   7   1   0   5  42   4   3  16   1   1   1   3   4   1  0.31 0.17
  175 V     2  -3  -3  -3  -3  -1  -1  -3   0  -1   3  -3   1  -2  -3   1   1   6  -2   0   23   0   0   0   0   2   4   0   2   0  31   0   4   0   0  10   8  12   0   4  0.40 0.25
  176 I    -1  -4  -4  -5  -3  -4  -4  -5  -4   3   2  -4   0   2  -4  -3   0  -3  -2   4    4   0   0   0   0   0   0   0   0  16  21   0   0  10   0   0   6   0   0  43  0.61 0.29
  177 K     0  -1  -1  -2  -3  -2  -1  -3  -3   0   4  -1   1  -1  -3   1  -1  -3   0   0    6   3   2   1   0   0   5   0   0   3  50   4   3   1   0  14   2   0   4   3  0.31 0.22
  178 F    -3  -5  -5  -5  -3  -4  -5  -5  -4   4   0  -4  -1   4  -1  -4  -2  -3  -2   5    0   0   0   0   0   0   0   0   0  23   4   0   0  21   3   0   0   0   0  49  0.89 0.38
  179 L    -1  -1   0  -2  -3   1   2  -3  -2  -2   1   2   2  -1  -3   1   2   1   0  -1    2   0   3   0   0   5  13   0   0   0  15  15   7   2   0  11  17   2   3   3  0.18 0.18
  180 Y    -4  -3   6  -2  -5  -3  -3  -4  -1  -1  -3  -3  -3   2  -5  -3  -3  -2   6   0    0   0  43   1   0   0   0   0   0   3   0   0   0   9   0   0   0   0  35   9  1.16 0.48
  181 Q    -1  -1  -3  -2  -3   2   2  -4  -3   0  -2  -2   0   2  -3  -1  -1  -3   0   4    4   3   0   1   0  10  17   0   0   1   0   0   1  11   0   3   3   0   2  43  0.40 0.28
  182 G     2  -1   5   2  -4  -1  -2   4  -2  -4  -5  -2  -4  -5  -3  -1  -2  -5  -4  -2   19   3  30  11   0   2   0  32   0   0   0   0   0   0   0   0   0   0   0   3  0.71 0.33
  183 G    -1  -3   1  -1  -4  -3  -3   6   2  -5  -4  -2  -4  -4  -1   0  -2  -4  -4  -4    2   0   5   3   0   0   0  68   6   0   2   2   0   0   3   5   2   0   0   0  1.08 0.37
  184 Q     2   0   1   3  -3   1   0   0  -2  -3  -3   1  -2  -3  -1   1  -1  -4  -3  -1   23   5   5  25   0   9   4   5   0   0   1   7   0   0   2   8   2   0   0   3  0.30 0.17
  185 T    -2  -4  -1  -1  -4  -1  -3   6  -3   0  -3  -3  -3  -4  -4  -1   0  -4  -1   0    0   0   2   3   0   2   0  61   0   7   0   0   0   0   0   1   8   0   3   9  0.84 0.33
  186 D    -1  -3   0   6  -4  -2   1   0  -3  -3  -3  -2  -4  -4  -1   1   0  -5  -4  -3    5   0   3  53   0   0   6   7   0   2   2   0   0   0   3  10   7   0   0   2  0.75 0.32
  187 I    -3  -5  -5  -5  -3  -4  -5  -6  -5   6   1  -5   1  -1  -5  -4  -2  -4  -3   4    0   0   0   0   0   0   0   0   0  50  11   0   3   1   0   0   0   0   0  35  1.06 0.40
  188 L     2   0  -1  -3  -3   1  -2   0   1   0  -1   2   0  -3  -3   0  -1  -4  -3   2   24   5   1   0   0   6   0   6   3   5   3  20   3   0   0   6   0   0   0  19  0.19 0.18
  189 A     3   0  -1  -1  -1   3   1   0  -2  -4  -3   1  -2  -4  -2   3  -1  -4  -1  -3   26   3   1   3   1  15   7   4   0   0   2   8   0   0   0  27   1   0   3   0  0.37 0.25
  190 V    -1  -4  -5  -5  -3  -4  -5  -5  -5   2   0  -4   5  -3  -5  -4  -1  -5  -3   6    3   0   0   0   0   0   0   0   0   9   6   0  19   0   0   0   2   0   0  62  1.05 0.43
  191 D     0  -2  -1   3  -4   2   3  -2   1  -4  -3   0  -2  -4  -3   3   0   3  -2  -3    5   0   0  19   0  11  21   1   3   0   3   3   0   0   0  25   4   4   1   0  0.47 0.26
  192 V    -3  -4  -5  -5  -3  -4  -5  -5  -5   5   2  -4  -1  -2  -4  -4  -2  -4   0   4    0   0   0   0   0   0   0   0   0  40  19   0   0   0   0   0   0   0   3  36  0.89 0.36
  193 A     0   2  -2  -3   0   1   0  -3  -3  -3  -2   5   4  -4  -3  -2  -2   1  -3  -3    9   8   0   0   2   6   3   0   0   0   2  53  13   0   0   0   0   2   0   0  0.74 0.37
  194 Q    -1  -1  -1  -1  -3   3   3   3  -2  -2  -1   0  -2  -3   1  -1  -1  -3  -3  -2    3   1   1   2   0  18  21  25   0   3   6   6   0   1   8   2   4   0   0   1  0.36 0.19
  195 V     1  -1  -1   0  -2  -1  -1   2   1  -2  -2   1  -2  -3  -2   2   2  -4  -3   0   15   1   1   6   0   0   3  18   5   1   3   9   0   0   1  16  14   0   0   6  0.21 0.15
  196 G    -1  -1   2   1  -4  -2  -2   5  -1  -4  -3   0  -3  -4  -3   2  -2  -4  -4  -2    0   2  12   9   0   0   0  44   1   0   2   6   0   0   0  20   0   0   0   3  0.64 0.29
  197 S     0   2   0  -2   1  -1  -1   1  -1  -3  -2   2   2  -3  -2   3   0   1  -2  -3    4  10   3   0   4   0   1   9   1   0   1  17   7   0   1  32   4   3   1   0  0.30 0.22
  198 S     0  -1   0   1  -3   0   0   2  -2  -2  -2   0  -2  -3   0   2   3  -4  -3  -1    4   1   4   8   0   3   5  16   0   0   2   4   0   0   4  19  25   0   0   5  0.28 0.18
  199 D     0   0   0   0  -3   1   2   2  -1  -3  -2   1  -2  -3  -1   1   1  -3  -3  -2    8   6   3   5   0   9  15  21   1   0   3   6   0   0   2   7  11   0   0   1  0.24 0.13
  200 W    -5  -6  -6  -7   0  -5  -6  -6  -5   0  -4  -6  -4   2  -1  -5  -5  12   3  -5    0   0   0   0   2   0   0   0   0   5   0   0   0   7   3   0   0  72  10   0  3.01 0.76
  201 R    -1   0  -2  -3  -3   1   0  -3  -3   3   1   0   3  -2  -3  -1   1  -4  -3   1    1   5   0   0   0  10   7   1   0  22   9   7  11   0   0   4  12   0   0  10  0.22 0.18
  202 F     1  -1   0   0  -3   1  -1  -3  -2  -3  -2   0  -2  -1   4   1   1  -3   0  -2   14   3   4   4   0   6   3   0   0   0   3   3   0   3  27  14  10   0   4   1  0.42 0.21
  203 M    -2  -4  -5  -6  -4  -4  -5  -6  -5  -1   3  -4   9  -3  -5  -4  -4  -4  -4  -2    2   0   0   0   0   0   0   0   0   0  31   0  67   0   0   0   0   0   0   0  1.86 0.64
  204 T     0   1   0  -2  -3   2   0  -1  -2  -3  -3   2  -2  -4   0   3   2  -4  -3  -1    5   6   2   0   0   9   4   2   0   0   0  19   0   0   3  26  18   0   0   5  0.36 0.23
  205 R    -3   6  -2  -3  -5   2   2  -2   4  -5  -3   2  -3  -5  -4  -2  -3  -5  -3  -5    0  52   0   0   0  10  11   3  11   0   1  10   0   0   0   1   0   0   0   0  1.02 0.41
  206 V    -2   0   5   0  -4   1  -1  -2  -2  -2  -3  -1   2  -4  -3   3   0  -4  -2  -1    0   4  35   4   0   7   1   1   0   2   0   3   7   0   0  24   5   0   1   5  0.52 0.30
  207 Y    -4  -1  -1  -1  -5  -2  -3  -1   2  -4  -1  -4  -3   0  -5  -3  -2  11   1  -4    0   4   3   4   0   2   1   5   6   0   7   0   0   2   0   2   3  57   2   0  1.89 0.55
  208 G    -2  -5  -3  -2  -5  -4  -4   7  -4  -6  -6  -4  -5  -4  -5   0  -4  -4   3  -5    0   0   0   1   0   0   0  81   0   0   0   0   0   0   0   8   0   0  10   0  1.60 0.52
  209 P     4  -2   3  -2  -3   3  -1   0  -2  -2  -4  -1  -3  -4   0   0  -2  -4  -3  -2   48   0  15   0   0  18   1   5   0   2   0   2   0   0   4   4   0   0   0   1  0.58 0.33
  210 V    -2  -3   4  -2  -3  -2  -2  -3   1   2  -1  -3  -2  -2  -4  -1   1  -3   3   3    1   0  31   0   0   1   1   0   3  11   4   0   0   0   0   4   7   0  11  25  0.45 0.29
  211 W    -6  -6  -7  -8  -6  -5  -6  -6   0  -6  -5  -6  -5   0  -7  -6  -3  12   2  -6    0   0   0   0   0   0   0   0   2   0   0   0   0   3   0   0   2  88   5   0  3.90 0.92
  212 S    -1   3  -1  -1   0   4  -1  -3   2  -2  -3   2  -2  -3   0   0   1   1  -2  -1    3  16   0   2   3  26   0   0   5   2   0  13   0   0   5   6   9   2   0   5  0.36 0.22
  213 I     0  -3   0  -3   1  -2  -2  -3  -3   1   1  -2   0  -1  -3   3   2   2   1   0    5   0   3   0   3   0   0   0   0   9  13   0   3   1   0  37  14   3   5   5  0.30 0.23
  214 D    -1  -2   4   3  -3   1  -1  -1  -1  -3  -1  -2  -2   0   0   1   0  -4  -3  -2    4   0  31  19   0   8   2   4   1   0   6   0   0   5   3   9   5   0   0   3  0.39 0.23
  215 R     2   0   2  -2  -3   0   0   0  -2  -3  -3   2  -2  -4  -2   3   1  -4  -3  -1   23   3  10   0   0   3   3   7   0   0   1  14   0   0   0  24   6   0   0   4  0.32 0.21
  216 A     1  -3   2  -1  -3  -2  -1   1  -2  -1  -1  -2   0  -2   4  -1  -2  -3   2   0   12   0  13   4   0   1   2  10   0   3   5   0   3   0  26   2   0   0  11   8  0.39 0.22
  217 P    -3  -3  -4  -4  -3  -3  -4  -1  -4   0   5  -1   0  -1   2  -1  -1  -4  -3   0    0   0   0   0   0   0   0   5   0   1  63   3   1   1  12   5   4   0   0   4  0.62 0.31
  218 N     0   1   1   1  -3   1   0   0  -2  -1  -2   1  -2  -3   0   0   2  -3   0   0    6   8   7   8   0   7   3   8   0   2   0  11   0   0   3   4  20   0   4   8  0.15 0.12
  219 G     1  -4   0  -2  -4  -3  -4   6  -4  -5  -4  -2   0  -5  -4  -2  -2  -4  -4  -4    9   0   3   1   0   0   0  77   0   0   1   2   3   0   0   0   1   0   0   0  1.36 0.43
  220 P     0  -3  -3  -3  -4   3   0  -3  -3  -4  -4  -1   0  -5   6   3  -1  -5  -4  -4    7   0   0   0   0  18   4   0   0   0   0   2   3   0  40  23   2   0   0   0  1.00 0.40
  221 L    -2  -4  -5  -3  -4  -4  -5  -5  -4   0   4  -5   1   6  -5  -4  -3  -2  -1  -1    3   0   0   2   0   0   0   0   0   3  55   0   2  34   0   0   0   0   0   1  1.00 0.40
  222 Q    -1  -1   2  -1  -3   3  -1  -2   0  -4  -4  -1  -3  -5   0   5   1  -5  -4  -4    0   1  10   2   0  14   2   2   1   0   0   3   0   0   3  54   8   0   0   0  0.72 0.38
  223 F    -2  -5  -5  -5  -4  -5  -5  -5  -4   2   1  -5   0   7  -3  -4  -3  -2   0   2    3   0   0   0   0   0   0   0   0  13  11   0   1  52   1   0   0   0   0  18  1.02 0.39
  224 R    -2   6  -2  -3  -5   0  -1  -3  -3  -4  -4   2  -3  -5   2  -2   0  -5  -4  -4    1  62   1   0   0   3   3   2   0   1   0   8   0   0  11   1   6   0   0   1  1.07 0.42
  225 A     0  -4  -4  -5  -3  -4  -4  -4  -4   2   2  -4   2   2  -4  -3  -2  -3   0   4    8   0   0   0   0   0   0   0   0  10  17   0   6  12   0   0   0   0   2  45  0.60 0.28
  226 V    -2  -1  -2  -3  -3  -1   0  -3  -3   0   0  -1   0  -3  -3  -1   5  -4  -3   1    1   2   0   0   0   3   7   1   0   3   7   4   2   0   0   2  54   0   0  13  0.59 0.31
  227 V     0  -2   0  -1  -2  -2  -2  -2  -2   0   1  -2   0   0  -2   3   3  -3  -2   1    7   2   3   4   0   0   0   1   0   2  13   0   2   3   0  27  20   0   0  14  0.22 0.18
  228 T    -1  -1  -1   0  -2  -1   1  -1   0   1  -2   0  -1  -3  -2   2   3  -3  -1   0    2   2   0   4   0   0  12   2   3  12   2   4   1   0   0  21  25   0   2   4  0.24 0.19
  229 G     0  -1  -1   3  -3  -2  -1   3  -3  -3  -3  -1  -3  -4  -3   2   1  -4  -3  -2    3   3   0  22   0   0   2  29   0   0   2   3   0   0   0  19  10   0   0   3  0.45 0.23
  230 G    -1  -2  -1  -1  -3   0  -2   6  -2  -4  -3  -2  -3  -3  -3   0  -1  -3   1  -3    3   2   1   3   0   4   1  60   0   1   2   1   0   0   1   8   4   0   7   1  0.81 0.29
  231 Y     0   1   0  -2  -2   2   0  -2   1   0  -1   1   1  -1  -2   0   0  -2   2   0    6  10   3   1   0  11   5   2   4   5   5  12   5   0   0   9   5   0  11   5  0.11 0.10
  232 D    -1   1   0   2  -2   0   0   1  -1  -1  -2   1  -1  -2  -1   1   2  -2  -1  -1    3   7   3  12   1   2   3  13   2   5   3  10   1   1   2  13  15   0   2   2  0.12 0.07
  233 G     0  -1   1  -1  -2  -1  -1   4   0  -1  -1   0  -1  -2   0   0   0  -2   0  -2    5   3   8   3   1   2   2  35   2   4   5   7   1   1   4   6   5   0   4   2  0.23 0.08
  234 K     0   1   0   1  -2   2   2   0  -1  -2  -2   2  -1  -2  -1   0   0  -2  -1  -1    5   8   5   7   1  10  15   8   1   2   4  15   1   2   2   6   4   1   1   3  0.15 0.05
  235 W    -1   0  -1   0  -1   0  -1  -1  -1   0  -1   1   0   2  -1   0   2   4   0   0    3   5   2   5   1   6   3   3   1   4   4   9   3  15   2   4  17   7   1   6  0.12 0.07
  236 V    -1  -2  -2  -2  -2   0  -2  -2  -2   3   0  -2   0  -2  -2   0   3   1  -1   2    3   1   1   1   0   4   1   2   0  19   8   1   2   1   1   5  30   2   1  15  0.26 0.16
  237 W    -1  -1  -2  -3  -2  -1  -2  -3  -2   2   2  -2   1   0  -2   0   0   5   2   2    1   2   1   1   0   3   1   1   0  12  24   2   4   2   1   8   4   8   8  16  0.23 0.12
  238 A     1  -3  -2  -1  -2  -2  -2  -3  -2   1  -1  -2  -1  -2  -3   1   2  -3   2   4   11   1   0   4   0   1   1   1   0   8   3   1   0   0   1  10  14   0   8  37  0.30 0.20
  239 D     2  -1  -1   0  -1   0  -1  -2  -2   0  -1   1   0   2   0   1   0  -2  -1   0   25   1   1   6   1   3   1   1   0   5   1  10   4  12   5  12   5   0   1   6  0.12 0.12
  240 R    -1   1   2   1  -3   0   0  -1   0  -2  -2   0   0   1  -1   0   0   4   3  -2    3   7  13  10   0   4   5   5   1   1   2   7   3   6   2   8   5   6  12   1  0.16 0.10
  241 E    -3   0   5   4  -4   0   1  -1   0  -4  -2  -2  -3  -4  -3  -1  -2  -4  -3  -4    1   4  41  29   0   3   8   3   1   1   4   1   0   0   1   2   1   0   0   1  0.78 0.30
  242 V     1  -3  -3  -4  -2  -1  -3  -4  -4   2  -1  -2  -1  -3  -3  -1   1  -4  -3   5   11   0   0   0   0   2   0   0   0   8   1   3   1   0   0   3   7   0   0  62  0.67 0.32
  243 L     1  -2  -4  -4  -2  -3  -3  -4  -4   4   1  -3   1  -2   0  -1  -1  -4  -3   2   17   3   0   0   0   0   0   0   0  40   9   0   3   0   5   4   2   0   0  17  0.46 0.25
  244 P    -4  -3  -3  -4  -6  -4  -4  -5  -3  -6  -6  -4  -5  -7   8  -1  -4  -7  -6  -5    0   1   1   0   0   0   0   0   1   0   0   0   0   0  92   5   0   0   0   0  2.72 0.69
  245 A     4   1  -1  -1  -3   0   0  -2  -2  -3  -3   1  -3  -4   2   2   0  -4  -3  -2   40   6   1   2   0   2   5   0   1   0   1  10   0   0   9  19   3   0   0   1  0.42 0.24
  246 N    -1  -1   5   2  -4  -2  -1   3  -2  -3  -4  -1  -3  -3  -3   0  -1   3  -2  -3    3   3  34  10   0   0   1  27   0   2   0   3   0   0   0   7   2   5   1   0  0.57 0.24
  247 W    -5  -5  -5  -6  -5  -4  -5  -5  -4  -4  -4  -5  -4   1  -5  -5  -4  12   1  -1    1   0   0   0   0   0   0   0   0   0   1   0   0   5   0   0   0  82   2   6  3.32 0.69
  248 Q    -1   1   0  -1  -1   2   1  -1  -1  -2  -3   3  -1  -3  -2   1   2  -1  -2  -1    3   8   4   1   1  14   9   3   1   2   0  21   2   1   0  11  13   1   0   3  0.24 0.14
  249 P     2  -3  -2  -3  -3  -3  -3  -2  -3  -1  -2  -3  -2   5   4   0  -1  -2   1  -1   18   0   1   0   0   0   0   1   0   3   0   0   0  33  23   9   3   0   3   3  0.62 0.26
  250 G     0   0   1   1  -4  -3  -3   6  -3  -5  -5  -1  -3  -5  -4  -1  -2  -5  -5  -5    5   6   8   8   0   0   0  66   0   0   0   3   1   0   0   2   1   0   0   0  1.05 0.35
  251 Q     2   0  -1  -2  -3   5   1  -2  -2  -3  -1   2   0  -4  -3   0   1  -4  -3  -2   17   3   1   0   0  33   6   1   0   0   5  15   3   0   0   3  12   0   0   2  0.43 0.25
  252 V    -1  -3  -1  -3   1  -1  -3  -4  -4   1  -1  -3  -2  -2  -3   1   5  -4  -3   1    3   0   2   0   2   2   0   0   0  10   5   0   0   1   0   7  55   0   0  12  0.65 0.32
  253 Y    -5  -5  -5  -6  -5  -4  -5  -6  -1  -4  -3  -5  -3   5  -6  -5  -4   0   9  -4    0   0   0   0   0   0   0   0   0   0   0   0   0  26   0   0   0   0  74   0  2.21 0.60
  254 D    -1   1  -1   3  -3   2   2  -2   0  -3  -3   1  -2  -4  -2   1   2  -4  -3  -2    4   9   0  21   0  10  15   1   2   1   0   7   0   0   0  11  17   0   0   1  0.38 0.18
  255 T     1  -3  -1  -2  -3  -2  -2   3  -3  -4  -4  -2  -3  -4  -1   4   3  -4  -3  -3   12   0   0   0   0   0   0  20   0   0   0   0   0   0   1  45  20   0   0   0  0.67 0.28
  256 G    -1   1   2  -1  -3  -1  -1   3  -2  -1  -2   1  -2  -1  -3   1   0  -3  -1  -1    0   7  15   1   0   0   1  31   0   3   1  13   0   3   0   8   6   0   3   7  0.28 0.14
  257 A     0  -2   0  -3  -2   0  -2   0  -1   1   1   0   0  -2  -3  -1  -1  -3  -2   3    6   1   4   0   0   5   0   9   2   8  13   7   0   0   0   4   2   0   0  39  0.19 0.14
  258 R    -3   1   5  -2  -5   7  -1  -3  -1  -5  -3  -1  -3  -5  -3  -2  -2  -4  -4  -4    0   6  32   0   0  58   0   0   0   0   3   0   0   0   0   0   0   0   0   0  1.21 0.39
  259 I    -4  -5  -5  -5  -4  -5  -5  -5  -3   2   0  -5  -1   8  -5  -4  -4  -1   3   0    0   0   0   0   0   0   0   0   0  12   3   0   0  72   0   0   0   0   7   7  1.39 0.36
  260 A     2  -2  -1  -2  -2  -1  -1  -1  -2  -2  -3  -1  -2  -3  -2   4   3  -4  -3   0   20   0   0   0   0   0   0   0   0   0   0   0   0   0   0  49  24   0   0   7  0.52 0.17
  261 D    -1  -1   2   5  -3   0   2  -1  -1  -3  -3  -1  -2  -3   3   0  -1  -3  -2  -3    1   1   9  50   0   1  11   1   0   1   2   1   0   1  15   1   1   0   1   1  0.58 0.06
  262 V    -1  -2  -2  -2  -1  -2  -2  -2  -2   2   0  -2   0   1   3  -1  -1  -2  -1   3    2   1   1   1   0   1   1   1   0  22   2   1   0  10  14   1   1   0   1  38  0.23 0.04
  263 A     4   1  -1  -1  -1   0  -1   0  -1  -1  -1   0  -1  -2  -1   1   0  -2  -2  -1   66  14   1   1   0   1   1   2   1   1   2   1   1   1   1   2   1   0   1   1  0.27 0.04
  264 R     1   3  -1  -2  -2   3   0  -2  -1  -1  -1   0  -1  -3  -2   0   1  -3  -2   1   12  21   0   0   0  31   0   0   0   0   0   0   0   0   0   0  15   0   0  21  0.23 0.05
  265 E    -1   1   0   3  -3   1   4  -2  -1  -3  -3   0  -2  -4  -2   0   1  -4  -3  -3    0  10   0  23   0   0  52   0   0   0   0   0   0   0   0   0  15   0   0   0  0.54 0.06
  266 S     0  -2  -1  -2  -2  -2  -2   5  -2  -3  -3  -2  -2   2  -2   1  -1  -2  -1  -3    0   0   0   0   0   0   0  62   0   0   0   0   0  17   0  21   0   0   0   0  0.59 0.05
  267 C     1  -4  -3  -4   9  -3  -4  -2  -3  -2  -2  -3  -2  -3  -3  -1  -1  -3  -3  -1   17   0   0   0  83   0   0   0   0   0   0   0   0   0   0   0   0   0   0   0  1.29 0.10
  268 L    -2  -2   0   5  -3  -1   0  -2  -1  -1   1  -2   0   1  -2  -1  -1  -2   2  -1    0   0   0  53   0   0   0   0   0   0  27   0   0  10   0   0   0   0  10   0  0.34 0.03
  269 D    -1  -2   0   4  -3  -1   0  -2  -2  -3  -3  -1  -3  -4   5   1   1  -4  -3  -2    0   0   0  38   0   0   0   0   0   0   0   0   0   0  37  15   9   0   0   0  0.77 0.03
  270 C    -1  -4  -3  -4  10  -3  -4  -3  -4  -2  -2  -4  -2  -3  -3  -1  -1  -3  -3  -1    0   0   0   0 100   0   0   0   0   0   0   0   0   0   0   0   0   0   0   0  1.55 0.07
  271 A     2  -2   0   4  -2  -1   0   1  -2  -3  -3  -1  -2  -3  -1   0  -1  -4  -3  -2   37   0   0  51   0   0   0  13   0   0   0   0   0   0   0   0   0   0   0   0  0.44 0.02
  272 T     1  -1   0   1  -1  -1  -1  -1  -2   1  -1  -1   0  -2  -1   1   3  -2  -2   0   13   1   1  13   0   1   1   1   0  21   1   1   0   0   1   1  44   0   0   1  0.16 0.01
  273 L    -2   0   0  -1  -3   3   0  -2   6  -2   0   0   0  -2  -2  -1  -1  -2   0  -2    0   0   0   0   0  34   0   0  50   0  16   0   0   0   0   0   0   0   0   0  0.46 0.02
  274 D    -2  -2   0   4  -3   0   3  -2  -2   2  -1  -1  -1  -2  -2  -1  -1  -3  -2   0    0   0   0  37   0   0  27   0   0  36   0   0   0   0   0   0   0   0   0   0  0.30 0.01
  275 W    -3  -3  -4  -5  -3  -2  -3  -3  -3  -3  -2  -3  -2   1  -4  -3  -3  11   2  -3    0   0   0   0   0   0   0   0   0   0   0   0   0   0   0   0   0 100   0   0  2.46 0.03
  276 K    -1   1   4   0  -3   1   0  -1   0  -3  -3   4  -2  -3  -2   0   0  -4  -2  -3    0   0  45   0   0   0   0   0   0   0   0  55   0   0   0   0   0   0   0   0  0.46 0.01

                      K         Lambda
Standard Ungapped    0.1369     0.3207
Standard Gapped      0.0435     0.2670
PSI Ungapped         0.1421     0.3123
PSI Gapped           0.0435     0.2670
