
Last position-specific scoring matrix computed, weighted observed percentages rounded down, information per position, and relative weight of gapless real matches to pseudocounts
            A   R   N   D   C   Q   E   G   H   I   L   K   M   F   P   S   T   W   Y   V   A   R   N   D   C   Q   E   G   H   I   L   K   M   F   P   S   T   W   Y   V
    1 M    -1  -2  -2  -3  -2  -1  -2  -3  -2   1   2  -2   6   0  -3  -2  -1  -2  -1   1    0   0   0   0   0   0   0   0   0   0   0   0 100   0   0   0   0   0   0   0  0.42 0.02
    2 E    -1  -1   1   5  -4   1   4  -2  -1  -3  -3   0  -3  -4  -1   0  -1  -4  -3  -3    0   0   0  53   0   0  47   0   0   0   0   0   0   0   0   0   0   0   0   0  0.71 0.01
    3 N    -1  -1   4   3  -2   0   0  -1   0  -3  -3   0  -2  -3  -2   2   0  -4  -2  -3    0   0  50  26   0   0   0   0   0   0   0   0   0   0   0  24   0   0   0   0  0.51 0.01
    4 G     0  -2  -1  -2  -2  -2  -2   5  -2  -1   1  -2  -1  -2  -2  -1  -2  -2  -2  -2    0   0   0   0   0   0   0  73   0   0  27   0   0   0   0   0   0   0   0   0  0.59 0.01
    5 G     0  -2  -1  -1  -3  -2  -2   6  -2  -4  -4  -2  -3  -3  -2   0  -2  -3  -3  -3    0   0   0   0   0   0   0 100   0   0   0   0   0   0   0   0   0   0   0   0  1.07 0.01
    6 Q    -1   0   0  -1  -3   4   1  -2   6  -3  -3   0  -1  -2  -2  -1  -1  -2   1  -3    0   0   0   0   0  47   0   0  53   0   0   0   0   0   0   0   0   0   0   0  0.61 0.01
    7 Y    -2   4  -1  -2  -3   0  -1  -3   1  -2  -2   1  -1   1  -3  -1  -1   0   5  -2    0  53   0   0   0   0   0   0   0   0   0   0   0   0   0   0   0   0  47   0  0.52 0.01
    8 D    -1   0   0   3  -4   1   5  -2   0  -3  -3   0  -2  -3  -1   0  -1  -3  -2  -3    0   0   0  23   0   0  77   0   0   0   0   0   0   0   0   0   0   0   0   0  0.69 0.01
    9 N    -2  -1   6   1  -3   0   0  -1   1  -3  -4   0  -2  -3  -2   1   0  -4  -2  -3    0   0 100   0   0   0   0   0   0   0   0   0   0   0   0   0   0   0   0   0  0.77 0.02
   10 A     2  -2  -1  -2  -2  -2  -2   5  -2  -3  -3  -1  -2  -3  -2   0  -1  -3  -3  -2   23   0   0   0   0   0   0  77   0   0   0   0   0   0   0   0   0   0   0   0  0.77 0.01
   11 R    -2   6  -1  -2  -4   1   0  -2   0  -3  -2   2  -1  -3  -2  -1  -1  -3  -2  -3    0 100   0   0   0   0   0   0   0   0   0   0   0   0   0   0   0   0   0   0  0.79 0.02
   12 F    -2  -1  -1  -2  -3   2   0  -3   4  -2  -1  -1  -1   3  -2  -1  -2   0   4  -2    0   0   0   0   0  27   0   0  26   0   0   0   0  23   0   0   0   0  24   0  0.39 0.01
   13 K    -1   4   0  -1  -3   1   1  -2  -1  -3  -2   4  -1  -3  -1   0  -1  -3  -2  -2    0  27   0   0   0   0   0   0   0   0   0  73   0   0   0   0   0   0   0   0  0.54 0.01
   14 P    -1  -1  -1  -1  -2  -1  -1  -1  -2  -2  -2  -1  -2  -2   7  -1  -1  -2  -2  -2    2   1   1   1   0   1   2   2   1   1   2   1   1   1  75   2   2   0   1   2  1.34 0.01
   15 D    -1  -1   1   5  -2   0   1  -1  -1  -2  -2  -1  -2  -2  -1   0  -1  -3  -2  -2    2   1   1  75   0   1   2   2   1   1   2   1   1   1   1   2   2   0   1   2  0.59 0.01
   16 Y    -1   0  -1  -1  -2   3   0  -2   1  -1  -1   0  -1   1  -1  -1  -1   1   5  -1    2   1   1   1   0  28   2   2   1   1   2   1   1   1   1   2   2   0  48   2  0.32 0.01
   17 F    -1  -1  -2  -2  -2  -1  -2  -2   1  -1   0  -1  -1   4  -2  -1  -1   1   5  -1    2   1   1   1   0   1   2   2   1   1   2   1   1  24   1   2   2   0  52   2  0.44 0.01
   18 K     1   2  -1  -1  -2   1   0  -1  -1  -2  -2   4  -1  -3  -1   0  -1  -3  -2  -2   26   0   0   0   0   0   0   0   0   0   0  74   0   0   0   0   0   0   0   0  0.37 0.01
   19 G     2  -2  -1  -2  -2  -2  -2   5  -2  -3  -3  -1  -2  -3  -2   0  -1  -3  -3  -2   26   0   0   0   0   0   0  74   0   0   0   0   0   0   0   0   0   0   0   0  0.74 0.01
   20 A     1  -2  -2  -2  -1  -1  -2  -2  -2   1   2  -2   1  -1  -2   0   2  -2  -1   2   23   0   0   0   0   0   0   0   0   0  27   0   0   0   0   0  24   0   0  26  0.16 0.00
   21 Q    -1   1   0  -1  -3   5   1  -2   5  -3  -2   1  -1  -3  -2   0  -1  -2   0  -3    0   0   0   0   0  73   0   0  27   0   0   0   0   0   0   0   0   0   0   0  0.58 0.01
   22 S     1  -1   0  -1  -1  -1  -1   3  -1  -2  -2  -1  -2  -3  -1   3   2  -3  -2  -1    0   0   0   0   0   0   0  26   0   0   0   0   0   0   0  47  27   0   0   0  0.37 0.01
   23 M    -1   0  -1  -1  -2   4   1  -2  -1   0   0   0   3  -2  -2  -1  -1  -2  -1   1    0   0   0   0   0  53   0   0   0   0   0   0  23   0   0   0   0   0   0  24  0.25 0.01
   24 W    -2  -2  -2  -3  -2  -1  -2  -2  -2  -2  -1  -2  -1   1  -2  -2  -2  10   2  -2    2   1   1   1   0   1   2   2   1   1   2   1   1   1   1   2   1  76   1   2  1.59 0.01
   25 N    -1  -1   4   0  -2   0  -1  -1   0  -1   1  -1   0  -1  -1   0   0  -2  -1  -1    2   1  48   1   1   1   2   2   1   1  28   2   1   1   1   2   2   0   1   2  0.18 0.00
   26 M    -1  -2  -2  -3  -1  -1  -2  -3  -2   2   2  -2   5   0  -3  -2  -1  -2  -1   2    0   0   0   0   0   0   0   0   0   0   0   0  76   0   0   0   0   0   0  24  0.33 0.02
   27 I    -1  -1  -2  -2  -1  -1  -2  -2  -1   2   1  -1   4   0  -1  -1   0  -1  -1   1    2   1   1   1   0   1   2   2   1  24   2   1  52   1   1   2   2   0   1   2  0.16 0.01
   28 P    -1  -1  -1  -1  -2  -1  -1  -1  -2  -2  -2  -1  -2  -2   7  -1  -1  -2  -2  -2    2   1   1   1   0   1   2   2   1   1   2   1   1   1  75   2   2   0   1   2  1.34 0.01
   29 Q    -1   1   0   0  -3   5   2  -2   0  -3  -2   3  -1  -3  -1   0  -1  -2  -2  -2    0   0   0   0   0  76   0   0   0   0   0  24   0   0   0   0   0   0   0   0  0.58 0.01
   30 H    -1   0   0  -1  -2   0   0  -1   6  -2  -2  -1  -1  -1  -1   0   2  -2   1  -1    2   1   1   1   0   1   2   2  49   1   2   1   1   1   1   2  29   0   1   2  0.33 0.01
   31 Q    -1   1   0   0  -2   5   2  -1   0  -2  -2   1   0  -2  -1   0  -1  -1  -1  -2    2   1   1   1   0  77   2   2   1   1   2   1   1   1   1   2   1   0   1   2  0.45 0.01
   32 I     0  -1  -1  -1  -1  -1  -1  -1  -1   1   0  -1   0  -1   4  -1   0  -1  -1   0    4   3   2   3   1   2   3   4   1  25   5   3   1   2  29   4   3   1   2   3  0.28 0.00
   33 K     0   1   0   0  -2   1   0  -1  -1  -2  -2   3  -1  -2  -1   2   0  -2  -1  -1    2   1   1   1   1   1   2   2   1   1   2  49   1   1   1  28   2   0   1   2  0.23 0.00
   34 E    -1   0  -1   0  -2   1   3  -2   0  -1   0   0   2  -1  -1   0  -1  -2  -1  -1    2   1   1   1   1   1  49   2   1   1   2   2  27   1   1   2   2   0   1   2  0.22 0.01
   35 Q    -1   3   0  -1  -2   4   1  -1   0  -2  -2   1  -1  -2  -1   0  -1  -2  -1  -2    2  28   1   1   0  48   2   2   1   1   2   1   1   1   1   2   2   0   1   2  0.35 0.01
   36 H    -1   0   0  -1  -2   0   0  -1   7  -2  -2  -1  -1  -1  -1  -1  -1  -2   1  -2    2   1   1   1   0   1   2   2  75   1   2   1   1   1   1   2   2   0   1   2  0.57 0.01
   37 N    -1  -1   4   0  -2   0  -1  -1   0  -1   1  -1   0  -1  -1   0   0  -2  -1  -1    2   1  48   1   0   1   2   2   1   1  29   1   1   1   1   2   2   0   1   2  0.19 0.00
   38 A     3   0  -1  -1  -1   0   0   0  -1  -1  -1   2  -1  -2   0   1   0  -2  -1  -1   49   1   1   1   0   1   2   2   1   1   2  29   1   1   1   2   2   0   1   2  0.18 0.00
   39 L    -1  -1  -1   3  -1  -1   0  -2  -1   0   2  -1   1   0  -1  -1  -1  -2  -1   0    2   1   1  29   0   1   2   2   1   1  49   1   1   1   1   2   2   0   1   2  0.14 0.00
   40 V     0  -1  -1  -1  -1  -1  -1  -2   4   1   0  -1   0  -1  -1  -1   0  -2   0   2    2   1   1   1   0   1   2   2  28   1   2   1   1   1   1   2   2   0   1  49  0.14 0.00
   41 M    -1   0  -1  -1  -1   3   0  -2  -1   0   1   0   4  -1  -1  -1   0  -1  -1   0    2   1   1   1   0  28   2   2   1   1   2   1  48   1   1   2   2   0   1   2  0.16 0.01
   42 N     0   0   4   1  -1   0   0   0   0  -2  -2   0  -1  -2  -1   2   0  -2  -1  -2    2   1  48   1   0   1   2   2   1   1   2   1   1   1   1  29   2   0   1   2  0.32 0.00
   43 K    -1   1  -1  -1  -3   1   0  -2  -1  -1  -1   4   3  -2  -1  -1  -1  -3  -2  -1    0   0   0   0   0   0   0   0   0   0   0  73  27   0   0   0   0   0   0   0  0.31 0.01
   44 K    -1   1   3   0  -3   3   1  -1   0  -3  -3   3  -1  -3  -1   0  -1  -3  -2  -3    0   0  27   0   0  26   0   0   0   0   0  47   0   0   0   0   0   0   0   0  0.42 0.01
   45 I    -1  -3  -3  -3  -1  -3  -3  -4  -3   3   2  -3   1   0  -3  -2  -1  -2  -1   3    0   0   0   0   0   0   0   0   0  47  27   0   0   0   0   0   0   0   0  26  0.34 0.01
   46 M    -1  -2  -3  -3  -1  -1  -3  -3  -2   2   3  -2   4   0  -3  -2  -1  -2  -1   1    0   0   0   0   0   0   0   0   0  24  27   0  49   0   0   0   0   0   0   0  0.33 0.01
   47 S     2  -1   0  -1  -1   0   0   0  -1  -2  -2   0  -1  -2  -1   4   1  -3  -2  -1   27   0   0   0   0   0   0   0   0   0   0   0   0   0   0  73   0   0   0   0  0.39 0.01
   48 I    -1  -3  -3  -3  -1  -3  -3  -4  -3   4   2  -3   1   0  -3  -2  -1  -2  -1   2    0   0   0   0   0   0   0   0   0  73  27   0   0   0   0   0   0   0   0   0  0.38 0.01
   49 L    -1  -2  -3  -3  -1  -2  -3  -4  -3   2   3  -2   3   0  -3  -2  -1  -2  -1   1    0   0   0   0   0   0   0   0   0  26  47   0  27   0   0   0   0   0   0   0  0.34 0.01
   50 A     3  -1   3  -1  -1  -1  -1   0  -1  -2  -2  -1  -1  -3  -1   1   0  -3  -2  -1   73   0  27   0   0   0   0   0   0   0   0   0   0   0   0   0   0   0   0   0  0.33 0.01
   51 E    -1  -1   0   4  -4   1   5  -2   0  -3  -3   0  -2  -3  -1   0  -1  -3  -2  -3    0   0   0  27   0   0  73   0   0   0   0   0   0   0   0   0   0   0   0   0  0.69 0.01
   52 R    -2   6  -1  -2  -4   1   0  -2   0  -3  -2   2  -1  -3  -2  -1  -1  -3  -2  -3    0 100   0   0   0   0   0   0   0   0   0   0   0   0   0   0   0   0   0   0  0.79 0.02
   53 D    -2  -2   1   6  -4   0   1  -1  -1  -3  -4  -1  -3  -4  -2   0  -1  -4  -3  -3    0   0   0 100   0   0   0   0   0   0   0   0   0   0   0   0   0   0   0   0  0.97 0.02
   54 A     3  -1   3  -1  -1  -1  -1   0  -1  -2  -2  -1  -1  -3  -1   1   0  -3  -2  -1   73   0  27   0   0   0   0   0   0   0   0   0   0   0   0   0   0   0   0   0  0.33 0.01
   55 A     4  -2  -2  -2   0  -1  -1   0  -2  -1  -2  -1  -1  -2  -1   1   0  -3  -2   0  100   0   0   0   0   0   0   0   0   0   0   0   0   0   0   0   0   0   0   0  0.43 0.01
   56 V    -1  -3  -3  -3  -1  -3  -3  -4  -3   4   1  -3   1  -1  -3  -2   0  -3  -1   3    0   0   0   0   0   0   0   0   0  53   0   0   0   0   0   0   0   0   0  47  0.36 0.01
   57 H    -1   3   0  -1  -3   3   1  -2   4  -3  -2   3  -1  -3  -2  -1  -1  -3  -1  -3    0  27   0   0   0  26   0   0  23   0   0  24   0   0   0   0   0   0   0   0  0.44 0.01
   58 E    -1   0   0   1  -4   2   5  -2   0  -3  -3   1  -2  -3  -1   0  -1  -3  -2  -3    0   0   0   0   0   0 100   0   0   0   0   0   0   0   0   0   0   0   0   0  0.77 0.01
   59 R    -2   6  -1  -2  -4   1   0  -2   0  -3  -2   2  -1  -3  -2  -1  -1  -3  -2  -3    0 100   0   0   0   0   0   0   0   0   0   0   0   0   0   0   0   0   0   0  0.79 0.02
   60 N    -2  -1   5   3  -3   0   0  -1   0  -3  -4   0  -3  -3  -2   0   0  -4  -2  -3    0   0  73  27   0   0   0   0   0   0   0   0   0   0   0   0   0   0   0   0  0.68 0.01
   61 Q    -1   0   0   0  -3   3   2  -2   4  -1   1   0   0  -1  -2  -1  -1  -2   0  -1    0   0   0   0   0  23  24   0  27   0  26   0   0   0   0   0   0   0   0   0  0.27 0.01
   62 A     4  -2  -2  -2   0  -1  -1   0  -2  -1  -2  -1  -1  -2  -1   1   0  -3  -2   0  100   0   0   0   0   0   0   0   0   0   0   0   0   0   0   0   0   0   0   0  0.43 0.01
   63 V    -1  -3  -3  -3  -1  -2  -3  -4  -3   3   2  -3   1   0  -3  -2  -1  -3  -1   3    0   0   0   0   0   0   0   0   0  26  27   0   0   0   0   0   0   0   0  47  0.33 0.01
   64 S     3  -1   0  -1  -1   0  -1   0  -1  -2  -2  -1  -1  -2  -1   3   1  -3  -2  -1   51   0   0   0   0   0   0   0   0   0   0   0   0   0   0  49   0   0   0   0  0.36 0.01
   65 A     2  -1  -1   0  -2   1   4  -1  -1  -2  -2   0  -2  -3  -1   0  -1  -3  -2  -1   47   0   0   0   0   0  53   0   0   0   0   0   0   0   0   0   0   0   0   0  0.38 0.01
   66 K    -1   2   0  -1  -2   1   0  -2  -1  -2  -2   4  -1  -3  -1   0   2  -3  -2  -2    0   0   0   0   0   0   0   0   0   0   0  76   0   0   0   0  24   0   0   0  0.40 0.01
   67 K    -1   2   0  -1  -3   1   1  -2  -1  -3  -3   5  -1  -3  -1   0  -1  -3  -2  -2    0   0   0   0   0   0   0   0   0   0   0 100   0   0   0   0   0   0   0   0  0.55 0.01
   68 E     3  -1  -1   0  -2   1   3  -1  -1  -2  -2   0  -1  -3  -1   1   0  -3  -2  -1   53   0   0   0   0   0  47   0   0   0   0   0   0   0   0   0   0   0   0   0  0.36 0.01
   69 A     4  -2  -2  -2   0  -1  -1   0  -2  -1  -2  -1  -1  -2  -1   1   0  -3  -2   0  100   0   0   0   0   0   0   0   0   0   0   0   0   0   0   0   0   0   0   0  0.43 0.01
   70 V    -1  -3  -3  -3  -1  -2  -3  -4  -3   3   2  -3   1   0  -3  -2  -1  -3  -1   3    0   0   0   0   0   0   0   0   0  27  24   0   0   0   0   0   0   0   0  49  0.33 0.01
   71 A     4  -2  -2  -2   0  -1  -1   0  -2  -1  -2  -1  -1  -2  -1   1   0  -3  -2   0  100   0   0   0   0   0   0   0   0   0   0   0   0   0   0   0   0   0   0   0  0.43 0.01
   72 A     2  -1   0   1  -2   1   4  -1  -1  -3  -2   0  -2  -3  -1   2   0  -3  -2  -2   23   0   0   0   0   0  53   0   0   0   0   0   0   0   0  24   0   0   0   0  0.39 0.01
   73 R    -2   6  -1  -2  -4   1   0  -2   0  -3  -2   2  -1  -3  -2  -1  -1  -3  -2  -3    0 100   0   0   0   0   0   0   0   0   0   0   0   0   0   0   0   0   0   0  0.79 0.02
   74 D    -2  -2   1   6  -4   0   1  -1  -1  -3  -4  -1  -3  -4  -2   0  -1  -4  -3  -3    0   0   0 100   0   0   0   0   0   0   0   0   0   0   0   0   0   0   0   0  0.97 0.02
   75 E    -1  -1  -1   0  -2   1   3  -3  -1   0   1   0   4  -1  -2  -1  -1  -2  -2   0    0   0   0   0   0   0  47   0   0   0   0   0  53   0   0   0   0   0   0   0  0.28 0.01
   76 A     4  -2  -2  -2   0  -1  -1   0  -2  -1  -2  -1  -1  -2  -1   1   0  -3  -2   0  100   0   0   0   0   0   0   0   0   0   0   0   0   0   0   0   0   0   0   0  0.43 0.01
   77 L    -2  -3  -3  -4  -2  -3  -3  -3  -2   1   3  -3   1   5  -3  -3  -2   0   2   0    0   0   0   0   0   0   0   0   0   0  47   0   0  53   0   0   0   0   0   0  0.46 0.01
   78 Q    -1   0  -1   0  -2   2   2  -2  -1  -1   1   0   0  -2  -2   0   2  -2  -2  -1    0   0   0   0   0  23  24   0   0   0  26   0   0   0   0   0  27   0   0   0  0.20 0.01
   79 Q    -1   1   0   0  -3   6   2  -2   0  -3  -2   1  -1  -3  -1   0  -1  -2  -2  -2    0   0   0   0   0 100   0   0   0   0   0   0   0   0   0   0   0   0   0   0  0.71 0.02
   80 R    -2   6  -1  -2  -4   1   0  -2   0  -3  -2   2  -1  -3  -2  -1  -1  -3  -2  -3    0 100   0   0   0   0   0   0   0   0   0   0   0   0   0   0   0   0   0   0  0.79 0.02
   81 D    -2  -2   1   6  -4   0   1  -1  -1  -3  -4  -1  -3  -4  -2   0  -1  -4  -3  -3    0   0   0 100   0   0   0   0   0   0   0   0   0   0   0   0   0   0   0   0  0.97 0.02
   82 K     2   1   0  -1  -2   0   0  -1  -1  -2  -2   3  -1  -3  -1   1   2  -3  -2  -1   27   0   0   0   0   0   0   0   0   0   0  47   0   0   0   0  26   0   0   0  0.26 0.01
   83 A     4  -2  -2  -2   0  -1  -1   0  -2  -1  -2  -1  -1  -2  -1   1   0  -3  -2   0  100   0   0   0   0   0   0   0   0   0   0   0   0   0   0   0   0   0   0   0  0.43 0.01
   84 L    -1  -2  -3  -3  -1  -2  -3  -4  -3   2   3  -2   3   0  -3  -2  -1  -2  -1   1    0   0   0   0   0   0   0   0   0  26  47   0  27   0   0   0   0   0   0   0  0.34 0.01
   85 S     3  -1   0  -1  -1  -1  -1   0  -1  -2  -2  -1  -1  -2  -1   3   1  -3  -2  -1   53   0   0   0   0   0   0   0   0   0   0   0   0   0   0  47   0   0   0   0  0.36 0.01
   86 E    -1   0   0   1  -4   2   5  -2   0  -3  -3   1  -2  -3  -1   0  -1  -3  -2  -3    0   0   0   0   0   0 100   0   0   0   0   0   0   0   0   0   0   0   0   0  0.77 0.01
   87 R    -2   6  -1  -2  -4   1   0  -2   0  -3  -2   2  -1  -3  -2  -1  -1  -3  -2  -3    0 100   0   0   0   0   0   0   0   0   0   0   0   0   0   0   0   0   0   0  0.79 0.02
   88 D    -2  -1   5   4  -3   0   1  -1   0  -3  -4   0  -3  -3  -2   0  -1  -4  -3  -3    0   0  53  47   0   0   0   0   0   0   0   0   0   0   0   0   0   0   0   0  0.68 0.01
   89 K     1   0   4   0  -2   0   0  -1   0  -3  -3   2  -2  -3  -1   1   0  -3  -2  -2   27   0  50   0   0   0   0   0   0   0   0  23   0   0   0   0   0   0   0   0  0.35 0.01
   90 A     4  -2  -2  -2   0  -1  -1   0  -2  -1  -2  -1  -1  -2  -1   1   0  -3  -2   0  100   0   0   0   0   0   0   0   0   0   0   0   0   0   0   0   0   0   0   0  0.43 0.01
   91 L    -1  -3  -3  -3  -1  -3  -3  -4  -3   3   2  -3   1   0  -3  -2  -1  -3  -1   3    0   0   0   0   0   0   0   0   0  50  23   0   0   0   0   0   0   0   0  27  0.34 0.01
   92 I    -1  -2  -3  -3  -1  -1  -2  -3  -2   3   2  -2   4   0  -3  -2  -1  -2  -1   2    0   0   0   0   0   0   0   0   0  23   0   0  50   0   0   0   0   0   0  27  0.29 0.01
   93 E    -1   0   0   1  -4   2   5  -2   0  -3  -3   1  -2  -3  -1   0  -1  -3  -2  -3    0   0   0   0   0   0 100   0   0   0   0   0   0   0   0   0   0   0   0   0  0.77 0.01
   94 R    -1   5   0  -2  -3   1   0  -2  -1  -2  -2   2  -1  -3  -2   0   2  -3  -2  -2    0  76   0   0   0   0   0   0   0   0   0   0   0   0   0   0  24   0   0   0  0.54 0.01
   95 D    -2  -1   1   5  -4   0   3  -2  -1  -3  -4   0  -3  -4  -1   0  -1  -4  -3  -3    0   0   0  76   0   0  24   0   0   0   0   0   0   0   0   0   0   0   0   0  0.80 0.01
   96 N     0  -1   4   1  -2   0   0   0   0  -3  -3   0  -2  -3  -1   3   1  -3  -2  -2    0   0  50   0   0   0   0   0   0   0   0   0   0   0   0  50   0   0   0   0  0.47 0.01
   97 A     4  -2  -2  -2   0  -1  -1   0  -2  -1  -2  -1  -1  -2  -1   1   0  -3  -2   0  100   0   0   0   0   0   0   0   0   0   0   0   0   0   0   0   0   0   0   0  0.43 0.01
   98 Y    -2  -2  -3  -4  -2  -2  -3  -4  -1   1   3  -2   2   1  -3  -2  -1   0   3   0    0   0   0   0   0   0   0   0   0   0  77   0   0   0   0   0   0   0  23   0  0.38 0.01
   99 A     3  -1   2  -1  -1  -1  -1   0  -1  -2  -2  -1  -1  -2  -1   1   2  -3  -2  -1   50   0  24   0   0   0   0   0   0   0   0   0   0   0   0   0  26   0   0   0  0.27 0.01
  100 A     4  -2  -2  -2   0  -1  -1   0  -2  -1  -2  -1  -1  -2  -1   1   0  -3  -2   0  100   0   0   0   0   0   0   0   0   0   0   0   0   0   0   0   0   0   0   0  0.43 0.01
  101 L    -2  -2  -4  -4  -1  -2  -3  -4  -3   2   4  -3   2   0  -3  -3  -1  -2  -1   1    0   0   0   0   0   0   0   0   0   0 100   0   0   0   0   0   0   0   0   0  0.48 0.01
  102 Q    -1   3   0   0  -3   4   3  -2   0  -3  -2   1  -1  -3  -2   0  -1  -2  -2  -2    0  24   0   0   0  49  27   0   0   0   0   0   0   0   0   0   0   0   0   0  0.54 0.01
  103 H    -2  -1  -1  -2  -3   0  -1  -3   6  -2  -2  -1  -1   2  -3  -1  -2   1   5  -2    0   0   0   0   0   0   0   0  50   0   0   0   0   0   0   0   0   0  50   0  0.70 0.01
  104 H    -2   4   0  -1  -3   1   0  -2   6  -3  -3   1  -2  -2  -2  -1  -2  -3   0  -3    0  50   0   0   0   0   0   0  50   0   0   0   0   0   0   0   0   0   0   0  0.61 0.01
  105 E    -1   0   0   1  -4   2   4  -2   4  -3  -3   0  -2  -3  -1   0  -1  -3  -1  -3    0   0   0   0   0   0  73   0  27   0   0   0   0   0   0   0   0   0   0   0  0.61 0.01
  106 N    -2  -1   5   3  -3   0   0  -1   0  -3  -4   0  -3  -3  -2   0   0  -4  -2  -3    0   0  73  27   0   0   0   0   0   0   0   0   0   0   0   0   0   0   0   0  0.68 0.01
  107 S     0   0   3   0  -2   3   0  -1   0  -3  -3   0  -1  -3  -1   3   1  -3  -2  -2    0   0  24   0   0  27   0   0   0   0   0   0   0   0   0  49   0   0   0   0  0.37 0.01
  108 L    -1  -2  -3  -4  -1  -2  -3  -4  -3   1   4  -2   4   0  -3  -2  -1  -2  -1   1    0   0   0   0   0   0   0   0   0   0  74   0  26   0   0   0   0   0   0   0  0.41 0.01
  109 N     0  -1   4   0  -2  -1  -1  -1   0   0  -2  -1  -1  -2  -2   2   0  -3  -2   1    0   0  47   0   0   0   0   0   0   0   0   0   0   0   0  27   0   0   0  26  0.26 0.01
  110 F    -1  -1  -1  -2  -2  -1  -1  -2   4  -1  -1  -1  -1   3  -2  -1   2   0   4  -1    0   0   0   0   0   0   0   0  27   0   0   0   0  23   0   0  26   0  24   0  0.35 0.01
  111 A     3  -2  -2  -2  -1  -1  -1   0  -2   1   0  -1   0  -2  -1   1   0  -3  -2   1   76   0   0   0   0   0   0   0   0  24   0   0   0   0   0   0   0   0   0   0  0.26 0.01
  112 L    -1  -1  -2  -2  -2   2   0  -3  -1   0   2  -1   1  -1   4  -1  -1  -2  -2   0    0   0   0   0   0  27   0   0   0   0  47   0   0   0  26   0   0   0   0   0  0.38 0.01
  113 S     2  -1   0  -1  -1   0   0   0  -1  -2  -2   0  -1  -2  -1   4   1  -3  -2  -1   26   0   0   0   0   0   0   0   0   0   0   0   0   0   0  74   0   0   0   0  0.40 0.01
  114 G     2  -2  -1  -2   5  -1  -1   2  -2  -2  -2  -1  -2  -3  -2   2   0  -3  -2  -1   26   0   0   0  24   0   0  23   0   0   0   0   0   0   0  27   0   0   0   0  0.36 0.01
  115 G     2  -2  -1  -1  -2  -1  -1   2  -2  -3  -3  -1  -2  -3   4   2   0  -3  -2  -2   24   0   0   0   0   0   0  23   0   0   0   0   0   0  27  26   0   0   0   0  0.52 0.00
  116 K     1   1  -1  -2  -2   0   0  -1  -1  -1   1   3   0  -2  -1   0  -1  -3  -2  -1   26   0   0   0   0   0   0   0   0   0  27  47   0   0   0   0   0   0   0   0  0.16 0.01
  117 C     0  -1  -1  -1   7   2   0  -2  -1  -1  -1  -1  -1  -2  -1   0  -1  -2  -1  -1    2   1   1   1  49  28   2   2   1   1   2   1   1   1   1   2   1   0   1   2  0.46 0.01
  118 V    -1   2  -2  -2  -2  -1  -2  -3  -2   1   1   0   0  -1   4  -1  -1  -3  -2   1    0  24   0   0   0   0   0   0   0   0  27   0   0   0  26   0   0   0   0  23  0.34 0.00
  119 D     1  -2  -1   2  -2  -1   0   2  -2  -3  -3  -1  -2  -3   4   0  -1  -3  -3  -2   27   0   0  23   0   0   0  24   0   0   0   0   0   0  26   0   0   0   0   0  0.51 0.00
  120 G     0  -2   0   3  -3  -1  -1   5  -2  -4  -4  -1  -3  -3  -2   0  -2  -3  -3  -3    0   0   0  27   0   0   0  73   0   0   0   0   0   0   0   0   0   0   0   0  0.77 0.01
  121 D     0  -1   1   3  -2   0   3  -1  -1  -3  -3   0  -2  -3  -1   3   0  -3  -2  -2    0   0   0  23   0   0  26   0   0   0   0   0   0   0   0  51   0   0   0   0  0.41 0.01
  122 D    -1  -1   3   3  -3   2   1  -1   0  -3  -3   0  -2  -3   4   0  -1  -3  -2  -3    0   0  26  23   0  24   0   0   0   0   0   0   0   0  27   0   0   0   0   0  0.59 0.01
  123 C     1   2  -2  -2   5  -1  -1  -2   0  -2  -2   0  -1   0  -2   0  -1   0   3  -1   26  24   0   0  23   0   0   0   0   0   0   0   0   0   0   0   0   0  27   0  0.28 0.01
  124 F    -2  -2  -1   2  -3  -2  -1  -3   0  -1  -1  -2  -1   5  -3  -2  -2   1   4  -2    0   0   0  27   0   0   0   0   0   0   0   0   0  47   0   0   0   0  26   0  0.45 0.01
  125 G    -1  -1  -1  -1  -3   0   2   2   4   1  -1  -1  -1  -2  -2  -1  -1  -3  -1   0    0   0   0   0   0   0  26  23  27  24   0   0   0   0   0   0   0   0   0   0  0.20 0.01
  126 I     2  -2  -1  -2  -1  -1  -1  -1  -2   1   0  -1   0  -2  -1   1   3  -3  -2   1   27   0   0   0   0   0   0   0   0  23   0   0   0   0   0   0  50   0   0   0  0.23 0.01
  127 G    -1   4   0  -1  -3   1   2   2  -1  -3  -3   1  -2  -3  -2  -1  -1  -3  -2  -3    0  53   0   0   0   0  24  23   0   0   0   0   0   0   0   0   0   0   0   0  0.45 0.01
  128 E    -1   0   0   1  -4   2   5  -2   0  -3  -3   1  -2  -3  -1   0  -1  -3  -2  -3    0   0   0   0   0   0 100   0   0   0   0   0   0   0   0   0   0   0   0   0  0.77 0.01
  129 P     0  -1  -1  -2  -2  -1  -1  -2  -2   0   1  -1   4  -1   4   1   0  -2  -2   0    0   0   0   0   0   0   0   0   0   0   0   0  53   0  23  24   0   0   0   0  0.34 0.01
  130 H    -2   0   0   0  -3   1   2  -2   7  -3  -3   0  -2  -2  -2  -1  -2  -3   1  -3    0   0   0   0   0   0  26   0  74   0   0   0   0   0   0   0   0   0   0   0  0.71 0.02
  131 K    -1  -1  -2  -2  -2  -1  -1  -3  -2   2   1   1   0  -1   4  -1  -1  -3  -2   1    0   0   0   0   0   0   0   0   0  27  24  23   0   0  26   0   0   0   0   0  0.32 0.00
  132 L     0  -1   3   0  -2  -1  -1  -1  -1  -1   0  -1  -1  -2   4   2   0  -3  -2  -1    0   0  26   0   0   0   0   0   0   0  23   0   0   0  24  27   0   0   0   0  0.35 0.01
  133 E    -1  -1   3   3  -3   1   4  -1   0  -3  -3   0  -2  -3  -1   0  -1  -3  -2  -3    0   0  24  26   0   0  50   0   0   0   0   0   0   0   0   0   0   0   0   0  0.57 0.01
  134 V     2  -2  -2  -2  -2  -2  -2   2  -2   0  -1  -1  -1  -2   4   0  -1  -3  -2   1   27   0   0   0   0   0   0  26   0   0   0   0   0   0  24   0   0   0   0  23  0.39 0.00
  135 F    -1  -2  -2  -2  -2  -2  -2  -2   0   0   1  -2   0   3  -2   1  -1   0   4  -1    0   0   0   0   0   0   0   0   0   0  26   0   0  23   0  24   0   0  27   0  0.25 0.01
  136 P    -1  -2  -2  -2  -3  -1  -1  -2  -2  -3  -3  -1  -3  -4   8  -1  -1  -4  -3  -3    0   0   0   0   0   0   0   0   0   0   0   0   0   0 100   0   0   0   0   0  2.08 0.02
  137 L    -1  -2  -2  -3  -1  -2  -2  -3  -3   3   2  -2   1   0  -2  -1   2  -2  -1   2    0   0   0   0   0   0   0   0   0  51  23   0   0   0   0   0  26   0   0   0  0.24 0.01
  138 S     1  -1   1   0  -1   0   0   0  -1  -3  -3   0  -2  -3  -1   4   1  -3  -2  -2    0   0   0   0   0   0   0   0   0   0   0   0   0   0   0 100   0   0   0   0  0.48 0.01
  139 T     0  -1  -1  -1  -1  -1  -1  -2  -2  -1  -2  -1  -1  -3   4   1   4  -3  -2  -1    0   0   0   0   0   0   0   0   0   0   0   0   0   0  26   0  74   0   0   0  0.59 0.01
  140 I     1  -2  -3  -3  -1  -2  -2  -2  -3   3   1  -2   1  -1  -2  -1   0  -3  -1   3   27   0   0   0   0   0   0   0   0  47   0   0   0   0   0   0   0   0   0  26  0.22 0.01
  141 P    -1  -2   2  -1  -3  -1  -1  -2  -1  -3  -3  -1  -3  -4   7   0  -1  -4  -3  -3    0   0  26   0   0   0   0   0   0   0   0   0   0   0  74   0   0   0   0   0  1.42 0.01
  142 P    -1  -2  -2  -2  -3  -2  -1   2  -2  -3  -3  -1  -3  -4   7  -1  -1  -3  -3  -3    0   0   0   0   0   0   0  27   0   0   0   0   0   0  73   0   0   0   0   0  1.43 0.01
  143 E     0   1   0   1  -3   1   3  -1  -1  -3  -3   2  -2  -3  -1   2   0  -3  -2  -2    0   0   0   0   0   0  47   0   0   0   0  26   0   0   0  27   0   0   0   0  0.42 0.01
  144 V     4  -2  -2  -2  -1  -1  -1   0  -2   0  -1  -1  -1  -2  -1   1   0  -3  -2   1   77   0   0   0   0   0   0   0   0   0   0   0   0   0   0   0   0   0   0  23  0.29 0.01
  145 T     2  -2   0  -1  -1  -1  -1   3  -2  -2  -2  -1  -1  -2  -1   1   3  -3  -2  -1   24   0   0   0   0   0   0  27   0   0   0   0   0   0   0   0  49   0   0   0  0.33 0.01
  146 N    -1   0   4   0  -2   0   0  -1   0  -2  -3   2  -2  -3  -2   1   2  -3  -2  -2    0   0  47   0   0   0   0   0   0   0   0  27   0   0   0   0  26   0   0   0  0.37 0.01
  147 T     2  -1   0  -1  -1   2   0  -1  -1  -1  -2   0  -1  -2  -1   1   3  -2  -2  -1   27   0   0   0   0  26   0   0   0   0   0   0   0   0   0   0  47   0   0   0  0.29 0.01
  148 K    -1   3   0  -1  -2   1   0  -2  -1  -2  -2   3  -1  -3  -1   0   2  -3  -2  -2    0  24   0   0   0   0   0   0   0   0   0  50   0   0   0   0  26   0   0   0  0.38 0.01
  149 V     2  -1  -1  -1  -1  -1  -1  -1  -2   0  -1  -1  -1  -2   4   0   0  -2  -1   1   28   1   1   1   1   1   2   2   1   1   2   2   1   1  26   2   2   0   1  25  0.30 0.00
  150 V     2  -1  -1  -1  -1  -1  -1  -1  -1   0   0  -1   0  -1  -1   1   2  -2  -1   1   28   1   1   1   1   1   2   2   1   1   2   2   1   1   1   2  26   0   1  25  0.12 0.00
  151 N    -1   0   4   1  -1   0   0   0   0  -1  -1   0  -1  -1   0   0   0  -1  -1  -1    4   3  51   3   1   2   3   4   1   3   5   3   1   2   3   4   3   1   2   3  0.24 0.00
  152 K    -1   4   0  -1  -3   1   1  -2  -1  -3  -2   4  -1  -3  -1   0  -1  -3  -2  -2    0  27   0   0   0   0   0   0   0   0   0  73   0   0   0   0   0   0   0   0  0.54 0.01
  153 R    -1   5  -1  -2  -3   0   0  -2  -1  -3  -2   2  -2  -3   4  -1  -1  -3  -2  -3    0  73   0   0   0   0   0   0   0   0   0   0   0   0  27   0   0   0   0   0  0.76 0.01
  154 K    -1   2   0  -1  -3   1   1  -2  -1  -3  -3   5  -1  -3  -1   0  -1  -3  -2  -2    0   0   0   0   0   0   0   0   0   0   0 100   0   0   0   0   0   0   0   0  0.55 0.01
  155 K    -1   2   0  -1  -3   1   1  -2  -1  -3  -3   5  -1  -3  -1   0  -1  -3  -2  -2    0   0   0   0   0   0   0   0   0   0   0 100   0   0   0   0   0   0   0   0  0.55 0.01
  156 E    -1   0   3   1  -3   1   4  -2   0  -3  -3   1  -2  -3  -1   0  -1  -3  -2  -3    0   0  27   0   0   0  73   0   0   0   0   0   0   0   0   0   0   0   0   0  0.60 0.01
  157 N     1  -1   3   0  -1   0   0   0  -1  -3  -3   0  -2  -3  -1   4   1  -3  -2  -2    0   0  23   0   0   0   0   0   0   0   0   0   0   0   0  77   0   0   0   0  0.43 0.01
  158 K     0   1   0   0  -2   1   3  -1  -1  -3  -3   3  -2  -3  -1   2   0  -3  -2  -2    0   0   0   0   0   0  26   0   0   0   0  47   0   0   0  27   0   0   0   0  0.37 0.01
  159 Q    -1   0   0   3  -3   5   2  -2   0  -3  -3   1  -1  -3  -1   0  -1  -3  -2  -3    0   0   0  26   0  74   0   0   0   0   0   0   0   0   0   0   0   0   0   0  0.58 0.01
  160 G     2  -2   0   3  -2  -1   0   4  -2  -3  -3  -1  -2  -3  -2   0  -1  -3  -3  -2   27   0   0  26   0   0   0  47   0   0   0   0   0   0   0   0   0   0   0   0  0.48 0.01
  161 L    -1  -2  -2  -2  -1  -1  -2  -2  -2   1   3  -2   2   0  -2  -2  -1  -1  -1   1    2   1   1   1   0   1   2   2   1   1  78   1   1   1   1   2   1   0   1   2  0.25 0.00
  162 S     0   3   3   0  -2   0   0  -1   0  -2  -2   1  -1  -2  -1   2   0  -2  -1  -2    2  28  27   1   0   1   2   2   1   1   2   1   1   1   1  24   1   0   1   2  0.25 0.00
  163 K    -1   2   0  -1  -2   1   1  -1  -1  -2  -2   4  -1  -2  -1   0  -1  -2  -1  -2    2   1   1   1   0   1   2   2   1   1   2  77   1   1   1   2   1   0   1   2  0.34 0.01
  164 V     0  -1  -1  -2  -1  -1  -1  -2  -2   2   0  -1   0  -1  -1   0   2  -2  -1   2    2   1   1   1   0   1   2   2   1  27   2   1   1   1   1   2  29   0   1  24  0.13 0.00
  165 K    -1   2  -1  -1  -3   1   0  -2  -1  -1  -1   4   3  -2  -1  -1  -1  -3  -2  -1    0   0   0   0   0   0   0   0   0   0   0  74  26   0   0   0   0   0   0   0  0.32 0.01
  166 K    -1   1  -1  -1  -3   1   0  -2  -1  -2  -1   4  -1   3  -2  -1  -1  -1   0  -2    0   0   0   0   0   0   0   0   0   0   0  74   0  26   0   0   0   0   0   0  0.33 0.01
  167 V    -1  -2  -3  -3  -1  -2  -2  -3  -3   1   1  -2   3  -1   4  -1  -1  -3  -2   2    0   0   0   0   0   0   0   0   0   0   0   0  24   0  27   0   0   0   0  49  0.41 0.01
  168 G     0  -2   0   2  -2  -1  -1   5  -2  -3  -4  -1  -3  -3  -2   1  -1  -3  -3  -3    0   0   0  18   0   0   0  62   0   0   0   0   0   0   0  20   0   0   0   0  0.62 0.01
  169 E    -1  -1   0   1  -4   1   5   2   0  -3  -3   0  -2  -3  -1   0  -1  -3  -2  -3    0   0   0   0   0   0  80  20   0   0   0   0   0   0   0   0   0   0   0   0  0.59 0.01
  170 D    -2  -2   1   6  -4   0   1  -1  -1  -3  -4  -1  -3  -4  -2   0  -1  -4  -3  -3    0   0   0 100   0   0   0   0   0   0   0   0   0   0   0   0   0   0   0   0  0.98 0.02
  171 L    -1  -2  -1  -2  -2  -2  -2   2  -2  -1   2  -2   0  -1  -2   1  -1   6  -1  -1    0   0   0   0   0   0   0  26   0   0  36   0   0   0   0  18   0  20   0   0  0.34 0.01
  172 N     1  -1   4   0  -2   0   0   0   0  -3  -3   0  -2  -3  -2   2   0  -3  -2  -2   26   0  55   0   0   0   0   0   0   0   0   0   0   0   0  18   0   0   0   0  0.41 0.01
  173 R    -1   3  -1  -2  -3   0  -1  -2  -1  -1  -2   2  -1  -3   4  -1  -1  -3  -2   0    0  36   0   0   0   0   0   0   0   0   0  18   0   0  26   0   0   0   0  20  0.45 0.01
  174 R    -1   2   0  -1  -3   0   0   2   3  -3  -3   2  -2  -3   3  -1  -1  -3  -1  -3    0  17   0   0   0   0   0  20  18   0   0  26   0   0  19   0   0   0   0   0  0.40 0.01
  175 V     1  -2  -2  -3  -1  -2  -2  -2  -2   2   1  -2   2  -1  -2  -1   0  -2  -1   2   26   0   0   0   0   0   0   0   0  18   0   0  20   0   0   0   0   0   0  36  0.19 0.01
  176 P     1   2  -1  -2  -2   0  -1  -1  -1  -1   0   0  -1  -2   3   1   0  -3  -2  -1   19  26   0   0   0   0   0   0   0   0  18   0   0   0  17  20   0   0   0   0  0.25 0.00
  177 A     3  -2  -1  -2  -1  -1  -1   2  -2   0  -1  -1  -1  -2  -1   1   0  -3  -2   0   51   0   0   0   0   0   0  17   0  15   0   0   0   0   0  17   0   0   0   0  0.24 0.01
  178 P    -1  -2  -2  -1   4  -1  -1  -2  -2  -2  -2  -1  -2  -3   7  -1  -1  -3  -2  -2    1   1   1   1  17   1   1   1   0   1   1   1   0   1  69   1   1   0   0   1  1.24 0.01
  179 G     1  -1   0  -1  -1  -1  -1   4  -1  -2  -2  -1  -1  -2  -1   0  -1  -1  -2  -1   21   2   1   2   1   1   2  51   1   2   3   2   1   1   2   2   2   0   1   2  0.37 0.00
  180 K    -1   0   0   2  -2   0   0  -1  -1  -2  -2   2  -1  -2   3   0  -1  -2  -1  -2    3   2   1  18   1   1   2   2   1   2   3  34   1   1  20   2   2   0   1   2  0.31 0.00
  181 K    -1   4   0   2  -3   1   0   1  -1  -3  -3   3  -2  -3  -2   0  -1  -3  -2  -3    0  36   0  17   0   0   0  15   0   0   0  32   0   0   0   0   0   0   0   0  0.39 0.01
  182 S     1   2   0  -1  -1   0   0  -1  -1  -3  -3   0  -2  -3  -1   4   1  -3  -2  -2    0  18   0   0   0   0   0   0   0   0   0   0   0   0   0  82   0   0   0   0  0.40 0.01
  183 R    -1   5   0  -1  -3   1   0  -2   0  -3  -2   3  -1  -3  -2  -1  -1  -3  -2  -3    0  68   0   0   0   0   0   0   0   0   0  32   0   0   0   0   0   0   0   0  0.64 0.01
  184 T     0   0   2   0  -2   0  -1   3  -1  -3  -3   1  -2  -3  -2   1   1  -3  -2  -2    0   0  17   0   0   0   0  36   0   0   0  17   0   0   0  15  15   0   0   0  0.34 0.00
  185 D    -1  -2   0   4  -3   0   2  -2  -1  -3  -3  -1  -3  -4   5   0  -1  -4  -3  -3    0   0   0  48   0   0  17   0   0   0   0   0   0   0  36   0   0   0   0   0  0.85 0.01
  186 W    -2   1  -3  -4  -2  -1  -2  -3  -2  -2   0  -1  -1   0  -3  -2  -2  10   1  -2    0  18   0   0   0   0   0   0   0   0  17   0   0   0   0   0   0  64   0   0  1.32 0.02
  187 D    -1   1   0   3  -3   1   1  -2  -1  -3  -3   4  -2  -3  -1   0  -1  -3  -2  -3    0   0   0  32   0   0   0   0   0   0   0  68   0   0   0   0   0   0   0   0  0.48 0.01
  188 S     0  -1   2   2  -2   0   0  -1  -1  -3  -3   0  -2  -3   2   3   1  -3  -2  -2    0   0  12  13   0   0   0   0   0   0   0   0   0   0  12  63   0   0   0   0  0.41 0.01
  189 Q    -1  -1   1  -1  -2   3   0  -2  -1   1   0   0   0  -2  -2  -1   0  -3  -2   2    0   0  14   0   0  37   0   0   0  12   0   0   0   0   0   0   0   0   0  37  0.17 0.01
  190 D    -1  -1   2   5  -3   0   2   1  -1  -3  -4   0  -3  -4  -2   0  -1  -4  -3  -3    0   0  11  58   0   0  21  10   0   0   0   0   0   0   0   0   0   0   0   0  0.63 0.01
  191 V    -1  -2  -3  -3  -1  -2  -3  -3  -3   2   3  -2   3   0  -3  -2  -1  -2  -1   2    0   0   0   0   0   0   0   0   0  14  33   0  20   0   0   0   0   0   0  33  0.31 0.01
  192 G     0  -2   1  -1  -1  -1  -2   3  -2   1  -1  -1  -1  -2  -2  -1   0  -2  -2   2    1   1  14   1   0   1   1  33   0   1   1   1   0   0   1   1   1   0   0  43  0.19 0.01
  193 L    -1  -2  -3  -3  -1  -2  -3  -3  -3   3   2  -2   1   0  -2  -2  -1  -2  -1   2    1   1   0   1   0   0   1   1   0  59  31   1   0   0   1   1   1   0   0   1  0.29 0.01
  194 N    -1  -1   5   2  -3   0   0  -1   0  -3  -3   0  -2  -3  -2   0   0  -3  -2  -3    1   1  77  13   0   0   1   1   0   1   1   1   0   0   1   1   1   0   0   1  0.60 0.02
  195 L    -1  -1  -1  -2  -2   2  -1   4  -2   0   1  -1   0  -2  -2  -1  -1  -2  -2  -1    0   0   0   0   0  20   0  46   0  13  22   0   0   0   0   0   0   0   0   0  0.28 0.01
  196 V     0  -2  -2  -3  -1  -2  -2  -3  -3   3   1  -2   1  -1  -2   0   0  -3  -1   4    0   0   0   0   0   0   0   0   0  18   0   0   0   0   0  13   0   0   0  69  0.28 0.01
  197 T     1  -1   0   2  -1  -1   0  -1  -1  -1  -2  -1  -1  -2  -1   3   2  -3  -2   0   10   0   0  18   0   0   0   0   0   0   0   0   0   0   0  41  22   0   0  10  0.26 0.01
  198 F    -2  -2  -3  -4  -2  -2  -3  -3  -1   0   1  -2   3   5  -3  -2  -2   0   3   0    0   0   0   0   0   0   0   0   0   0   9   0  28  53   0   0   0   0  10   0  0.45 0.02
  199 D    -2  -2   1   6  -4   0   1  -2  -1  -3  -4  -1  -3  -4  -2   0  -1  -4  -3  -3    0   0   0 100   0   0   0   0   0   0   0   0   0   0   0   0   0   0   0   0  1.01 0.02
  200 E    -1  -1  -1   1  -2   0   2  -3  -2   2   1  -1   0  -1  -2  -1   1  -3  -2   1    0   0   0  10   0   0  31   0   0  37   9   0   0   0   0   0  13   0   0   0  0.15 0.01
  201 T     1  -1   0  -1  -1   0  -1   1  -1  -2  -1  -1   1  -2  -1   3   2  -3  -2  -1    0   0   0   0   0   0   0   9   0   0   0   0  11   0   0  59  20   0   0   0  0.30 0.01
  202 T     0   2   0  -1  -2  -1  -1   3  -2  -2  -2   0  -2  -3  -2   0   3  -3  -2  -2    0  18   0   0   0   0   0  41   0   0   0   0   0   0   0   0  41   0   0   0  0.38 0.01
  203 M    -1  -2  -3  -3  -1  -2  -3  -3  -2   2   3  -2   4   0  -3  -2  -1  -2  -1   2    0   0   0   0   0   0   0   0   0  18  28   0  41   0   0   0   0   0   0  13  0.32 0.01
  204 P    -1  -2  -2  -2  -3  -1  -1  -2  -2  -3  -3  -1  -3  -4   8  -1  -1  -4  -3  -3    0   0   0   0   0   0   0   0   0   0   0   0   0   0 100   0   0   0   0   0  2.11 0.03
  205 V     1  -2  -2  -2  -1  -2  -2  -2  -3   1   0  -2   0  -2   4   0   1  -3  -2   2   10   0   0   0   0   0   0   0   0   0   0   0   0   0  22   0  18   0   0  49  0.34 0.01
  206 P    -1  -2  -2  -2  -3  -1  -1  -2  -2  -3  -3  -1  -3  -4   8  -1  -1  -4  -3  -3    0   0   0   0   0   0   0   0   0   0   0   0   0   0 100   0   0   0   0   0  2.11 0.03
  207 M     0  -2  -3  -3  -1  -2  -2  -3  -3   3   1  -2   3  -1  -2  -1   0  -3  -1   3   10   0   0   0   0   0   0   0   0  18   0   0  22   0   0   0   0   0   0  50  0.26 0.01
  208 C    -1  -4  -3  -4   9  -3  -4  -3  -3  -1  -2  -3  -2  -3  -3  -1  -1  -3  -3  -1    0   0   0   0 100   0   0   0   0   0   0   0   0   0   0   0   0   0   0   0  1.40 0.03
  209 S     1  -1   0  -1  -1   0   0  -1  -1  -2  -2   0  -1  -2  -1   4   3  -3  -2  -1    0   0   0   0   0   0   0   0   0   0   0   0   0   0   0  70  30   0   0   0  0.43 0.02
  210 C    -1  -4  -3  -4   9  -3  -4  -3  -3  -1  -2  -3  -2  -3  -3  -1  -1  -3  -3  -1    0   0   0   0 100   0   0   0   0   0   0   0   0   0   0   0   0   0   0   0  1.40 0.03
  211 T     0  -1   0  -1  -1  -1  -1  -2  -2  -1  -1  -1  -1  -2  -1   1   5  -3  -2   0    0   0   0   0   0   0   0   0   0   0   0   0   0   0   0   0 100   0   0   0  0.55 0.02
  212 G     0  -3  -1  -1  -3  -2  -2   6  -2  -4  -4  -2  -3  -3  -2   0  -2  -3  -3  -3    0   0   0   0   0   0   0 100   0   0   0   0   0   0   0   0   0   0   0   0  1.10 0.02
  213 S     2  -1  -1  -2  -1  -1  -1  -1  -2   0   0   0   1  -2  -1   1   2  -3  -2   1   27   0   0   0   0   0   0   0   0   0   0  10   9   0   0  10  20   0   0  22  0.14 0.01
  214 T     1  -2  -2  -2  -2  -1  -1  -2  -2  -1   0  -1  -1  -2   5   1   1  -3  -2  -1   11   0   0   0   0   0   0   0   0   0  20   0   0   0  46  13  10   0   0   0  0.69 0.01
  215 R    -1   4   0  -1  -3   4   1  -2   0  -3  -2   2  -1  -3  -2  -1  -1  -3  -2  -3    0  54   0   0   0  46   0   0   0   0   0   0   0   0   0   0   0   0   0   0  0.62 0.02
  216 Q    -1   1   0  -1  -3   5   1  -2   0  -1  -2   1   0  -3  -2   0  -1  -2  -2   0    0   0   0   0   0  87   0   0   0   0   0   0   0   0   0   0   0   0   0  13  0.56 0.02
  217 C    -1  -4  -3  -4   9  -3  -4  -3  -3  -1  -2  -3  -2  -3  -3  -1  -1  -3  -3  -1    0   0   0   0 100   0   0   0   0   0   0   0   0   0   0   0   0   0   0   0  1.40 0.03
  218 Y    -2  -2  -2  -3  -3  -2  -2  -3   2  -2  -1  -2  -1   3  -3  -2  -2   2   7  -1    0   0   0   0   0   0   0   0   0   0   0   0   0   0   0   0   0   0 100   0  1.00 0.03
  219 K    -1   4   0  -1  -3   1   0  -2  -1  -3  -2   4  -2  -3  -2  -1  -1  -3  -2  -3    0  46   0   0   0   0   0   0   0   0   0  54   0   0   0   0   0   0   0   0  0.59 0.02
  220 W    -3  -3  -4  -5  -3  -2  -3  -3  -3  -3  -2  -3  -2   1  -4  -3  -3  11   2  -3    0   0   0   0   0   0   0   0   0   0   0   0   0   0   0   0   0 100   0   0  2.52 0.04
  221 G     0  -3  -1  -1  -3  -2  -2   6  -2  -4  -4  -2  -3  -3  -2   0  -2  -3  -3  -3    0   0   0   0   0   0   0 100   0   0   0   0   0   0   0   0   0   0   0   0  1.10 0.02
  222 N     1  -1   4  -1   5  -1  -1  -1  -1  -2  -1  -1   1  -2  -2   0   0  -3  -2  -1   18   0  41   0  28   0   0   0   0   0   0   0  13   0   0   0   0   0   0   0  0.34 0.01
  223 G     0  -3  -1  -1  -3  -2  -2   6  -2  -4  -4  -2  -3  -3  -2   0  -2  -3  -3  -3    0   0   0   0   0   0   0 100   0   0   0   0   0   0   0   0   0   0   0   0  1.10 0.02
  224 G     0  -3  -1  -1  -3  -2  -2   6  -2  -4  -4  -2  -3  -3  -2   0  -2  -3  -3  -3    0   0   0   0   0   0   0 100   0   0   0   0   0   0   0   0   0   0   0   0  1.10 0.02
  225 W    -3  -3  -4  -5  -3  -2  -3  -3  -3  -3  -2  -3  -2   1  -4  -3  -3  11   2  -3    0   0   0   0   0   0   0   0   0   0   0   0   0   0   0   0   0 100   0   0  2.52 0.04
  226 Q    -1   1   0   0  -3   6   2  -2   0  -3  -2   1  -1  -3  -1   0  -1  -2  -2  -2    0   0   0   0   0 100   0   0   0   0   0   0   0   0   0   0   0   0   0   0  0.76 0.03
  227 S     1  -1   0   0  -1   0   0   0  -1  -3  -3   0  -2  -3  -1   4   1  -3  -2  -2    0   0   0   0   0   0   0   0   0   0   0   0   0   0   0 100   0   0   0   0  0.52 0.02
  228 S     3  -1   0  -1  -1  -1  -1   0  -1  -2  -2  -1  -1  -2  -1   3   1  -3  -2  -1   46   0   0   0   0   0   0   0   0   0   0   0   0   0   0  54   0   0   0   0  0.38 0.01
  229 C    -1  -4  -3  -4   9  -3  -4  -3  -3  -1  -2  -3  -2  -3  -3  -1  -1  -3  -3  -1    0   0   0   0 100   0   0   0   0   0   0   0   0   0   0   0   0   0   0   0  1.40 0.03
  230 C    -1  -4  -3  -4   9  -3  -4  -3  -3  -1  -2  -3  -2  -3  -3  -1  -1  -3  -3  -1    0   0   0   0 100   0   0   0   0   0   0   0   0   0   0   0   0   0   0   0  1.40 0.03
  231 T     0  -1   0  -1  -1  -1  -1  -2  -2  -1  -1  -1  -1  -2  -1   1   5  -3  -2   0    0   0   0   0   0   0   0   0   0   0   0   0   0   0   0   0 100   0   0   0  0.55 0.02
  232 T     0  -1  -1  -2  -1  -1  -1  -2  -2   1   0  -1   1  -2  -2   1   4  -3  -2   0    0   0   0   0   0   0   0   0   0  13   0   0  10   0   0   0  77   0   0   0  0.36 0.02
  233 T     0  -1   4   0  -2   0  -1  -1  -1  -2  -2   0  -1  -3  -1   2   3  -3  -2  -1    0   0  38   0   0   0   0   0   0   0   0   0   0   0   0  22  41   0   0   0  0.40 0.01
  234 L    -1  -3  -3  -3  -1  -3  -3  -4  -3   4   3  -3   1   0  -3  -2  -1  -2  -1   2    0   0   0   0   0   0   0   0   0  59  31   0   0   0   0   0   0   0   0   9  0.38 0.01
  235 S     1  -1   0   0  -1   0   0   0  -1  -3  -3   0  -2  -3  -1   4   1  -3  -2  -2    0   0   0   0   0   0   0   0   0   0   0   0   0   0   0 100   0   0   0   0  0.52 0.02
  236 Q    -1  -1  -1  -1  -2   1   1  -2  -1   0   0  -1   4  -1  -2   0   2  -2  -1   1    0   0   0   0   0  10  11   0   0   0   0   0  38   0   0   0  31   0   0   9  0.18 0.01
  237 Y    -2  -2  -2  -3  -3  -1  -2  -3   3  -2  -1  -2  -1   3  -3  -2  -2   2   7  -2    0   0   0   0   0   0   0   0   9   0   0   0   0   0   0   0   0   0  91   0  0.90 0.03
  238 P    -1  -2  -2  -2  -3  -1  -1  -2  -2  -3  -3  -1  -3  -4   8  -1  -1  -4  -3  -3    0   0   0   0   0   0   0   0   0   0   0   0   0   0 100   0   0   0   0   0  2.11 0.03
  239 L    -2  -2  -4  -4  -1  -2  -3  -4  -3   1   4  -3   2   0  -3  -3  -1  -2  -1   1    0   0   0   0   0   0   0   0   0   0 100   0   0   0   0   0   0   0   0   0  0.51 0.02
  240 P    -1  -2  -2  -2  -3  -1  -1  -2  -2  -3  -3  -1  -3  -4   8  -1  -1  -4  -3  -3    0   0   0   0   0   0   0   0   0   0   0   0   0   0 100   0   0   0   0   0  2.11 0.03
  241 Q     0  -1  -2  -2  -2   2  -1  -2  -1   1   1  -1   4  -1  -2  -1  -1  -2  -1   1   10   0   0   0   0  22   0   0   0   0   0   0  49   0   0   0   0   0   0  19  0.20 0.02
  242 M     0  -1   2  -1  -1   0  -1  -1  -1   0   1  -1   3  -1  -2   2   0  -2  -2  -1    0   0  18   0   0   0   0   0   0   0  10   0  31   0   0  41   0   0   0   0  0.18 0.01
  243 P     0  -2  -1  -1  -2  -1  -1  -2  -2  -2  -2  -1  -1  -3   5   1   4  -3  -2  -1    0   0   0   0   0   0   0   0   0   0   0   0   0   0  41   0  59   0   0   0  0.80 0.02
  244 N    -1   1   4   0  -3   1   0  -1   0  -3  -3   3  -2  -3  -2   0   1  -3  -2  -2    0   0  41   0   0   0   0   0   0   0   0  46   0   0   0   0  13   0   0   0  0.40 0.01
  245 K    -1   5   0  -1  -3   1   0  -2  -1  -3  -2   4  -2  -3  -2  -1  -1  -3  -2  -3    0  59   0   0   0   0   0   0   0   0   0  41   0   0   0   0   0   0   0   0  0.62 0.02
  246 R    -2   6  -1  -2  -4   1   0  -2  -1  -3  -2   2  -2  -3   2  -1  -1  -3  -2  -3    0  87   0   0   0   0   0   0   0   0   0   0   0   0  13   0   0   0   0   0  0.74 0.02
  247 H    -1  -1   0  -1  -3  -1  -1   4   5  -4  -3  -1  -2  -2  -2  -1  -2  -3   0  -3    0   0   0   0   0   0   0  59  41   0   0   0   0   0   0   0   0   0   0   0  0.70 0.02
  248 S     4  -1  -1  -1  -1  -1  -1   0  -2  -2  -2  -1  -1  -2  -1   2   0  -3  -2  -1   78   0   0   0   0   0   0   0   0   0   0   0   0   0   0  22   0   0   0   0  0.39 0.02
  249 R    -2   6  -1  -2  -4   1   0  -3   0  -3  -2   2  -2  -3  -2  -1  -1  -3  -2  -3    0 100   0   0   0   0   0   0   0   0   0   0   0   0   0   0   0   0   0   0  0.84 0.02
  250 M    -1  -3  -3  -3  -1  -2  -3  -4  -3   3   2  -2   3   0  -3  -2  -1  -2  -1   3    0   0   0   0   0   0   0   0   0  46  13   0  20   0   0   0   0   0   0  21  0.32 0.01
  251 G     3  -2  -1  -1  -1  -1  -1   4  -2  -2  -3  -1  -2  -3  -1   2   0  -3  -2  -1   40   0   0   0   0   0   0  41   0   0   0   0   0   0   0  19   0   0   0   0  0.45 0.01
  252 G     0  -3  -1  -1  -3  -2  -2   6  -2  -4  -4  -2  -3  -3  -2   0  -2  -3  -3  -3    0   0   0   0   0   0   0 100   0   0   0   0   0   0   0   0   0   0   0   0  1.10 0.02
  253 R    -2   6  -1  -2  -4   1   0  -3   0  -3  -2   2  -2  -3  -2  -1  -1  -3  -2  -3    0 100   0   0   0   0   0   0   0   0   0   0   0   0   0   0   0   0   0   0  0.84 0.02
  254 K    -1   2   0  -1  -3   1   1  -2  -1  -3  -3   5  -2  -3  -1   0  -1  -3  -2  -2    0   0   0   0   0   0   0   0   0   0   0 100   0   0   0   0   0   0   0   0  0.59 0.02
  255 M    -1  -2  -2  -3  -2  -1  -2  -3  -2   1   2  -2   7   0  -3  -2  -1  -2  -1   1    0   0   0   0   0   0   0   0   0   0   0   0 100   0   0   0   0   0   0   0  0.50 0.03
  256 S     1  -1   0   0  -1   0   0   0  -1  -3  -3   0  -2  -3  -1   4   1  -3  -2  -2    0   0   0   0   0   0   0   0   0   0   0   0   0   0   0 100   0   0   0   0  0.52 0.02
  257 G    -1   0   2  -1  -3   3   0   4   2  -3  -3   0  -2  -3  -2   0  -1  -3  -2  -3    0   0  13   0   0  37   0  41   9   0   0   0   0   0   0   0   0   0   0   0  0.45 0.01
  258 N     0  -2   1  -1  -2  -1  -1   5  -2  -4  -4  -1  -2  -3  -2   1  -1  -3  -3  -3    0   0  10   0   0   0   0  69   0   0   0   0   0   0   0  21   0   0   0   0  0.69 0.01
  259 V     4  -2  -2  -2  -1  -1  -1   0  -2   0  -1  -1  -1  -2  -1   1   0  -3  -2   1   78   0   0   0   0   0   0   0   0   0   0   0   0   0   0   0   0   0   0  22  0.31 0.02
  260 F    -2  -3  -3  -4  -3  -3  -3  -3  -1   0   0  -3   0   6  -4  -2  -2   1   4  -1    0   0   0   0   0   0   0   0   0   0   0   0   0  87   0   0   0   0  13   0  0.79 0.02
  261 S     0   2   1  -1  -2   0   0  -1  -1  -1  -2   3  -1  -3  -1   1   1  -3  -2   0    0   9  10   0   0   0   0   0   0   0   0  37   0   0   0  22  10   0   0  13  0.21 0.01
  262 R    -1   3   0  -1  -3   1   1  -2  -1  -3  -3   4  -2  -3  -1   0  -1  -3  -2  -2    0  22   0   0   0   0   0   0   0   0   0  78   0   0   0   0   0   0   0   0  0.56 0.02
  263 L    -1  -2  -3  -4  -1  -2  -3  -4  -3   2   3  -3   1   0  -3  -2  -1  -2  -1   3    0   0   0   0   0   0   0   0   0   0  54   0   0   0   0   0   0   0   0  46  0.35 0.01
  264 L    -2  -2  -4  -4  -1  -2  -3  -4  -3   1   4  -3   2   0  -3  -3  -1  -2  -1   1    0   0   0   0   0   0   0   0   0   0 100   0   0   0   0   0   0   0   0   0  0.51 0.02
  265 S     1  -1   0   1  -2   1   3  -1  -1  -3  -3   0  -2  -3  -1   2   0  -3  -2  -2   13   0   0   0   0   0  46   0   0   0   0   0   0   0   0  41   0   0   0   0  0.40 0.01
  266 R    -1   5   0  -1  -3   1   0  -2  -1  -3  -2   4  -2  -3  -2  -1  -1  -3  -2  -3    0  54   0   0   0   0   0   0   0   0   0  46   0   0   0   0   0   0   0   0  0.61 0.02
  267 L    -2  -2  -4  -4  -1  -2  -3  -4  -3   1   4  -3   2   0  -3  -3  -1  -2  -1   1    0   0   0   0   0   0   0   0   0   0 100   0   0   0   0   0   0   0   0   0  0.51 0.02
  268 S     4  -1  -1  -1  -1  -1  -1   0  -2  -2  -2  -1  -1  -2  -1   2   0  -3  -2  -1   71   0   0   0   0   0   0   0   0   0   0   0   0   0   0  29   0   0   0   0  0.38 0.01
  269 A     2  -2   0   1  -1  -1  -1   3  -2  -2  -2  -1  -2  -3  -1   2   1  -3  -2  -1   30   0   0  13   0   0   0  29   0   0   0   0   0   0   0  19   9   0   0   0  0.32 0.01
  270 E    -1   0   0   3  -4   1   5  -2   0  -3  -3   0  -2  -3  -1   0  -1  -3  -2  -3    0   0   0  19   0   0  81   0   0   0   0   0   0   0   0   0   0   0   0   0  0.73 0.02
  271 G     0  -3  -1  -1  -3  -2  -2   6  -2  -4  -4  -2  -3  -3  -2   0  -2  -3  -3  -3    0   0   0   0   0   0   0 100   0   0   0   0   0   0   0   0   0   0   0   0  1.10 0.02
  272 Y    -2  -1  -1  -3  -3  -1  -2  -3   5  -2  -1  -2  -1   3  -3  -2  -2   1   6  -2    0   0   0   0   0   0   0   0  31   0   0   0   0  19   0   0   0   0  51   0  0.65 0.02
  273 D    -1  -1   3   5  -3   0   2  -1  -1  -3  -4   0  -3  -3  -2   1  -1  -4  -3  -3    0   0  27  52   0   0  11   0   0   0   0   0   0   0   0   9   0   0   0   0  0.61 0.01
  274 L    -2  -2  -3  -4  -2  -3  -3  -4  -2   1   3  -3   2   3  -3  -3  -2  -1   1   0    0   0   0   0   0   0   0   0   0   0  72   0   0  28   0   0   0   0   0   0  0.43 0.01
  275 S     1  -1   2   0  -2   0  -1   2  -1  -3  -3  -1  -2  -3  -1   3   1  -3  -2  -2    0   0  18   0   0   0   0  19   0   0   0   0   0   0   0  63   0   0   0   0  0.40 0.01
  276 C    -1  -1   5   0   3   0  -1  -1   3  -3  -3  -1  -2  -3  -2   1   1  -3  -1  -2    0   0  56   0  10   0   0   0  13   0   0   0   0   0   0  11  10   0   0   0  0.42 0.01
  277 P     0  -2  -2  -2  -3  -1  -1  -2  -2  -3  -3  -1  -3  -4   7  -1  -1  -4  -3  -2    9   0   0   0   0   0   0   0   0   0   0   0   0   0  91   0   0   0   0   0  1.84 0.02
  278 V    -1  -3  -3  -3  -1  -3  -3  -4  -3   3   2  -3   1   0  -3  -2  -1  -3  -1   3    0   0   0   0   0   0   0   0   0  46  13   0   0   0   0   0   0   0   0  41  0.36 0.01
  279 D    -2  -2   1   6  -4   0   1  -2  -1  -3  -4  -1  -3  -4  -2   0  -1  -4  -3  -3    0   0   0 100   0   0   0   0   0   0   0   0   0   0   0   0   0   0   0   0  1.01 0.02
  280 L    -2  -2  -4  -4  -1  -2  -3  -4  -3   1   4  -3   2   0  -3  -3  -1  -2  -1   1    0   0   0   0   0   0   0   0   0   0 100   0   0   0   0   0   0   0   0   0  0.51 0.02
  281 K    -1   2   0  -1  -3   1   1  -2  -1  -3  -3   5  -2  -3  -1   0  -1  -3  -2  -2    0   0   0   0   0   0   0   0   0   0   0 100   0   0   0   0   0   0   0   0  0.59 0.02
  282 D     0  -1   3   3  -2   0   0  -1  -1  -2  -3   0  -2  -3  -1   2   2  -3  -2  -2    0   0  24  30   0   0   0   0   0   0   0   0   0   0   0  28  18   0   0   0  0.40 0.01
  283 Y    -2  -1   0  -2  -3   0  -1  -3   7  -2  -2  -1  -1   3  -3  -1  -2   0   4  -2    0   0   0   0   0   0   0   0  60   0   0   0   0  18   0   0   0   0  22   0  0.65 0.02
  284 W    -3  -3  -4  -5  -3  -2  -3  -3  -3  -3  -2  -3  -2   1  -4  -3  -3  11   2  -3    0   0   0   0   0   0   0   0   0   0   0   0   0   0   0   0   0 100   0   0  2.52 0.04
  285 A     4  -2  -2  -2  -1  -1  -1   0  -2  -1  -2  -1  -1  -2  -1   1   0  -3  -2   0  100   0   0   0   0   0   0   0   0   0   0   0   0   0   0   0   0   0   0   0  0.46 0.02
  286 R    -1   5   0  -1  -3   1   0  -2  -1  -3  -2   4  -2  -3  -2  -1  -1  -3  -2  -3    0  53   0   0   0   0   0   0   0   0   0  47   0   0   0   0   0   0   0   0  0.60 0.02
  287 H    -2   0   0  -1  -3   0   0  -2   8  -4  -3  -1  -2  -1  -2  -1  -2  -3   2  -3    0   0   0   0   0   0   0   0 100   0   0   0   0   0   0   0   0   0   0   0  1.03 0.03
  288 G     0  -3  -1  -1  -3  -2  -2   6  -2  -4  -4  -2  -3  -3  -2   0  -2  -3  -3  -3    0   0   0   0   0   0   0 100   0   0   0   0   0   0   0   0   0   0   0   0  1.10 0.02
  289 T     0  -1   0  -1  -1  -1  -1  -2  -2  -1  -1  -1  -1  -2  -1   1   5  -3  -2   0    0   0   0   0   0   0   0   0   0   0   0   0   0   0   0   0 100   0   0   0  0.55 0.02
  290 N    -2  -1   6   1  -3   0   0  -1   0  -3  -4   0  -2  -3  -2   0   0  -4  -2  -3    0   0 100   0   0   0   0   0   0   0   0   0   0   0   0   0   0   0   0   0  0.82 0.03
  291 R    -1   4   0  -1  -3   1   0  -2  -1  -3  -2   4  -2  -3  -2  -1  -1  -3  -2  -3    0  41   0   0   0   0   0   0   0   0   0  59   0   0   0   0   0   0   0   0  0.58 0.02
  292 Y    -2  -2  -3  -4  -3  -3  -3  -3   0  -1   0  -3   0   5  -4  -2  -2   1   5  -1    0   0   0   0   0   0   0   0   0   0   0   0   0  59   0   0   0   0  41   0  0.75 0.02
  293 I    -1  -3  -3  -3  -1  -3  -3  -4  -3   3   1  -3   1  -1  -3  -2   0  -3  -1   4    0   0   0   0   0   0   0   0   0  41   0   0   0   0   0   0   0   0   0  59  0.38 0.01
  294 T     0  -1   0  -1  -1  -1  -1  -2  -2  -1  -1  -1  -1  -2  -1   1   5  -3  -2   0    0   0   0   0   0   0   0   0   0   0   0   0   0   0   0   0 100   0   0   0  0.55 0.02
  295 I    -1  -3  -3  -3  -1  -3  -3  -4  -3   5   1  -3   1   0  -3  -3  -1  -3  -2   3    0   0   0   0   0   0   0   0   0 100   0   0   0   0   0   0   0   0   0   0  0.46 0.02
  296 K    -1   5   0  -1  -3   1   0  -2  -1  -3  -2   4  -2  -3  -2  -1  -1  -3  -2  -3    0  56   0   0   0   0   0   0   0   0   0  44   0   0   0   0   0   0   0   0  0.61 0.02

                      K         Lambda
Standard Ungapped    0.1306     0.3154
Standard Gapped      0.0410     0.2670
PSI Ungapped         0.1306     0.3154
PSI Gapped           0.0410     0.2670
