
Last position-specific scoring matrix computed, weighted observed percentages rounded down, information per position, and relative weight of gapless real matches to pseudocounts
            A   R   N   D   C   Q   E   G   H   I   L   K   M   F   P   S   T   W   Y   V   A   R   N   D   C   Q   E   G   H   I   L   K   M   F   P   S   T   W   Y   V
    1 M    -1  -2  -2  -3  -2  -1  -2  -3  -2   1   2  -2   6   0  -3  -2  -1  -2  -1   1    0   0   0   0   0   0   0   0   0   0   0   0 100   0   0   0   0   0   0   0  0.39 0.01
    2 F    -2  -3  -3  -4  -3  -3  -3  -3  -1   0   0  -3   0   7  -4  -3  -2   1   3  -1    0   0   0   0   0   0   0   0   0   0   0   0   0 100   0   0   0   0   0   0  0.77 0.01
    3 I    -1  -3  -3  -3  -1  -2  -3  -3  -3   4   1  -2   1   0  -2  -2  -1  -2  -1   3    1   1   1   1   0   1   1   1   0  80   1   1   0   1   1   1   1   0   0   8  0.29 0.01
    4 E    -1   0   0   1  -3   2   5  -2   0  -3  -3   1  -2  -3  -1   0   1  -3  -2  -2    0   0   0   0   0   0  84   0   0   0   0   0   0   0   0   0  16   0   0   0  0.62 0.02
    5 S     0  -1   2   0  -1   0  -1   0  -1  -2  -2   0   1  -2  -1   3   2  -3  -2  -1    0   0  11   0   0   0   0   6   0   0   0   5  10   0   0  58  11   0   0   0  0.28 0.01
    6 F    -2  -3  -3  -4  -2  -3  -3  -4  -2   0   1  -3   0   6  -4  -3  -2   0   2   1    0   0   0   0   0   0   0   0   0   0  10   0   0  78   0   0   0   0   0  13  0.62 0.03
    7 K    -1   3  -1  -1  -3   1   1  -2  -1  -3  -2   4  -1   0  -2  -1  -1  -3  -1  -2    0  15   0   0   0   0  10   0   0   0   0  66   0   9   0   0   0   0   0   0  0.42 0.02
    8 V     0  -3  -3  -4  -1  -3  -3  -4  -4   3   1  -3   1  -1  -3  -2   0  -3  -1   5    0   0   0   0   0   0   0   0   0   0   0   0   0   0   0   0   0   0   0 100  0.45 0.03
    9 E    -1   0   1   2  -3   1   4  -2  -1   0  -2   1  -1  -3  -2   0  -1  -3  -2   0    0   0   8   6   0   0  58   0   0   8   0  10   0   0   0   0   0   0   0  10  0.37 0.02
   10 S     1  -1   0  -1  -1   0   0  -1  -1  -3  -3   0  -2  -3  -1   4   2  -3  -2  -2    0   0   0   0   0   0   0   0   0   0   0   0   0   0   0  90  10   0   0   0  0.52 0.04
   11 P    -1  -2  -1   1  -3  -1  -1  -2  -2  -3  -3  -1  -3  -4   7   0  -1  -4  -3  -3    0   0   0  10   0   0   0   0   0   0   0   0   0   0  80  10   0   0   0   0  1.60 0.04
   12 N    -2   1   5   2  -3   0   0  -1   3  -3  -3   2  -2  -3  -2   0  -1  -4  -2  -3    0   5  54  13   0   0   0   0  11   0   0  18   0   0   0   0   0   0   0   0  0.50 0.03
   13 V     0  -3  -3  -3   3  -2  -3  -3  -3   2   0  -2   0  -1  -3   0   0  -3  -2   4    0   0   0   0   8   0   0   0   0   0   0   0   0   0   0   8   0   0   0  84  0.35 0.03
   14 K    -1   2  -1  -1  -2   1   0  -2  -1   0  -1   3  -1  -2  -2   0   1  -3  -2   0    0  15   0   0   0   7   0   0   0   6   0  42   0   0   0   8   8   0   0  14  0.23 0.02
   15 Y    -2  -2  -2  -3  -2  -2  -2  -3   1  -1  -1  -2  -1   3  -3  -2   0   2   7   0    0   0   0   0   0   0   0   0   0   0   0   0   0   6   0   0   8   0  78   7  0.77 0.05
   16 T     0   0   0   0  -2   0  -1   2  -2  -2  -1   2  -1  -3  -2   0   3  -3  -2  -1    0   0   0   7   0   0   0  24   0   0   6  24   0   0   0   0  38   0   0   0  0.24 0.02
   17 E    -1  -1   0   4  -4   1   3  -2  -1  -3  -3   1  -3  -4   2   0  -1  -4  -3  -3    4   0   0  44   0   0  34   0   0   0   0   6   0   0  12   0   0   0   0   0  0.61 0.03
   18 N    -1  -1   4   2  -3   0   3   1   1  -3  -3   0  -2  -3  -2   0  -1  -4  -2  -3    4   0  34  15   0   0  27  12   5   0   0   0   0   0   0   4   0   0   0   0  0.41 0.02
   19 E     0  -1  -1   0  -3   1   4  -2   3  -2  -2   0  -2   0  -2   0  -1  -3  -1  -1   12   0   0   0   0   0  59   0  16   0   0   0   0   7   0   0   0   0   0   6  0.38 0.03
   20 I    -2  -3  -4  -4  -2  -3  -4  -4  -4   4   2  -3   1   0  -3  -3  -1  -3  -2   2    0   0   0   0   0   0   0   0   0  76  24   0   0   0   0   0   0   0   0   0  0.45 0.03
   21 H    -1  -1  -1   0  -3   0   3  -3   5   0   0  -1  -1  -1  -2  -1   0  -2   2  -1    0   0   0   0   0   0  34   0  27   7  16   0   0   0   0   0   7   0   8   0  0.25 0.02
   22 S     2  -1   0  -1  -1  -1  -1  -1  -1  -2  -2  -1  -1  -3  -1   3   3  -3  -2  -1   18   0   0   0   0   0   0   0   0   0   0   0   0   0   0  50  31   0   0   0  0.39 0.03
   23 V    -1   1   1   3  -2   1   1  -2  -1   0  -1   1  -1  -2  -2  -1  -1  -3  -2   2    0   6   8  25   0   6   4   0   0   0   0  16   0   0   0   0   0   0   0  35  0.17 0.02
   24 Y    -2  -2  -3  -4  -3  -2  -3  -4   1  -2  -1  -2  -1   3  -3  -2  -2   2   7  -2    0   0   0   0   0   0   0   0   0   0   0   0   0   8   0   0   0   0  92   0  1.05 0.06
   25 D    -1   0   2   3  -2   1   2  -1  -1  -2  -3   0  -2  -3  -1   2   2  -3  -2  -2    0   4   7  31   0   4  12   0   0   0   0   0   0   0   0  18  24   0   0   0  0.36 0.02
   26 Y    -2  -2  -3  -4  -3  -2  -3  -4   1  -2  -1  -2  -1   3  -3  -2  -2   2   8  -2    0   0   0   0   0   0   0   0   0   0   0   0   0   0   0   0   0   0 100   0  1.14 0.06
   27 E    -1   2   0   3  -4   3   4  -2   2  -3  -3   1  -2  -3  -2   0  -1  -3  -2  -3    0  12   0  18   0  22  40   0   8   0   0   0   0   0   0   0   0   0   0   0  0.51 0.02
   28 T    -1  -1   2  -1  -1  -1  -1  -2  -2  -1  -2  -1  -1  -3  -2   1   5  -3  -2  -1    0   0  16   0   0   0   0   0   0   0   0   0   0   0   0   0  84   0   0   0  0.52 0.04
   29 T     1  -1   1  -1  -1  -1  -1  -1  -2  -1  -2  -1  -1  -3  -1   2   4  -3  -2  -1    8   0   8   0   0   0   0   0   0   0   0   0   0   0   0  16  69   0   0   0  0.43 0.03
   30 E    -1   2   0   0  -3   2   4  -2   2  -2  -2   1  -1  -2  -1   0  -1  -2  -1  -2    2  13   1   1   0   7  44   2   8   1   2   9   1   1   1   2   1   0   1   2  0.33 0.01
   31 V    -1  -3  -3  -4  -1  -3  -3  -4  -3   2   2  -3   1  -1  -3  -2  -1  -3  -1   4    0   0   0   0   0   0   0   0   0   0  27   0   0   0   0   0   0   0   0  73  0.38 0.03
   32 V     0  -2  -2  -2  -1  -2  -2  -2  -2   2   0  -2   0  -1  -2   0   0  -2   1   3    1   1   1   1   0   1   1   1   0   1   1   1   0   1   1  13   1   0   7  68  0.19 0.02
   33 H    -1   2   0  -1  -3   1   2  -2   6  -3  -2   1  -2  -2  -2   0   0  -3   0  -2    5  12   0   0   0   0  15   1  46   0   1   8   0   0   0   1   8   0   0   0  0.42 0.03
   34 E    -1   1   0   1  -3   2   4  -2  -1  -3  -3   2  -2  -3   1   0   0  -3  -2  -2    0   7   0   4   0   7  53   0   0   0   0  16   0   0   4   0   8   0   0   0  0.48 0.02
   35 N    -1  -1   4   1  -2   0   0   1  -1  -2  -3   0  -2  -3   0   1   2  -3  -2  -1    0   0  35   8   0   0   4  12   0   0   0   6   0   0   4   7  19   0   0   4  0.29 0.02
   36 V     2   2  -1  -1  -1   0   0  -1   1  -1  -1   1  -1  -2  -1   1   0  -2  -1   0   25  21   1   1   0   1   1   2   4   1   2   9   1   1   1  10   1   0   1  16  0.11 0.01
   37 N    -1  -1   4   3  -2   0   0  -1   0  -3  -3   0  -2  -2  -1   1   0  -3  -2  -2    1   1  47  20   0   1   1   1   0   1   2   5   0   1   1  14   1   0   1   1  0.40 0.02
   38 G     0  -2  -1  -2  -3  -2  -2   6  -2  -4  -4   0  -3  -4   0  -1  -2  -3  -3  -3    0   0   0   0   0   0   0  88   0   0   0   8   0   0   4   0   0   0   0   0  0.95 0.04
   39 A     1   1  -1  -1  -1   1   0   0  -1   0  -1   0  -1  -2  -1   1   2  -2  -1   1   13   9   1   1   0   8   5   5   0   1   1   1   0   1   1   5  28   0   1  19  0.11 0.01
   40 Y    -1  -1  -1  -2  -2  -1  -1  -2   0   0   1  -1   0   3  -2  -1   0   1   4   0    2   1   1   1   0   1   1   2   1   1  22   6   1  13   1   5   8   0  31   2  0.19 0.01
   41 Q    -1   2   0   1  -3   4   2  -1   0  -3  -3   2  -1  -3  -2   0  -1  -3  -2  -3    0  10   0   8   0  50   7   4   0   0   0  21   0   0   0   0   0   0   0   0  0.48 0.03
   42 W    -1  -2  -2  -2  -2  -1  -2  -2  -1  -1   0  -2   0   3  -2  -2  -1   9   2  -1    3   2   2   2   1   1   2   2   1   2  10   2   1  18   2   2   2  43   1   2  0.80 0.02
   43 I    -1  -1  -1  -1  -1  -1   0  -2  -2   3   1  -1   0  -1  -1  -1   1  -2  -1   2    3   2   2   2   1   1  10   2   1  41   3   2   1   1   2   2   9   0   1  14  0.08 0.01
   44 V     0  -3  -3  -4  -1  -3  -3  -4  -4   2   1  -3   0  -1  -3  -2   0  -3  -2   5    0   0   0   0   0   0   0   0   0   0   0   0   0   0   0   0   0   0   0 100  0.49 0.04
   45 K    -1   2   0  -1  -3   1   1  -2   3  -2  -2   3  -1  -3  -2   0   2  -3  -1  -2    0  14   0   0   0   0   7   0  13   0   0  41   0   0   0   0  24   0   0   0  0.33 0.02
   46 P    -1  -3  -2  -2  -3  -2  -2  -3  -3  -3  -3  -1  -3  -4   8  -1  -1  -4  -3  -3    0   0   0   0   0   0   0   0   0   0   0   0   0   0 100   0   0   0   0   0  2.18 0.06
   47 K    -1   1  -1  -1   2   1   0  -2  -1  -1  -1   3  -1  -2  -2   0   2  -3  -2   0    0   0   0   0   6   7   0   0   0   0   8  43   0   0   0   0  28   0   0   7  0.21 0.02
   48 V     1  -1   0   2  -1  -1   0  -1  -2  -1  -2  -1  -1  -2  -1   2   3  -3  -2   0   15   0   0  15   0   0   0   0   0   0   0   0   0   0   0  25  34   0   0  11  0.25 0.02
   49 V     0  -1  -1  -2  -1   2  -1  -2  -2   1  -1   0   0  -2  -2   1   2  -3  -2   2    0   0   0   0   0  15   0   0   0   0   0   8   0   0   0   8  26   0   0  43  0.17 0.02
   50 K    -1   3   1   2  -3   2   1  -2  -1  -3  -3   3  -2  -3  -2   0   0  -3  -2  -3    0  16   8  16   0   8   0   0   0   0   0  40   0   0   0   7   4   0   0   0  0.36 0.02
   51 Y    -2  -2  -3  -4  -3  -2  -3  -4   1  -1   0  -2  -1   4  -3  -2  -2   2   7  -1    0   0   0   0   0   0   0   0   0   0   7   0   0  18   0   0   0   0  74   0  0.85 0.04
   52 D    -1   0   0   2  -2   2   2  -2   2   0  -2   1  -1  -2  -2   0   1  -3  -1   0    0   0   4  11   0  12  24   0   8   7   0   7   0   0   0   0  18   0   0   8  0.20 0.01
   53 F    -3  -3  -3  -4  -3  -4  -4  -4  -2   1   0  -4   0   7  -4  -3  -2   1   3  -1    0   0   0   0   0   0   0   0   0   7   0   0   0  93   0   0   0   0   0   0  0.86 0.05
   54 K    -1   4   0  -1  -4   1   0  -2   2  -3  -3   5  -2  -3  -2  -1  -1  -3  -2  -3    0  23   0   0   0   0   0   0   6   0   0  71   0   0   0   0   0   0   0   0  0.56 0.03
   55 T     0  -2  -1  -2  -1  -1  -1  -2  -2   0   0  -1   0  -2  -2   1   5  -3  -2   1    0   0   0   0   0   0   0   0   0   0   8   0   0   0   0   0  76   0   0  16  0.40 0.04
   56 D     0  -2   1   5  -3   0   2   0  -1  -3  -3  -1  -3  -3  -2   0   0  -4  -3  -2   12   0   0  59   0   0  14   7   0   0   0   0   0   0   0   0   8   0   0   0  0.54 0.03
   57 T    -1   3  -1  -2  -2  -1  -1  -3  -2   0   1   0   0  -1  -2   0   2  -3  -2   0    0  33   0   0   0   0   0   0   0   4  24   0   0   0   0   0  31   0   0   8  0.20 0.02
   58 R    -1   3   1  -1  -3   2   0  -2   4  -3  -3   3  -1  -3  -2   0   0  -3  -1  -3    0  19   8   0   0  12   0   0  23   0   0  30   0   0   0   0   8   0   0   0  0.38 0.02
   59 V     0  -1  -3  -3  -1  -2  -2  -3  -3   2   0   1   0  -1  -2  -2   0  -3  -2   4    0   0   0   0   0   0   0   0   0   0   0  16   0   0   0   0   0   0   0  84  0.31 0.04
   60 P    -1  -3  -2  -2  -3  -2  -2  -3  -3  -3  -3  -1  -3  -4   8  -1  -1  -4  -3  -3    0   0   0   0   0   0   0   0   0   0   0   0   0   0 100   0   0   0   0   0  2.18 0.06
   61 K    -1   4   0  -1  -4   1   0  -2  -1  -3  -3   5  -2  -3  -2  -1  -1  -3  -2  -3    0  31   0   0   0   0   0   0   0   0   0  69   0   0   0   0   0   0   0   0  0.61 0.04
   62 L    -2  -2  -4  -4  -2  -2  -3  -4  -3   2   4  -3   3   0  -3  -3  -1  -2  -1   1    0   0   0   0   0   0   0   0   0   0  84   0   7   0   0   0   0   0   0   8  0.47 0.03
   63 G     0  -3  -1  -2  -3  -2  -2   6  -2  -4  -4  -2  -3  -4  -3  -1  -2  -3  -3  -4    0   0   0   0   0   0   0 100   0   0   0   0   0   0   0   0   0   0   0   0  1.18 0.04
   64 V    -1  -3  -3  -4  -1  -3  -3  -4  -3   3   1  -3   1  -1  -3  -2   0  -3  -1   4    0   0   0   0   0   0   0   0   0   8   8   0   0   0   0   0   0   0   0  84  0.42 0.03
   65 M    -1  -2  -3  -4  -2  -1  -3  -3  -2   1   2  -2   7   0  -3  -2  -1  -2  -1   0    0   0   0   0   0   0   0   0   0   0   8   0  92   0   0   0   0   0   0   0  0.60 0.06
   66 L    -2  -3  -4  -4  -2  -3  -3  -4  -3   2   4  -3   2   0  -3  -3  -1  -2  -1   1    0   0   0   0   0   0   0   0   0   7  93   0   0   0   0   0   0   0   0   0  0.53 0.03
   67 V    -1  -3  -3  -4  -1  -3  -3  -4  -4   3   1  -3   1  -1  -3  -2   0  -3  -2   5    0   0   0   0   0   0   0   0   0   8   0   0   0   0   0   0   0   0   0  92  0.46 0.04
   68 G     0  -3  -1  -2  -3  -2  -2   6  -2  -4  -4  -2  -3  -4  -3  -1  -2  -3  -3  -4    0   0   0   0   0   0   0 100   0   0   0   0   0   0   0   0   0   0   0   0  1.18 0.04
   69 W    -3  -3  -4  -4  -2  -2  -3  -3  -3   0   2  -3   0   0  -4  -3  -2  10   1  -1    0   0   0   0   0   0   0   0   0   8  27   0   0   0   0   0   0  65   0   0  1.49 0.05
   70 G     0  -3  -1  -2   2  -2  -3   6  -2  -4  -4  -2  -3  -3  -3  -1  -2  -3  -3  -3    0   0   0   0   7   0   0  93   0   0   0   0   0   0   0   0   0   0   0   0  1.04 0.04
   71 G     0  -3  -1  -2  -3  -2  -2   6  -2  -4  -4  -2  -3  -4  -3  -1  -2  -3  -3  -4    0   0   0   0   0   0   0 100   0   0   0   0   0   0   0   0   0   0   0   0  1.18 0.04
   72 N    -2  -1   7   1  -3   0  -1  -1   0  -4  -4  -1  -3  -4  -2   0   0  -4  -3  -3    0   0 100   0   0   0   0   0   0   0   0   0   0   0   0   0   0   0   0   0  0.93 0.05
   73 N    -2  -1   7   1  -3   0  -1  -1   0  -4  -4  -1  -3  -4  -2   0   0  -4  -3  -3    0   0 100   0   0   0   0   0   0   0   0   0   0   0   0   0   0   0   0   0  0.93 0.05
   74 G     0  -3  -1  -2  -3  -2  -2   6  -2  -4  -4  -2  -3  -4  -3  -1  -2  -3  -3  -4    0   0   0   0   0   0   0 100   0   0   0   0   0   0   0   0   0   0   0   0  1.18 0.04
   75 S     1  -1   0  -1  -1   0  -1  -1  -1  -2  -2  -1  -2  -3  -1   4   3  -3  -2  -1    0   0   0   0   0   0   0   0   0   0   0   0   0   0   0  73  27   0   0   0  0.48 0.04
   76 T     0  -1   0  -1  -1  -1  -1  -2  -2  -1  -2  -1  -1  -3  -1   1   5  -3  -2   0    0   0   0   0   0   0   0   0   0   0   0   0   0   0   0   0 100   0   0   0  0.64 0.05
   77 L    -1  -2  -4  -4  -1  -2  -3  -4  -3   2   4  -3   3   0  -3  -3  -1  -2  -1   2    0   0   0   0   0   0   0   0   0   0  78   0   8   0   0   0   0   0   0  14  0.45 0.03
   78 T     0  -2  -1  -2  -1  -1  -2  -2  -2   0   0  -1   1  -2  -2   1   4  -3  -2   1    0   0   0   0   0   0   0   0   0   0   8   0   8   0   0   0  69   0   0  15  0.34 0.03
   79 A     4  -2  -1  -2  -1  -1  -1   3  -2  -2  -2  -1  -2  -3  -1   1  -1  -3  -2  -1   69   0   0   0   0   0   0  31   0   0   0   0   0   0   0   0   0   0   0   0  0.48 0.03
   80 G     3  -2  -1  -2  -2  -1  -2   4  -2  -3  -3  -1  -2  -3  -2   1  -1  -3  -3  -2   42   0   0   0   0   0   0  50   0   0   0   0   0   0   0   8   0   0   0   0  0.55 0.03
   81 V     0  -3  -3  -3  -1  -2  -3  -3  -3   2   1  -2   1  -1  -3  -2   1  -3  -2   4    0   0   0   0   0   0   0   0   0   0   7   0   0   0   0   0   8   0   0  84  0.38 0.03
   82 I    -2  -3  -3  -3  -2  -2  -1  -4  -3   3   3  -2   1   0  -3  -2  -1  -2  -1   2    0   0   0   0   0   0   7   0   0  50  42   0   0   0   0   0   0   0   0   0  0.33 0.02
   83 A     5  -2  -2  -2  -1  -1  -1   0  -2  -2  -2  -1  -1  -3  -1   1   0  -3  -2   0  100   0   0   0   0   0   0   0   0   0   0   0   0   0   0   0   0   0   0   0  0.53 0.04
   84 N    -2  -1   7   1  -3   0  -1  -1   0  -4  -4  -1  -3  -4  -2   0   0  -4  -3  -3    0   0 100   0   0   0   0   0   0   0   0   0   0   0   0   0   0   0   0   0  0.93 0.05
   85 K    -1   5  -1  -2  -4   1   0  -2  -1  -3  -3   4  -2  -3  -2  -1  -1  -3  -2  -3    0  65   0   0   0   0   0   0   0   0   0  35   0   0   0   0   0   0   0   0  0.70 0.04
   86 E    -1   1  -1   0  -3   1   4  -3   4  -2   0   0  -1  -2  -2  -1  -1  -3  -1  -2    0   7   0   0   0   0  50   0  24   0  18   0   0   0   0   0   0   0   0   0  0.37 0.03
   87 G    -1   1   3  -1  -3   1  -1   5  -1  -4  -4   0  -2  -3  -2   0  -1  -3  -3  -3    0  12  24   0   0   7   0  56   0   0   0   0   0   0   0   0   0   0   0   0  0.58 0.03
   88 I    -1  -3  -4  -4  -1  -3  -3  -4  -3   4   3  -3   1   0  -3  -3  -1  -3  -1   3    0   0   0   0   0   0   0   0   0  51  33   0   0   0   0   0   0   0   0  16  0.39 0.02
   89 S     0  -1   0  -1   5   0   1  -1  -1  -2  -2   0  -2  -3  -1   3   1  -3  -2  -2    0   0   0   0  20   0   8   0   0   0   0   7   0   0   0  59   6   0   0   0  0.38 0.03
   90 W    -3  -3  -4  -5  -3  -3  -3  -3  -3  -2  -1  -4  -1   4  -4  -3  -3  11   2  -3    0   0   0   0   0   0   0   0   0   0   0   0   0  24   0   0   0  76   0   0  1.99 0.06
   91 A     2   2   0  -1  -2   1   1  -1  -1  -2  -2   0   0  -3   2   0  -1  -3  -2  -1   39  15   7   0   0   8   8   0   0   0   0   0   6   0  12   0   0   0   0   4  0.22 0.02
   92 T     0  -1   1  -1  -1  -1  -1  -2  -2  -1  -2   0  -1  -3  -1   1   5  -3  -2  -1    0   0   8   0   0   0   0   0   0   0   0   7   0   0   0   0  84   0   0   0  0.49 0.04
   93 K    -1   4   0  -1  -4   1   0  -2  -1  -3  -3   5  -2  -3  -2  -1  -1  -3  -2  -3    0  27   0   0   0   0   0   0   0   0   0  73   0   0   0   0   0   0   0   0  0.61 0.04
   94 D    -1  -1   0   4  -3   1   3  -2  -1  -3  -3   0  -2  -3  -1   1   2  -3  -2  -2    0   0   0  38   0   7  29   0   0   0   0   0   0   0   0   6  20   0   0   0  0.48 0.02
   95 K     0   0   0  -1  -3   0  -1   4  -2  -3  -3   3  -2  -3  -2   0   0  -3  -3  -3    0   0   0   0   0   0   0  49   0   0   0  46   0   0   0   0   5   0   0   0  0.52 0.03
   96 V    -1   1  -3  -3  -1  -1  -2  -3  -3   2   1   0   1  -1  -3  -2  -1  -3  -2   3    0  12   0   0   0   0   0   0   0   4  15   6   0   0   0   0   0   0   0  63  0.23 0.02
   97 Q    -1   1   0  -1  -3   5   1  -2   1  -2  -2   3  -1  -3  -2   0   0  -3  -2  -1    0   0   0   0   0  53   0   0   4   0   0  26   0   0   0   0   8   0   0   8  0.41 0.03
   98 Q    -1   1   0   0  -3   4   3  -2   0  -2  -2   2  -1  -3  -1   0   0  -3  -2  -1    0   0   0   0   0  46  27   0   0   0   0  13   0   0   0   0   7   0   0   6  0.45 0.03
   99 A     4  -2  -2  -2  -1  -1  -1  -1  -2  -2  -2  -1  -2  -3   5   0  -1  -3  -2  -1   69   0   0   0   0   0   0   0   0   0   0   0   0   0  31   0   0   0   0   0  0.67 0.03
  100 N    -2  -1   7   1  -3   0  -1  -1   0  -4  -4  -1  -3  -4  -2   0   0  -4  -3  -3    0   0 100   0   0   0   0   0   0   0   0   0   0   0   0   0   0   0   0   0  0.93 0.05
  101 Y    -2  -2  -3  -4  -3  -2  -3  -4   1  -2  -2  -2  -1   3  -3  -2  -2   5   7  -2    0   0   0   0   0   0   0   0   0   0   0   0   0   0   0   0   0   7  93   0  1.11 0.06
  102 F    -2  -3  -3  -4  -3  -3  -3  -4   0  -1   0  -3  -1   6  -4  -2  -2   1   6  -1    0   0   0   0   0   0   0   0   0   0   0   0   0  54   0   0   0   0  46   0  0.84 0.04
  103 G     0  -3  -1  -2  -3  -2  -2   6  -2  -4  -4  -2  -3  -4  -3  -1  -2  -3  -3  -4    0   0   0   0   0   0   0 100   0   0   0   0   0   0   0   0   0   0   0   0  1.18 0.04
  104 S     1  -1   0  -1  -1   0   0  -1  -1  -3  -3  -1  -2  -3  -1   5   1  -3  -2  -2    0   0   0   0   0   0   0   0   0   0   0   0   0   0   0 100   0   0   0   0  0.59 0.05
  105 L    -1  -2  -4  -4  -1  -2  -3  -4  -3   2   4  -3   2   0  -3  -2  -1  -2  -1   2    0   0   0   0   0   0   0   0   0   7  69   0   8   0   0   0   0   0   0  16  0.41 0.02
  106 T     0  -2  -1  -2  -1  -1  -1  -2  -2  -1  -1  -1  -1   0  -2   1   5  -2  -1   0    0   0   0   0   0   0   0   0   0   0   0   0   0   6   0   0  86   0   0   7  0.48 0.04
  107 Q    -1   1   0  -1  -3   6   1  -2   0  -3  -2   1   1  -3  -2  -1  -1  -2  -2  -2    0   0   0   0   0  93   0   0   0   0   0   0   7   0   0   0   0   0   0   0  0.75 0.06
  108 A     4  -2  -1  -2   3  -1  -1   0  -2  -2  -2  -1  -1  -3  -1   2   0  -3  -2  -1   62   0   0   0   8   0   0   0   0   0   0   0   0   0   0  30   0   0   0   0  0.38 0.03
  109 S     1  -1   0  -1  -1  -1  -1   1  -1  -3  -3  -1  -2  -3  -1   4   1  -3  -2  -2    0   0   0   0   0   0   0  12   0   0   0   0   0   0   0  88   0   0   0   0  0.51 0.04
  110 S     1  -1   0  -1  -1  -1  -1  -1  -2  -1  -2  -1  -1  -3  -1   3   5  -3  -2  -1    5   0   0   0   0   0   0   0   0   0   0   0   0   0   0  26  69   0   0   0  0.47 0.04
  111 I    -1  -3  -3  -4  -1  -3  -3  -4  -4   4   2  -3   1  -1  -3  -2  -1  -3  -2   3    0   0   0   0   0   0   0   0   0  58   8   0   0   0   0   0   0   0   0  34  0.41 0.03
  112 R    -1   4   1  -1   2   1   0  -2  -1  -3  -2   3  -2   0  -2   0  -1  -3  -1  -2    0  50   6   0   6   0   0   0   0   0   0  24   0   7   0   6   0   0   0   0  0.40 0.02
  113 V    -1  -3  -3  -4  -1  -2  -3  -4  -3   3   3  -3   2   0  -3  -2  -1  -2  -1   3    0   0   0   0   0   0   0   0   0  16  34   0   7   0   0   0   0   0   0  43  0.34 0.02
  114 G     0  -3  -1  -2  -3  -2  -2   6  -2  -4  -4  -2  -3  -4  -3  -1  -2  -3  -3  -4    0   0   0   0   0   0   0 100   0   0   0   0   0   0   0   0   0   0   0   0  1.18 0.04
  115 S     0   1   1   4  -2   0   0  -1  -1  -3  -3   1  -2  -3  -1   3   0  -4  -2  -3    0   6   0  35   0   0   0   0   0   0   0   8   0   0   0  50   0   0   0   0  0.42 0.03
  116 F     1  -2  -1  -1  -2  -1   2   1   0  -2  -1  -1  -1   3  -2   0  -1   0   3  -2   14   0   0   0   0   0  23  12   0   0   0   0   0  26   0   8   0   0  17   0  0.21 0.02
  117 N    -1   0   5   2  -3   0   2  -1   0  -3  -3   1  -2  -3  -2   1   1  -4  -2  -3    0   0  50  13   0   0  14   0   0   0   0   8   0   0   0   6   8   0   0   0  0.47 0.02
  118 G     0  -3  -1  -2  -3  -2  -2   6  -2  -4  -4  -2  -3  -3  -2   0  -2  -3  -3  -3    0   0   0   0   0   0   0  94   0   0   0   0   0   0   0   6   0   0   0   0  1.07 0.04
  119 E    -1   1   1   1   2   2   4   1  -1  -3  -3   1  -2  -3  -2   0  -1  -3  -2  -3    0   6   8   0   7   6  51  14   0   0   0   8   0   0   0   0   0   0   0   0  0.39 0.02
  120 E    -1  -1   0   4  -4   1   5  -2  -1  -4  -4   0  -3  -4  -2   0  -1  -4  -3  -3    0   0   0  39   0   0  61   0   0   0   0   0   0   0   0   0   0   0   0   0  0.76 0.04
  121 M     0  -3  -3  -3  -1  -2  -3  -3  -3   3   1  -3   1  -1  -3  -2   0  -3  -2   4    7   0   0   0   0   0   0   0   0  39   0   0   4   0   0   0   0   0   0  50  0.34 0.02
  122 Y    -2  -2  -3  -4  -3  -2  -3  -4   1  -1  -1  -2  -1   4  -4  -2  -2   2   7  -2    0   0   0   0   0   0   0   0   0   0   0   0   0  18   0   0   0   0  82   0  0.97 0.05
  123 A     3  -2  -2  -3  -1  -2  -2  -1  -3   1   0  -2   0  -2  -2   0   0  -3  -2   3   51   0   0   0   0   0   0   0   0   7   0   0   0   0   0   0   0   0   0  42  0.26 0.03
  124 P    -1  -3  -2  -2  -3  -2  -2  -3  -3  -3  -3  -1  -3  -4   8  -1  -1  -4  -3  -3    0   0   0   0   0   0   0   0   0   0   0   0   0   0 100   0   0   0   0   0  2.18 0.06
  125 F    -2  -3  -3  -4  -3  -3  -4  -4  -2   0   1  -3   1   6  -4  -3  -2   0   3  -1    0   0   0   0   0   0   0   0   0   0   7   0   7  85   0   0   0   0   0   0  0.77 0.04
  126 K    -1   2   3   0  -3   1   0  -1  -1  -3  -3   4  -2  -3  -2   1   0  -3  -2  -3    0   6  24   0   0   0   0   0   0   0   0  58   0   0   0  12   0   0   0   0  0.43 0.03
  127 S     1  -1   1   1  -1   0   1  -1  -1  -3  -3   0  -2  -3  -1   4   1  -3  -2  -2   12   0   7   6   0   0   7   0   0   0   0   0   0   0   0  67   0   0   0   0  0.39 0.03
  128 L    -2  -3  -4  -4  -2  -3  -3  -4  -3   2   4  -3   2   0  -3  -3  -1  -2  -1   1    0   0   0   0   0   0   0   0   0  13  87   0   0   0   0   0   0   0   0   0  0.50 0.03
  129 V    -1  -3  -4  -4  -1  -2  -3  -4  -3   2   4  -3   2   0  -3  -3  -1  -2  -1   2    0   0   0   0   0   0   0   0   0   7  68   0   0   0   0   0   0   0   0  24  0.41 0.02
  130 P    -1  -3  -2  -2  -3  -2  -2  -3  -3  -3  -3  -1  -3  -4   8  -1  -1  -4  -3  -3    0   0   0   0   0   0   0   0   0   0   0   0   0   0 100   0   0   0   0   0  2.18 0.06
  131 M    -1  -2  -3  -4  -2  -1  -3  -3  -2   1   2  -2   7   0  -3  -2  -1  -2  -1   0    0   0   0   0   0   0   0   0   0   0   0   0 100   0   0   0   0   0   0   0  0.67 0.07
  132 V     0  -3  -3  -4  -1  -3  -3  -4  -4   2   1  -3   0  -1  -3  -2   0  -3  -2   5    0   0   0   0   0   0   0   0   0   0   0   0   0   0   0   0   0   0   0 100  0.49 0.04
  133 N     0  -1   5   1  -3   0   1  -1   2  -3  -3   0  -2  -3  -2   1   0  -4  -2  -3   12   0  65   0   0   0   7   0   7   0   0   0   0   0   0   8   0   0   0   0  0.52 0.03
  134 P    -1  -3  -2  -2  -3  -2  -2  -3  -3  -3  -3  -1  -3  -4   8  -1  -1  -4  -3  -3    0   0   0   0   0   0   0   0   0   0   0   0   0   0 100   0   0   0   0   0  2.18 0.06
  135 D    -2  -1   5   4  -3   0   1  -1   0  -4  -4  -1  -3  -4  -2   0  -1  -4  -3  -3    0   0  54  42   0   0   4   0   0   0   0   0   0   0   0   0   0   0   0   0  0.73 0.04
  136 D    -2  -2   2   6  -4   0   2  -2  -1  -4  -4  -1  -3  -4  -2   0  -1  -5  -3  -3    0   0   7  85   0   0   8   0   0   0   0   0   0   0   0   0   0   0   0   0  0.93 0.04
  137 V    -1  -3  -3  -4  -1  -3  -3  -4  -3   3   2  -3   1   2  -3  -2  -1  -2   0   2    0   0   0   0   0   0   0   0   0  32  31   0   0  16   0   0   0   0   0  22  0.32 0.02
  138 V    -1  -3  -3  -4  -1  -3  -3  -4  -4   3   1  -3   1  -1  -3  -2   0  -3  -2   5    0   0   0   0   0   0   0   0   0   7   0   0   0   0   0   0   0   0   0  93  0.46 0.04
  139 F    -2  -3  -3  -4  -2  -3  -3  -4  -2   1   0  -3   0   6  -4  -2  -2   0   2   2    0   0   0   0   0   0   0   0   0   0   0   0   0  69   0   0   0   0   0  31  0.56 0.04
  140 G     0  -2   0   4  -3  -1   0   4  -2  -4  -4  -1  -3  -3  -2   1  -1  -3  -3  -3    0   0   0  34   0   0   0  50   0   0   0   0   0   0   0  16   0   0   0   0  0.61 0.03
  141 G     0  -3  -1  -2  -3  -2  -2   6  -2  -4  -4  -2  -3  -4  -3  -1  -2  -3  -3  -4    0   0   0   0   0   0   0 100   0   0   0   0   0   0   0   0   0   0   0   0  1.18 0.04
  142 W    -3  -3  -4  -5  -3  -3  -3  -3  -3  -3  -2  -4  -2   1  -4  -3  -3  12   2  -3    0   0   0   0   0   0   0   0   0   0   0   0   0   0   0   0   0 100   0   0  2.72 0.08
  143 D    -2  -2   1   7  -4  -1   1  -2  -1  -4  -4  -1  -4  -4  -2  -1  -1  -5  -4  -4    0   0   0 100   0   0   0   0   0   0   0   0   0   0   0   0   0   0   0   0  1.11 0.05
  144 I    -2  -3  -4  -4  -2  -3  -4  -4  -4   5   1  -3   1   0  -3  -3  -1  -3  -2   2    0   0   0   0   0   0   0   0   0 100   0   0   0   0   0   0   0   0   0   0  0.55 0.04
  145 S     1  -1   3   0  -2   0   0  -1  -1  -3  -3   0  -2  -3  -1   4   1  -3  -2  -2    0   0  23   0   0   0   0   0   0   0   0   0   0   0   0  77   0   0   0   0  0.50 0.04
  146 D     0  -1   3   3  -3  -1   0   3  -1  -3  -4  -1  -3  -3  -2   2   0  -4  -3  -3    0   0  22  31   0   0   0  24   0   0   0   0   0   0   0  23   0   0   0   0  0.46 0.02
  147 M     1  -2  -3  -3  -1  -1  -2  -2  -2   1   3  -2   5   0  -2  -1  -1  -2  -1   0   23   0   0   0   0   0   0   0   0   0  34   0  43   0   0   0   0   0   0   0  0.29 0.03
  148 N    -2  -1   5   2  -3   0   0  -1   2  -3  -3  -1  -2  -3   1   0   1  -4  -2  -3    0   0  69   8   0   0   0   0   7   0   0   0   0   0   8   0   8   0   0   0  0.60 0.03
  149 L    -2  -2  -4  -4  -2  -2  -3  -4  -3   1   4  -3   3   0  -3  -3  -1  -2  -1   1    0   0   0   0   0   0   0   0   0   0  92   0   8   0   0   0   0   0   0   0  0.53 0.03
  150 A     4  -2  -1   2  -1  -1  -1   1  -1  -2  -2  -1  -2  -2  -1   1  -1  -2   1  -1   69   0   0  16   0   0   0   7   0   0   0   0   0   0   0   0   0   0   8   0  0.30 0.03
  151 D    -2  -1   1   5  -4   2   3  -2  -1  -3  -4   0  -3  -4  -2   0  -1  -4  -3  -3    0   0   0  64   0  16  20   0   0   0   0   0   0   0   0   0   0   0   0   0  0.74 0.03
  152 A     5  -2  -2  -2  -1  -1  -1   0  -2  -2  -2  -1  -1  -3  -1   1   0  -3  -2   0  100   0   0   0   0   0   0   0   0   0   0   0   0   0   0   0   0   0   0   0  0.53 0.04
  153 M    -1  -2  -3  -4  -2  -1  -3  -3  -2   1   2  -2   7   0  -3  -2  -1  -2  -1   0    0   0   0   0   0   0   0   0   0   0   0   0 100   0   0   0   0   0   0   0  0.67 0.07
  154 G     1   2  -1  -1  -2   2   1   1  -1  -2  -2   1  -1   0  -2   0   1  -2  -1  -2   20  19   0   0   0  15   8  11   0   0   0   8   0   6   0   0  12   0   0   0  0.19 0.01
  155 R    -2   6  -1  -2  -4   1   0  -3  -1  -3  -3   2  -2  -3  -3  -1  -1  -3  -2  -3    0 100   0   0   0   0   0   0   0   0   0   0   0   0   0   0   0   0   0   0  0.93 0.05
  156 A     4  -2  -2  -2  -1  -1  -1   0  -2  -2  -2  -1  -1  -3  -1   1   0  -3  -2  -1   92   0   0   0   0   0   0   0   0   0   0   0   0   0   0   8   0   0   0   0  0.49 0.04
  157 K    -1   3   0   0  -3   3   2  -2   0  -3  -3   3  -1  -3  -1   0  -1  -3  -2  -3    0  20   0   0   0  21  14   0   0   0   0  37   0   0   0   8   0   0   0   0  0.45 0.02
  158 V     0  -3  -3  -4  -1  -3  -3  -4  -4   2   1  -3   0  -1  -3  -2   0  -3  -2   5    0   0   0   0   0   0   0   0   0   0   0   0   0   0   0   0   0   0   0 100  0.49 0.04
  159 L    -2  -3  -4  -4  -2  -3  -3  -4  -3   1   4  -3   2   3  -3  -3  -2  -1   0   0    0   0   0   0   0   0   0   0   0   0  81   0   0  19   0   0   0   0   0   0  0.47 0.03
  160 D    -2  -2   1   6  -4   0   3  -2  -1  -4  -4  -1  -3  -4  -2  -1  -1  -4  -3  -3    0   0   0  84   0   0  16   0   0   0   0   0   0   0   0   0   0   0   0   0  0.95 0.04
  161 I    -1  -3  -3  -4   2  -3  -3  -4  -2   3   1  -3   0   0  -3  -2  -1   5   3   2    0   0   0   0   6   0   0   0   0  43   0   0   0   0   0   0   0  12  15  24  0.37 0.02
  162 D     0  -2   1   5  -3   1   1   1  -1  -3  -3  -1  -3  -4  -2   0   0  -4  -3  -3    7   0   0  66   0   6   0  12   0   0   0   0   0   0   0   0   8   0   0   0  0.59 0.03
  163 L    -2  -3  -4  -4  -2  -2  -3  -4  -3   1   4  -3   2   0  -3  -3  -1  -2  -1   1    0   0   0   0   0   0   0   0   0   0 100   0   0   0   0   0   0   0   0   0  0.57 0.04
  164 Q    -1   2   0  -1  -3   6   2  -2   0  -3  -3   1  -1  -4  -2   0  -1  -2  -2  -3    0   8   0   0   0  92   0   0   0   0   0   0   0   0   0   0   0   0   0   0  0.79 0.05
  165 K    -1   1   1   1  -3   2   2  -2  -1  -2  -2   4  -2  -3  -1   0  -1  -3  -2  -1    0   0   8   7   0   8  18   0   0   0   0  51   0   0   0   0   0   0   0   7  0.36 0.02
  166 Q    -1   2   0  -1  -3   6   1  -2   0  -3  -3   2  -1  -4  -2   0  -1  -2  -2  -3    0   8   0   0   0  84   0   0   0   0   0   8   0   0   0   0   0   0   0   0  0.73 0.05
  167 L    -2  -2  -4  -4  -2  -2  -3  -4  -3   2   4  -3   2   0  -3  -3  -1  -2  -1   1    0   0   0   0   0   0   0   0   0   7  89   0   4   0   0   0   0   0   0   0  0.51 0.03
  168 R     0   4  -1  -2  -3   0  -1  -2   0  -1  -2   1  -1   0  -2  -1  -1   5   3  -2    8  49   0   0   0   0   0   0   0   7   0   8   0   0   0   0   0  12  16   0  0.42 0.03
  169 P     0  -2  -2   0  -3  -1  -1  -2   0  -3  -3  -1  -3  -4   7  -1  -1  -4  -3  -3    8   0   0   7   0   0   0   0   4   0   0   0   0   0  80   0   0   0   0   0  1.59 0.04
  170 Y    -2  -1  -1  -2  -3   1  -1  -3   5  -2  -1   0   1   2  -3  -1  -2   1   6  -2    0   0   0   0   0   7   0   0  24   0   0   8   8   4   0   0   0   0  49   0  0.51 0.03
  171 M    -1  -2  -3  -4  -2  -1  -3  -3  -2   1   2  -2   7   0  -3  -2  -1  -2  -1   0    0   0   0   0   0   0   0   0   0   0  16   0  84   0   0   0   0   0   0   0  0.56 0.06
  172 E     0   0   0   1  -3   1   5  -2  -1  -3  -3   2  -2  -3  -1   1  -1  -3  -2  -2    7   0   0   0   0   0  70   0   0   0   0  15   0   0   0   8   0   0   0   0  0.56 0.03
  173 N     0   0   3   1  -2   1   0  -1   3  -2  -1   0  -1  -2  -2   2   0  -3  -1  -2    6   0  23   8   0   7   0   0  15   0   8   6   0   0   0  27   0   0   0   0  0.24 0.02
  174 I    -1  -1  -2  -3  -2  -1  -2  -3   1   2   2   0   4   0  -3  -2  -1  -2  -1   1    0   0   0   0   0   0   0   0   8  15  19   8  42   0   0   0   0   0   0   8  0.23 0.03
  175 V    -1   2  -1  -2  -2   0  -1  -3  -2   1  -1   2   0  -2  -2  -1   0  -3  -2   2    0  19   0   0   0   0   0   0   0   0   0  30   0   0   0   0   7   0   0  43  0.20 0.02
  176 P    -1  -3  -2  -2  -3  -2  -2  -3  -3  -3  -3  -1  -3  -4   8  -1  -1  -4  -3  -3    0   0   0   0   0   0   0   0   0   0   0   0   0   0 100   0   0   0   0   0  2.18 0.06
  177 L    -2   2  -3  -3  -2  -1  -2  -4  -2   1   4  -1   1   0  -3  -2  -1  -2  -1   0    0  26   0   0   0   0   0   0   0   0  74   0   0   0   0   0   0   0   0   0  0.35 0.03
  178 P    -1  -2  -2  -1  -3  -1   0  -2  -2  -3  -3   0  -3  -4   7  -1  -1  -4  -3  -3    0   0   0   0   0   0   8   0   0   0   0   8   0   0  84   0   0   0   0   0  1.70 0.05
  179 G     1  -2   0  -1  -2  -1  -1   4  -2  -3  -3  -1  -2  -3  -2   3   0  -3  -3  -3    0   0   0   0   0   0   0  43   0   0   0   0   0   0   0  57   0   0   0   0  0.55 0.03
  180 I    -1  -3  -4  -4  -1  -3  -3  -4  -4   4   1  -3   1  -1  -3  -2  -1  -3  -2   3    0   0   0   0   0   0   0   0   0  76   0   0   0   0   0   0   0   0   0  24  0.46 0.03
  181 Y    -2  -2  -3  -4  -3  -2  -3  -4   1  -2  -1  -2  -1   3  -3  -2  -2   2   7  -2    0   0   0   0   0   0   0   0   0   0   0   0   0   8   0   0   0   0  92   0  1.06 0.06
  182 D    -2  -2   1   4  -3  -1   0  -2   0   1  -1  -2  -1   1  -2  -1  -1  -1   3  -1    0   0   9  42   0   0   0   0   0  18   0   0   0   7   0   0   0   0  24   0  0.31 0.02
  183 P    -1  -3  -2  -2  -3  -2  -2  -3  -3  -3  -3  -1  -3  -4   8  -1  -1  -4  -3  -3    0   0   0   0   0   0   0   0   0   0   0   0   0   0 100   0   0   0   0   0  2.18 0.06
  184 D    -2  -2   1   6  -4   0   3  -2  -1  -4  -4  -1  -3  -4  -2   0  -1  -4  -3  -3    0   0   0  82   0   0  18   0   0   0   0   0   0   0   0   0   0   0   0   0  0.92 0.04
  185 F    -3  -3  -3  -4  -3  -4  -4  -4  -2   0   0  -4   0   7  -4  -3  -3   1   3  -1    0   0   0   0   0   0   0   0   0   0   0   0   0 100   0   0   0   0   0   0  0.97 0.05
  186 I    -2  -3  -4  -4  -2  -3  -4  -4  -4   5   1  -3   1   0  -3  -3  -1  -3  -2   2    0   0   0   0   0   0   0   0   0 100   0   0   0   0   0   0   0   0   0   0  0.55 0.04
  187 A     5  -2  -2  -2  -1  -1  -1   0  -2  -2  -2  -1  -1  -3  -1   1   0  -3  -2   0  100   0   0   0   0   0   0   0   0   0   0   0   0   0   0   0   0   0   0   0  0.53 0.04
  188 A     4  -2  -2  -2  -1  -1  -1   0  -2  -1   0  -1  -1  -2  -1   1   0  -3  -2   0   92   0   0   0   0   0   0   0   0   0   8   0   0   0   0   0   0   0   0   0  0.43 0.04
  189 N    -2  -1   7   1  -3   0  -1  -1   0  -4  -4  -1  -3  -4  -2   0   0  -4  -3  -3    0   0 100   0   0   0   0   0   0   0   0   0   0   0   0   0   0   0   0   0  0.93 0.05
  190 Q    -1   1   0  -1  -3   6   2  -2   0  -3  -3   1  -1  -4  -2   0  -1  -2  -2  -3    0   0   0   0   0 100   0   0   0   0   0   0   0   0   0   0   0   0   0   0  0.87 0.06
  191 G     0  -1   0   2  -2  -1   0   4  -2  -3  -3   0  -2  -3  -2   2   0  -3  -3  -3    0   0   0  16   0   0   6  43   0   0   0   7   0   0   0  22   6   0   0   0  0.42 0.02
  192 S     1  -1   0   3  -2   0   2  -1  -1  -3  -3   0  -2  -3  -1   3   0  -3  -2  -2   12   0   0  21   0   0  24   0   0   0   0   0   0   0   0  43   0   0   0   0  0.38 0.02
  193 R    -2   6  -1  -2  -4   1   0  -3  -1  -3  -3   2  -2  -3  -3  -1  -1  -3  -2  -3    0 100   0   0   0   0   0   0   0   0   0   0   0   0   0   0   0   0   0   0  0.93 0.05
  194 A     5  -2  -2  -2  -1  -1  -1   0  -2  -2  -2  -1  -1  -3  -1   1   0  -3  -2   0  100   0   0   0   0   0   0   0   0   0   0   0   0   0   0   0   0   0   0   0  0.53 0.04
  195 N    -2  -1   5   4  -3   0   0  -1   0  -4  -4  -1  -3  -4  -2   0  -1  -4  -3  -3    0   0  66  34   0   0   0   0   0   0   0   0   0   0   0   0   0   0   0   0  0.76 0.04
  196 N    -2  -1   6   1  -3   0  -1  -1   4  -4  -4  -1  -2  -3  -2   1   0  -4  -1  -3    0   0  82   0   0   0   0   0  14   0   0   0   0   0   0   4   0   0   0   0  0.75 0.04
  197 V    -1  -3  -3  -3   3  -2  -3  -3  -3   2   1  -3   1  -1  -3  -2   0  -3  -2   4    0   0   0   0   8   0   0   0   0   0  12   0   0   0   0   0   6   0   0  74  0.33 0.03
  198 I    -2  -3  -3  -3  -2  -3  -3  -4  -3   4   2  -3   1   1  -3  -2   0  -2  -1   2    0   0   0   0   0   0   0   0   0  76   7   0   0   8   0   0   8   0   0   0  0.37 0.03
  199 K    -1   2   1  -1  -3   1   0  -2   1  -3  -3   4  -2  -3   2   0   1  -3  -2  -2    0   7   8   0   0   0   0   0   6   0   0  51   0   0  12   0  15   0   0   0  0.37 0.02
  200 G     0  -2  -1  -1  -3   0  -2   6  -2  -4  -4  -1  -3  -3  -2   0   0  -3  -3  -3    0   0   0   0   0   8   0  84   0   0   0   0   0   0   0   0   8   0   0   0  0.87 0.03
  201 T     0  -2   1  -1  -1  -1  -1   0  -2  -1  -2  -1  -1  -2   0   1   4  -3  -2   0    0   0   8   0   0   0   0   8   0   0   0   0   0   0   4   6  66   0   0   8  0.34 0.03
  202 K    -1   3   1  -1  -3   1   0  -2  -1  -3  -3   5  -2  -3  -2   0  -1  -3  -2  -3    0  19   8   0   0   0   0   0   0   0   0  72   0   0   0   0   0   0   0   0  0.55 0.03
  203 K     1   1  -1  -2  -2   0   0   0  -2  -2  -1   3  -1  -2  -2   0  -1   6  -1  -2   18   0   0   0   0   0   0   8   0   0   7  50   0   0   0   0   0  16   0   0  0.34 0.03
  204 E    -1   0   0   1  -4   3   5  -2   0  -3  -3   1  -2  -4  -1   0   0  -3  -2  -2    0   0   0   0   0  20  72   0   0   0   0   0   0   0   0   0   8   0   0   0  0.66 0.04
  205 Q    -1   0   0   1  -3   6   1  -2   4  -3  -3   1  -1  -3  -2  -1  -1  -3  -1  -3    0   0   0   8   0  76   0   0  16   0   0   0   0   0   0   0   0   0   0   0  0.65 0.05
  206 V    -1  -2  -3  -4  -1  -2  -3  -4  -2   2   2  -2   3   0  -3  -2  -1  -2   1   3    0   0   0   0   0   0   0   0   0   4  32   0  16   0   0   0   0   0   7  41  0.29 0.02
  207 D    -1   0   1   3  -4   3   4  -2   0  -3  -2   0  -2  -3  -2   0  -1  -3  -2  -3    0   0   8  14   0  22  51   0   0   0   5   0   0   0   0   0   0   0   0   0  0.52 0.03
  208 Q    -1   3   0  -1  -3   5   1  -2   3  -3  -3   2  -1  -3  -2  -1  -1  -3  -1  -3    0  16   0   0   0  58   0   0  12   0   0  15   0   0   0   0   0   0   0   0  0.55 0.03
  209 I    -1  -3  -4  -4  -1  -3  -4  -4  -4   5   1  -3   1   0  -3  -3  -1  -3  -2   3    0   0   0   0   0   0   0   0   0  88   0   0   0   0   0   0   0   0   0  12  0.50 0.04
  210 I    -2   5  -1  -2  -3   0  -1  -3  -1   2   0   1   0  -2  -3  -2  -1  -3  -2   0    0  57   0   0   0   0   0   0   0  38   0   4   0   0   0   0   0   0   0   0  0.37 0.03
  211 K    -1   3   1   0  -3   1   1  -2  -1  -3  -3   4  -2  -3  -1   0  -1  -3  -2  -3    0  14   8   4   0   0   6   0   0   0   0  68   0   0   0   0   0   0   0   0  0.49 0.03
  212 D    -2  -2   1   7  -4  -1   1  -2  -1  -4  -4  -1  -4  -4  -2  -1  -1  -5  -4  -4    0   0   0 100   0   0   0   0   0   0   0   0   0   0   0   0   0   0   0   0  1.11 0.05
  213 M    -2  -3  -3  -4  -2  -3  -3  -4  -3   5   1  -3   3   0  -3  -3  -1  -3  -2   2    0   0   0   0   0   0   0   0   0  86   0   0  14   0   0   0   0   0   0   0  0.47 0.04
  214 R    -2   6  -1  -2  -4   2   0  -3   0  -3  -3   2  -2  -3  -2  -1  -1  -3  -2  -3    0  86   0   0   0  14   0   0   0   0   0   0   0   0   0   0   0   0   0   0  0.80 0.04
  215 E    -1  -1   2   5  -4   1   4  -2  -1  -3  -3   0  -3  -4  -2   0   0  -4  -3  -3    0   0   8  45   0   0  39   0   0   0   0   0   0   0   0   0   8   0   0   0  0.62 0.03
  216 F    -3  -3  -3  -4  -3  -4  -4  -4  -2   0   0  -4   0   7  -4  -3  -3   1   3  -1    0   0   0   0   0   0   0   0   0   0   0   0   0 100   0   0   0   0   0   0  0.97 0.05
  217 K    -1   3   0  -1  -4   1   0  -2  -1  -3  -3   5  -2  -3  -2  -1  -1  -3  -2  -3    0  19   0   0   0   0   0   0   0   0   0  81   0   0   0   0   0   0   0   0  0.62 0.04
  218 E     0   1   0   1  -3   2   4  -2   0  -3  -3   1  -2  -3  -1   1  -1  -3  -2  -2    8   6   0   0   0   8  65   0   0   0   0   0   0   0   0  12   0   0   0   0  0.53 0.03
  219 K     0   2   0  -1  -3   2   1  -2  -1  -3  -3   3  -1  -3  -1   1   1  -3  -2  -2    0  11   0   0   0  11   8   0   0   0   0  44   0   0   0  19   6   0   0   0  0.36 0.02
  220 N     1  -1   5   1  -2   0   0  -1   0  -3  -3   0  -2  -3  -2   2   0  -4  -2  -2   12   0  62   0   0   0   4   0   0   0   0   0   0   0   0  22   0   0   0   0  0.51 0.03
  221 K     0   1   0   1  -3   0   1   3  -1  -3  -3   3  -2  -3  -2   0  -1  -3  -2  -3    8   0   0   8   0   0   8  26   0   0   0  50   0   0   0   0   0   0   0   0  0.36 0.02
  222 V    -1  -3  -3  -4  -1  -2  -3  -4  -3   2   3  -3   1   0  -3  -2  -1  -3  -1   3    0   0   0   0   0   0   0   0   0   0  44   0   0   0   0   0   0   0   0  56  0.37 0.03
  223 D    -2  -2   1   6  -4   0   2  -2  -1  -4  -4  -1  -3  -4  -2  -1  -1  -5  -3  -4    0   0   0  96   0   0   4   0   0   0   0   0   0   0   0   0   0   0   0   0  1.06 0.05
  224 K    -1   2   0  -1  -3   1   0  -2  -1  -3  -3   5  -2  -3  -1   0   0  -3  -2  -2    0   5   0   0   0   0   0   0   0   0   0  81   0   0   0   7   7   0   0   0  0.51 0.04
  225 V    -1  -3  -3  -4  -1  -3  -3  -4  -4   3   1  -3   1  -1  -3  -2   0  -3  -2   4    0   0   0   0   0   0   0   0   0   6   4   0   0   0   0   0   0   0   0  90  0.45 0.04
  226 V    -1  -3  -3  -4  -1  -3  -3  -4  -4   4   1  -3   1  -1  -3  -2  -1  -3  -2   4    0   0   0   0   0   0   0   0   0  50   0   0   0   0   0   0   0   0   0  50  0.43 0.03
  227 V    -1  -3  -3  -4  -1  -3  -3  -4  -4   3   1  -3   1  -1  -3  -2   0  -3  -2   4    0   0   0   0   0   0   0   0   0  16   0   0   0   0   0   0   0   0   0  84  0.44 0.04
  228 L    -2  -2  -4  -4  -2  -2  -3  -4  -3   1   4  -3   3   0  -3  -3  -1  -2  -1   1    0   0   0   0   0   0   0   0   0   0  93   0   7   0   0   0   0   0   0   0  0.53 0.03
  229 W    -3  -3  -4  -5  -3  -3  -3  -3  -3  -3  -2  -4  -2   1  -4  -3  -3  12   2  -3    0   0   0   0   0   0   0   0   0   0   0   0   0   0   0   0   0 100   0   0  2.72 0.08
  230 T     0  -1   0  -1  -1  -1  -1  -2  -2  -1  -2  -1  -1  -3  -1   2   5  -3  -2   0    0   0   0   0   0   0   0   0   0   0   0   0   0   0   0   7  93   0   0   0  0.59 0.05
  231 A     5  -2  -2  -2  -1  -1  -1   1  -2  -2  -2  -1  -1  -3  -1   1   0  -3  -2  -1   96   0   0   0   0   0   0   4   0   0   0   0   0   0   0   0   0   0   0   0  0.50 0.04
  232 N    -2  -1   7   1  -3   0  -1  -1   0  -4  -4  -1  -3  -4  -2   0   0  -4  -3  -3    0   0 100   0   0   0   0   0   0   0   0   0   0   0   0   0   0   0   0   0  0.93 0.05
  233 T     0  -1   0  -1  -1  -1  -1  -2  -2  -1  -2  -1  -1  -3  -1   1   5  -3  -2   0    0   0   0   0   0   0   0   0   0   0   0   0   0   0   0   0 100   0   0   0  0.64 0.05
  234 E    -1   0  -1   1  -4   2   6  -3   0  -4  -3   1  -2  -4  -1   0  -1  -3  -2  -3    0   0   0   0   0   0 100   0   0   0   0   0   0   0   0   0   0   0   0   0  0.89 0.05
  235 R    -2   6  -1  -2  -4   1   0  -3  -1  -3  -3   2  -2  -3  -3  -1  -1  -3  -2  -3    0 100   0   0   0   0   0   0   0   0   0   0   0   0   0   0   0   0   0   0  0.93 0.05
  236 Y    -2  -2  -3  -4  -3  -2  -3  -4   1  -1  -1  -3  -1   5  -4  -2  -2   2   7  -1    0   0   0   0   0   0   0   0   0   0   0   0   0  33   0   0   0   0  67   0  0.89 0.04
  237 S     2  -2  -1  -1   5  -1  -1  -1  -2  -1  -2  -1  -1  -2  -2   3   1  -3  -2   1   16   0   0   0  18   0   0   0   0   0   0   0   0   0   0  50   0   0   0  16  0.30 0.03
  238 N    -1  -1   4   4  -3   0   3  -1   0  -3  -4   0  -3  -3  -2   1  -1  -4  -3  -3    0   0  35  30   0   0  28   0   0   0   0   0   0   0   0   7   0   0   0   0  0.56 0.03
  239 V    -1  -3  -3  -4  -1  -3  -3  -4  -3   3   2  -3   1  -1  -3  -2   0  -3  -1   4    0   0   0   0   0   0   0   0   0  14  11   0   0   0   0   0   0   0   0  74  0.40 0.03
  240 I    -1  -2  -2  -3   1   0  -2  -3  -3   3   2  -2   1  -1  -3  -1   0  -3  -1   3    0   0   0   0   4   7   0   0   0  21  16   0   0   0   0   8   0   0   0  44  0.21 0.02
  241 V     0  -3  -3  -2  -2  -2  -2  -3  -3   0  -1  -2  -1  -3   6  -1  -1  -4  -2   2    4   0   0   0   0   0   0   0   0   0   0   0   0   0  57   0   0   0   0  38  0.98 0.04
  242 G     0  -2   1  -1  -3  -2  -2   6  -2  -4  -4  -2  -3  -4  -2   0  -2  -3  -3  -4    0   0   8   0   0   0   0  92   0   0   0   0   0   0   0   0   0   0   0   0  1.04 0.04
  243 L    -1   0  -3  -4  -1  -2  -3  -4  -3   2   3  -2   2   0  -3  -2  -1  -2  -1   3    0   6   0   0   0   0   0   0   0   0  48   0   8   0   0   0   0   0   0  38  0.30 0.02
  244 N    -2  -1   7   1  -3   0  -1  -1   0  -4  -4  -1  -3  -4  -2   0   0  -4  -3  -3    0   0 100   0   0   0   0   0   0   0   0   0   0   0   0   0   0   0   0   0  0.93 0.05
  245 D    -2  -2   1   6  -4  -1   1  -2  -1  -3  -4  -1  -3  -4  -2   0   0  -5  -3  -3    0   0   0  93   0   0   0   0   0   0   0   0   0   0   0   0   7   0   0   0  0.97 0.05
  246 T     0  -1   0  -1  -1  -1  -1  -2  -2  -1  -2  -1  -1  -3  -1   1   5  -3  -2   0    0   0   0   0   0   0   0   0   0   0   0   0   0   0   0   0 100   0   0   0  0.64 0.05
  247 M     2  -2  -2  -3  -1  -1  -2  -2  -2   1   1  -1   5  -1  -2   0   0  -2  -2   1   30   0   0   0   0   0   0   0   0   7   0   0  46   0   0   7   4   0   0   5  0.21 0.03
  248 E    -1   0   0   3  -4   2   5  -2   0  -4  -3   0  -2  -4  -1   0  -1  -3  -2  -3    0   0   0  19   0   7  74   0   0   0   0   0   0   0   0   0   0   0   0   0  0.73 0.04
  249 N    -1  -1   6   1  -3   0   1  -1   0  -4  -4   0  -2  -3  -2   1   0  -4  -2  -3    0   0  84   0   0   0   7   0   0   0   0   0   0   0   0   8   0   0   0   0  0.74 0.04
  250 L    -2  -3  -4  -4  -2  -2  -3  -4  -3   1   4  -3   2   0  -3  -3  -1  -2  -1   1    0   0   0   0   0   0   0   0   0   0 100   0   0   0   0   0   0   0   0   0  0.57 0.04
  251 M    -2  -2  -3  -4  -2  -2  -3  -4  -3   2   4  -3   4   1  -3  -2  -1  -2  -1   1    0   0   0   0   0   0   0   0   0  16  59   0  22   4   0   0   0   0   0   0  0.40 0.02
  252 N     3   2   0  -1  -2   1   1  -1  -1  -2  -2   2  -1  -3  -1   1   0  -3  -2  -1   46  12   4   0   0   8  12   0   0   0   0  15   0   0   0   4   0   0   0   0  0.26 0.02
  253 S     2  -1   0  -1  -1  -1  -1   0  -1  -2  -2  -1  -1  -3  -1   4   2  -3  -2  -1   26   0   0   0   0   0   0   0   0   0   0   0   0   0   0  62  12   0   0   0  0.40 0.03
  254 V    -1  -3  -3  -4  -1  -3  -3  -4  -3   4   2  -3   1   0  -3  -2  -1  -3  -1   3    0   0   0   0   0   0   0   0   0  50  24   0   0   0   0   0   0   0   0  26  0.38 0.02
  255 D    -1   0   0   4  -4   2   3  -2  -1  -3  -3   2  -2  -4  -1   0  -1  -4  -3  -3    0   0   0  35   0   6  34   0   0   0   0  24   0   0   0   0   0   0   0   0  0.55 0.02
  256 R     0   3   2  -1  -3   1   1  -2  -1  -2   0   2  -1  -2  -2   0  -1  -3  -2  -2    8  26  16   0   0   0   9   0   0   0  13  25   0   0   0   0   0   0   0   0  0.23 0.01
  257 D    -1  -1   4   4  -3   0   0   1  -1  -3  -4  -1  -3  -3  -2   1   0  -4  -3  -3    0   0  37  36   0   0   0  12   0   0   0   0   0   0   0  16   0   0   0   0  0.52 0.02
  258 E    -1   0   0   0  -3   1   4   0   5  -3  -3   0  -2  -2  -1  -1  -1  -2   0  -3    1   1   1   1   0   1  51   7  32   1   1   1   0   0   1   1   1   0   0   1  0.47 0.03
  259 S     2  -1  -1  -1  -1   0   2  -1  -1  -1   0  -1   0  -2   1   1   1  -3  -2  -1   27   0   0   0   0   0  24   0   0   0  18   0   0   0   4  18   8   0   0   0  0.17 0.01
  260 E    -1   0  -1   1  -4   2   6  -3   0  -4  -3   1  -2  -4  -1   0  -1  -3  -2  -3    0   0   0   0   0   0 100   0   0   0   0   0   0   0   0   0   0   0   0   0  0.89 0.05
  261 I    -1  -3  -3  -4  -1  -3  -3  -4  -3   4   1  -3   2  -1  -3  -2  -1  -3  -2   3    0   0   0   0   0   0   0   0   0  70   0   0   4   0   0   0   0   0   0  26  0.43 0.03
  262 S     2  -1   0  -1  -1   0  -1   0  -1  -2  -3  -1  -2  -3  -1   4   1  -3  -2  -2   24   0   0   0   0   0   0   0   0   0   0   0   0   0   0  76   0   0   0   0  0.46 0.04
  263 P    -1  -3  -2  -2  -3  -2  -2  -3  -3  -3  -3  -1  -3  -4   8  -1  -1  -4  -3  -3    0   0   0   0   0   0   0   0   0   0   0   0   0   0 100   0   0   0   0   0  2.18 0.06
  264 S     1  -1   0  -1  -1   0   0  -1  -1  -3  -3  -1  -2  -3  -1   5   1  -3  -2  -2    0   0   0   0   0   0   0   0   0   0   0   0   0   0   0 100   0   0   0   0  0.59 0.05
  265 T     0  -1   0  -1  -1  -1  -1  -2  -2  -1  -2  -1  -1  -3  -1   1   5  -3  -2   0    0   0   0   0   0   0   0   0   0   0   0   0   0   0   0   4  96   0   0   0  0.61 0.05
  266 L    -1  -2  -3  -4  -1  -2  -3  -4  -3   3   3  -3   2   0  -3  -2  -1  -2  -1   2    0   0   0   0   0   0   0   0   0  23  59   0   6   0   0   4   0   0   0   8  0.36 0.02
  267 Y    -2  -3  -3  -4  -3  -3  -3  -4   0  -1   0  -3  -1   6  -4  -2  -2   1   6  -1    0   0   0   0   0   0   0   0   0   0   0   0   0  57   0   0   0   0  43   0  0.83 0.04
  268 A     5  -2  -2  -2  -1  -1  -1   0  -2  -2  -2  -1  -1  -3  -1   1   0  -3  -2   0  100   0   0   0   0   0   0   0   0   0   0   0   0   0   0   0   0   0   0   0  0.53 0.04
  269 I     1  -3  -3  -3  -1  -2  -3  -3  -3   3   1  -2   2  -1  -2  -1  -1  -3  -1   3   16   0   0   0   0   0   0   0   0  35   8   0   7   0   0   0   0   0   0  34  0.26 0.02
  270 A     5  -2  -2  -2  -1  -1  -1   0  -2  -2  -2  -1  -1  -3  -1   1   0  -3  -2   0  100   0   0   0   0   0   0   0   0   0   0   0   0   0   0   0   0   0   0   0  0.53 0.04
  271 C     0  -2  -1  -2   7  -1  -1  -1  -2  -2  -2  -1  -2  -3  -2   3   0  -3  -2  -2    0   0   0   0  43   0   0   0   0   0   0   0   0   0   0  57   0   0   0   0  0.63 0.04
  272 V    -1  -3  -3  -4  -1  -3  -3  -4  -4   4   1  -3   1  -1  -3  -2  -1  -3  -2   3    0   0   0   0   0   0   0   0   0  69   0   0   0   0   0   0   0   0   0  31  0.45 0.03
  273 L     0  -2  -3  -3  -2  -2  -2  -3  -3   1   4  -2   3   1  -3  -2  -1  -2  -1   0    7   0   0   0   0   0   4   0   0   0  73   0  12   4   0   0   0   0   0   0  0.35 0.03
  274 E    -1   0  -1   1  -4   2   6  -3   0  -4  -3   1  -2  -4  -1   0  -1  -3  -2  -3    0   0   0   0   0   0 100   0   0   0   0   0   0   0   0   0   0   0   0   0  0.89 0.05
  275 G    -1  -1   3   0  -3  -1  -1   5   2  -4  -4   0  -3  -3  -2   0  -1  -3  -2  -3    0   0  27   0   0   0   0  57   8   0   0   8   0   0   0   0   0   0   0   0  0.60 0.03
  276 I    -1  -3  -3  -3   6  -3  -3  -3  -3   2   0  -3   0  -1  -3  -1   0  -3  -2   3    0   0   0   0  34   0   0   0   0  23   0   0   0   0   0   0   7   0   0  36  0.44 0.03
  277 P     1  -2  -2  -2  -2  -1  -1  -2  -2  -2  -3  -1  -2  -3   7   0   1  -4  -3  -2   18   0   0   0   0   0   0   0   0   0   0   0   0   0  67   0  15   0   0   0  1.26 0.04
  278 F    -2  -3  -3  -4  -3  -3  -3  -4   0  -1   0  -3  -1   6  -4  -2  -2   1   6  -1    0   0   0   0   0   0   0   0   0   0   0   0   0  61   0   0   0   0  39   0  0.83 0.04
  279 I    -2  -3  -4  -4  -2  -3  -4  -4  -4   5   2  -3   1   0  -3  -3  -1  -3  -2   2    0   0   0   0   0   0   0   0   0  84  12   0   0   0   0   0   0   0   0   4  0.47 0.04
  280 N    -2  -1   7   1  -3   0  -1  -1   0  -4  -4  -1  -3  -4  -2   0   0  -4  -3  -3    0   0 100   0   0   0   0   0   0   0   0   0   0   0   0   0   0   0   0   0  0.93 0.05
  281 G     0  -3  -1  -2  -3  -2  -2   6  -2  -4  -4  -2  -3  -4  -3  -1  -2  -3  -3  -4    0   0   0   0   0   0   0 100   0   0   0   0   0   0   0   0   0   0   0   0  1.18 0.04
  282 S     1  -1   0  -1  -1   0   0  -1  -1  -3  -3  -1  -2  -3  -1   5   1  -3  -2  -2    0   0   0   0   0   0   0   0   0   0   0   0   0   0   0 100   0   0   0   0  0.59 0.05
  283 P    -1  -3  -2  -2  -3  -2  -2  -3  -3  -3  -3  -1  -3  -4   8  -1  -1  -4  -3  -3    0   0   0   0   0   0   0   0   0   0   0   0   0   0 100   0   0   0   0   0  2.18 0.06
  284 Q    -1   1   0  -1  -3   6   2  -2   0  -3  -3   1  -1  -4  -2   0  -1  -2  -2  -3    0   0   0   0   0 100   0   0   0   0   0   0   0   0   0   0   0   0   0   0  0.87 0.06
  285 N    -2  -1   7   1  -3   0  -1  -1   0  -4  -4  -1  -3  -4  -2   0   0  -4  -3  -3    0   0 100   0   0   0   0   0   0   0   0   0   0   0   0   0   0   0   0   0  0.93 0.05
  286 T     0  -1   0  -1  -1  -1  -1  -2  -2  -1  -2  -1  -1  -3  -1   1   5  -3  -2   0    0   0   0   0   0   0   0   0   0   0   0   0   0   0   0   0 100   0   0   0  0.64 0.05
  287 F    -3  -3  -3  -4  -3  -3  -4  -4  -2   0   1  -3   0   7  -4  -3  -2   0   3  -1    0   0   0   0   0   0   0   0   0   0  12   0   0  88   0   0   0   0   0   0  0.81 0.04
  288 V     0  -3  -3  -4  -1  -3  -3  -4  -4   2   1  -3   0  -1  -3  -2   0  -3  -2   5    0   0   0   0   0   0   0   0   0   0   0   0   0   0   0   0   0   0   0 100  0.49 0.04
  289 P    -1  -3  -2  -2  -3  -2  -2  -3  -3  -3  -3  -1  -3  -4   8  -1  -1  -4  -3  -3    0   0   0   0   0   0   0   0   0   0   0   0   0   0 100   0   0   0   0   0  2.18 0.06
  290 G     1  -3  -1  -2  -3  -2  -2   6  -2  -4  -4  -2  -3  -3  -2   0  -2  -3  -3  -3    7   0   0   0   0   0   0  93   0   0   0   0   0   0   0   0   0   0   0   0  1.05 0.04
  291 L     1  -2  -3  -3  -1  -2  -3  -3  -3   1   3  -2   1   0  -3  -1  -1  -2  -1   2   18   0   0   0   0   0   0   0   0   0  66   0   0   0   0   0   0   0   0  16  0.30 0.02
  292 I    -1  -3  -4  -4  -1  -3  -3  -4  -4   4   2  -3   1   0  -3  -3  -1  -3  -2   3    0   0   0   0   0   0   0   0   0  73  12   0   0   0   0   0   0   0   0  15  0.44 0.03
  293 D    -1  -1   0   4  -4   3   4  -2  -1  -3  -3   0  -2  -4  -2   0  -1  -3  -3  -3    0   0   0  34   0  15  51   0   0   0   0   0   0   0   0   0   0   0   0   0  0.67 0.03
  294 L    -2  -2  -4  -4  -2  -2  -3  -4  -3   1   4  -3   3   0  -3  -3  -1  -2  -1   1    0   0   0   0   0   0   0   0   0   0  92   0   8   0   0   0   0   0   0   0  0.53 0.03
  295 A     5  -2  -2  -2  -1  -1  -1   0  -2  -2  -2  -1  -1  -3  -1   1   0  -3  -2   0  100   0   0   0   0   0   0   0   0   0   0   0   0   0   0   0   0   0   0   0  0.53 0.04
  296 I    -1  -2  -2  -1  -2   0   2  -3  -2   3   0  -1   0  -1  -2  -1  -1   3  -1   1    0   0   0   0   0   0  31   0   0  56   0   0   0   0   0   6   0   6   0   0  0.22 0.03
  297 K    -1   3   0  -1  -3   3   2  -2   2  -3  -3   4  -1  -3  -2   0  -1  -3  -1  -3    0  15   0   0   0  23   7   0   8   0   0  43   0   0   0   4   0   0   0   0  0.44 0.02
  298 N    -1   3   2   0  -3   1   1  -2   3  -3  -3   2  -2  -2  -2   0  -1  -2   1  -3    0  28  19   0   0   0   8   0  14   0   0  23   0   0   0   0   0   0   8   0  0.36 0.02
  299 N    -2   0   5   3  -3   0   0   1   2  -4  -4   0  -3  -3  -2   0  -1  -4  -2  -3    0   6  64  16   0   0   0   8   6   0   0   0   0   0   0   0   0   0   0   0  0.58 0.03
  300 V     0  -2  -1  -2   4  -1  -2  -2  -2   1  -1  -2   0  -2  -2   2   1  -3  -2   2    0   0   0   0  16   0   0   0   0   0   0   0   0   0   0  32  11   0   0  40  0.23 0.02
  301 L    -2  -3  -3  -3  -2  -3  -3  -3  -2   1   3  -3   1   4  -3  -1  -1  -1   1   0    0   0   0   0   0   0   0   0   0   0  46   0   0  42   0   7   0   0   0   4  0.38 0.02
  302 I    -1  -3  -4  -4  -1  -3  -4  -4  -4   5   1  -3   1   0  -3  -3  -1  -3  -2   3    0   0   0   0   0   0   0   0   0  88   0   0   0   0   0   0   0   0   0  12  0.50 0.04
  303 G     2  -2  -1  -2  -2  -2  -2   5  -2  -3  -3  -2  -3  -3  -2   0  -1  -3  -3  -2   23   0   0   0   0   0   0  77   0   0   0   0   0   0   0   0   0   0   0   0  0.83 0.03
  304 G     0  -3  -1  -2  -3  -2  -2   6  -2  -4  -4  -2  -3  -4  -3  -1  -2  -3  -3  -4    0   0   0   0   0   0   0 100   0   0   0   0   0   0   0   0   0   0   0   0  1.18 0.04
  305 D    -2  -2   1   7  -4  -1   1  -2  -1  -4  -4  -1  -4  -4  -2  -1  -1  -5  -4  -4    0   0   0 100   0   0   0   0   0   0   0   0   0   0   0   0   0   0   0   0  1.11 0.05
  306 D    -2  -2   1   7  -4  -1   1  -2  -1  -4  -4  -1  -4  -4  -2  -1  -1  -5  -4  -4    0   0   0 100   0   0   0   0   0   0   0   0   0   0   0   0   0   0   0   0  1.11 0.05
  307 F    -3  -3  -3  -4  -3  -4  -4  -4  -2   0   1  -3   0   7  -4  -3  -2   1   3  -1    0   0   0   0   0   0   0   0   0   0   8   0   0  92   0   0   0   0   0   0  0.86 0.05
  308 K    -1   2   0  -1  -4   1   1  -2  -1  -3  -3   5  -2  -4  -1   0  -1  -3  -2  -3    0   0   0   0   0   0   0   0   0   0   0 100   0   0   0   0   0   0   0   0  0.68 0.05
  309 S     1  -1   0  -1  -1   0   0  -1  -1  -3  -3  -1  -2  -3  -1   5   2  -3  -2  -2    0   0   0   0   0   0   0   0   0   0   0   0   0   0   0  93   7   0   0   0  0.54 0.04
  310 G     0  -3  -1  -2  -3  -2  -2   6  -2  -4  -4  -2  -3  -4  -3  -1  -2  -3  -3  -4    0   0   0   0   0   0   0 100   0   0   0   0   0   0   0   0   0   0   0   0  1.18 0.04
  311 Q    -1   1   0  -1  -3   6   2  -2   0  -3  -3   1  -1  -4  -2   0  -1  -2  -2  -3    0   0   0   0   0 100   0   0   0   0   0   0   0   0   0   0   0   0   0   0  0.87 0.06
  312 T     0  -1   0  -1  -1  -1  -1  -2  -2  -1  -2  -1  -1  -3  -1   1   5  -3  -2   0    0   0   0   0   0   0   0   0   0   0   0   0   0   0   0   0 100   0   0   0  0.64 0.05
  313 K    -1   2   0  -1  -4   1   1  -2  -1  -3  -3   5  -2  -4  -1   0  -1  -3  -2  -3    0   0   0   0   0   0   0   0   0   0   0 100   0   0   0   0   0   0   0   0  0.68 0.05
  314 M    -1  -2  -3  -4  -2  -2  -3  -3  -3   3   2  -2   5   0  -3  -2  -1  -2  -1   2    0   0   0   0   0   0   0   0   0  29   8   0  51   0   0   0   0   0   0  12  0.37 0.03
  315 K    -1   2   0  -1  -4   1   1  -2  -1  -3  -3   5  -2  -4  -1   0  -1  -3  -2  -3    0   0   0   0   0   0   0   0   0   0   0 100   0   0   0   0   0   0   0   0  0.68 0.05
  316 S     1  -1   0  -1  -1   0   0  -1  -1  -3  -3  -1  -2  -3  -1   5   1  -3  -2  -2    0   0   0   0   0   0   0   0   0   0   0   0   0   0   0 100   0   0   0   0  0.59 0.05
  317 V     0  -3  -3  -4  -1  -3  -3  -4  -4   2   1  -3   0  -1  -3  -2   0  -3  -2   5    0   0   0   0   0   0   0   0   0   0   0   0   0   0   0   0   0   0   0 100  0.49 0.04
  318 L    -2  -3  -4  -4  -2  -2  -3  -4  -3   1   4  -3   2   0  -3  -3  -1  -2  -1   1    0   0   0   0   0   0   0   0   0   0 100   0   0   0   0   0   0   0   0   0  0.57 0.04
  319 V     2  -2  -2  -3  -1  -2  -2  -2  -3   2   0  -2   1  -1  -2  -1   1  -3  -2   3   24   0   0   0   0   0   0   0   0   0   0   0   6   0   0   0   7   0   0  62  0.25 0.03
  320 D    -2  -1   1   6  -4   3   1  -2  -1  -3  -4   0  -3  -4  -2   0  -1  -4  -3  -3    0   0   0  76   0  24   0   0   0   0   0   0   0   0   0   0   0   0   0   0  0.82 0.04
  321 F    -3  -3  -3  -4  -3  -3  -4  -4  -1  -1   0  -3   0   7  -4  -3  -2   1   4  -1    0   0   0   0   0   0   0   0   0   0   0   0   0  93   0   0   0   0   7   0  0.92 0.05
  322 L    -2  -3  -4  -4  -2  -2  -3  -4  -3   1   4  -3   2   0  -3  -3  -1  -2  -1   1    0   0   0   0   0   0   0   0   0   0 100   0   0   0   0   0   0   0   0   0  0.57 0.04
  323 V    -1  -3  -3  -4  -1  -3  -3  -4  -4   3   1  -3   1  -1  -3  -2   0  -3  -2   4    0   0   0   0   0   0   0   0   0  12   0   0   0   0   0   0   0   0   0  88  0.45 0.04
  324 G     0  -2   0   3  -3  -1  -1   5  -2  -4  -4  -1  -3  -3  -2   1  -1  -3  -3  -3    0   0   0  24   0   0   0  62   0   0   0   0   0   0   0  14   0   0   0   0  0.68 0.03
  325 A     4  -2  -1  -2  -1  -1  -1   0  -2  -2  -2  -1  -1  -3  -1   2   0  -3  -2  -1   88   0   0   0   0   0   0   0   0   0   0   0   0   0   0  12   0   0   0   0  0.47 0.04
  326 G     0  -3  -1  -2  -3  -2  -2   6  -2  -4  -4  -2  -3  -4  -3  -1  -2  -3  -3  -4    0   0   0   0   0   0   0 100   0   0   0   0   0   0   0   0   0   0   0   0  1.18 0.04
  327 I    -2  -3  -4  -4  -2  -3  -4  -4  -4   5   2  -3   1   0  -3  -3  -1  -3  -2   2    0   0   0   0   0   0   0   0   0  82  18   0   0   0   0   0   0   0   0   0  0.47 0.03
  328 K    -1   3   0  -1  -4   1   1  -2  -1  -3  -3   5  -2  -4  -1  -1  -1  -3  -2  -3    0   8   0   0   0   0   0   0   0   0   0  92   0   0   0   0   0   0   0   0  0.64 0.04
  329 P    -1  -2  -2  -2  -3  -2  -1  -2  -3  -3  -3  -1  -3  -4   8  -1   1  -4  -3  -2    0   0   0   0   0   0   0   0   0   0   0   0   0   0  88   0  12   0   0   0  1.82 0.05
  330 T     0  -2  -2  -2  -1  -1  -2  -3  -2   1   1  -2   2  -1  -2   0   3  -3  -2   2    0   0   0   0   0   0   0   0   0   0   8   0  12   0   0   0  43   0   0  37  0.25 0.03
  331 S     1  -1   0  -1  -1   0   0  -1  -1  -3  -3  -1  -2  -3  -1   5   1  -3  -2  -2    0   0   0   0   0   0   0   0   0   0   0   0   0   0   0 100   0   0   0   0  0.59 0.05
  332 I    -2  -3  -4  -4  -2  -3  -4  -4  -4   5   1  -3   1   0  -3  -3  -1  -3  -2   2    0   0   0   0   0   0   0   0   0 100   0   0   0   0   0   0   0   0   0   0  0.55 0.04
  333 V     2  -2  -3  -3  -1  -2  -2  -2  -3   2   0  -2   0  -2  -2  -1   0  -3  -2   3   36   0   0   0   0   0   0   0   0   0   0   0   0   0   0   0   0   0   0  64  0.28 0.03
  334 S     1  -1   0  -1  -1   0   0  -1  -1  -3  -3  -1  -2  -3  -1   5   1  -3  -2  -2    0   0   0   0   0   0   0   0   0   0   0   0   0   0   0 100   0   0   0   0  0.59 0.05
  335 Y    -2  -2  -3  -4  -3  -2  -3  -4   1  -2  -1  -2  -1   3  -3  -2  -2   2   8  -2    0   0   0   0   0   0   0   0   0   0   0   0   0   0   0   0   0   0 100   0  1.14 0.06
  336 N    -2  -1   7   1  -3   0  -1  -1   0  -4  -4  -1  -3  -4  -2   0   0  -4  -3  -3    0   0 100   0   0   0   0   0   0   0   0   0   0   0   0   0   0   0   0   0  0.93 0.05
  337 H    -2  -1   0  -2  -4   0  -1  -3   9  -4  -3  -1  -2  -2  -3  -1  -2  -3   1  -4    0   0   0   0   0   0   0   0 100   0   0   0   0   0   0   0   0   0   0   0  1.21 0.07
  338 L    -2  -3  -4  -4  -2  -2  -3  -4  -3   1   4  -3   2   0  -3  -3  -1  -2  -1   1    0   0   0   0   0   0   0   0   0   0 100   0   0   0   0   0   0   0   0   0  0.57 0.04
  339 G     0  -3  -1  -2  -3  -2  -2   6  -2  -4  -4  -2  -3  -4  -3  -1  -2  -3  -3  -4    0   0   0   0   0   0   0 100   0   0   0   0   0   0   0   0   0   0   0   0  1.18 0.04
  340 N    -2  -1   7   1  -3   0  -1  -1   0  -4  -4  -1  -3  -4  -2   0   0  -4  -3  -3    0   0 100   0   0   0   0   0   0   0   0   0   0   0   0   0   0   0   0   0  0.93 0.05
  341 N    -2  -1   7   1  -3   0  -1  -1   0  -4  -4  -1  -3  -4  -2   0   0  -4  -3  -3    0   0 100   0   0   0   0   0   0   0   0   0   0   0   0   0   0   0   0   0  0.93 0.05
  342 D    -2  -2   1   7  -4  -1   1  -2  -1  -4  -4  -1  -4  -4  -2  -1  -1  -5  -4  -4    0   0   0 100   0   0   0   0   0   0   0   0   0   0   0   0   0   0   0   0  1.11 0.05
  343 G     0  -3  -1  -2  -3  -2  -2   6  -2  -4  -4  -2  -3  -4  -3  -1  -2  -3  -3  -4    0   0   0   0   0   0   0 100   0   0   0   0   0   0   0   0   0   0   0   0  1.18 0.04
  344 M    -1   0  -2  -2  -2   1   0  -3   0   0   0   2   4   0  -2  -1  -1  -1   4  -1    0   0   0   0   0   6   6   0   0   0   0  21  43   0   0   0   0   0  24   0  0.24 0.03
  345 N    -2  -1   7   1  -3   0  -1  -1   0  -4  -4  -1  -3  -4  -2   0   0  -4  -3  -3    0   0 100   0   0   0   0   0   0   0   0   0   0   0   0   0   0   0   0   0  0.93 0.05
  346 L    -2  -3  -4  -4  -2  -2  -3  -4  -3   1   4  -3   2   0  -3  -3  -1  -2  -1   1    0   0   0   0   0   0   0   0   0   0 100   0   0   0   0   0   0   0   0   0  0.57 0.04
  347 S     1  -1   0  -1  -1   0   0  -1  -1  -3  -3  -1  -2  -3  -1   5   1  -3  -2  -2    0   0   0   0   0   0   0   0   0   0   0   0   0   0   0 100   0   0   0   0  0.59 0.05
  348 A     4  -2  -1  -2  -1  -1  -1   0  -2  -2  -2  -1  -1  -3  -1   2   0  -3  -2  -1   84   0   0   0   0   0   0   0   0   0   0   0   0   0   0  16   0   0   0   0  0.45 0.04
  349 P    -1  -3  -2  -2  -3  -2  -2  -3  -3  -3  -3  -1  -3  -4   8  -1  -1  -4  -3  -3    0   0   0   0   0   0   0   0   0   0   0   0   0   0 100   0   0   0   0   0  2.18 0.06
  350 Q    -1   1  -1  -1  -3   5   1  -2   0  -2   0   2   0  -3  -2  -1  -1  -2  -2  -2    0   0   0   0   0  72   0   0   0   0  12  16   0   0   0   0   0   0   0   0  0.53 0.04
  351 T    -1   0   0  -1  -2   5   1  -2  -1  -2  -2   0  -1  -3  -2   0   3  -3  -2  -1    0   0   0   0   0  57   0   0   0   0   0   0   0   0   0   0  43   0   0   0  0.49 0.04
  352 F    -3  -3  -3  -4  -3  -4  -4  -4  -2   0   0  -4   0   7  -4  -3  -3   1   3  -1    0   0   0   0   0   0   0   0   0   0   0   0   0 100   0   0   0   0   0   0  0.97 0.05
  353 R    -2   6  -1  -2  -4   1   0  -3  -1  -3  -3   2  -2  -3  -3  -1  -1  -3  -2  -3    0 100   0   0   0   0   0   0   0   0   0   0   0   0   0   0   0   0   0   0  0.93 0.05
  354 S     1  -1   0  -1  -1   0   0  -1  -1  -3  -3  -1  -2  -3  -1   5   1  -3  -2  -2    0   0   0   0   0   0   0   0   0   0   0   0   0   0   0 100   0   0   0   0  0.59 0.05
  355 K    -1   2   0  -1  -4   1   1  -2  -1  -3  -3   5  -2  -4  -1   0  -1  -3  -2  -3    0   0   0   0   0   0   0   0   0   0   0 100   0   0   0   0   0   0   0   0  0.68 0.05
  356 E    -1   0  -1   1  -4   2   6  -3   0  -4  -3   1  -2  -4  -1   0  -1  -3  -2  -3    0   0   0   0   0   0 100   0   0   0   0   0   0   0   0   0   0   0   0   0  0.89 0.05
  357 I    -1  -3  -4  -4  -1  -3  -4  -4  -4   5   1  -3   1   0  -3  -3  -1  -3  -2   3    0   0   0   0   0   0   0   0   0  88   0   0   0   0   0   0   0   0   0  12  0.50 0.04
  358 S     1  -1   0  -1  -1   0   0  -1  -1  -2  -3  -1  -2  -3  -1   4   2  -3  -2  -2    0   0   0   0   0   0   0   0   0   0   0   0   0   0   0  87  13   0   0   0  0.52 0.04
  359 K    -1   2   0  -1  -4   1   1  -2  -1  -3  -3   5  -2  -4  -1   0  -1  -3  -2  -3    0   0   0   0   0   0   0   0   0   0   0 100   0   0   0   0   0   0   0   0  0.68 0.05
  360 S     1  -1   0  -1  -1   1   0  -1  -1  -3  -3   0  -2  -3  -1   4   1  -3  -2  -2    8   0   0   0   0   8   0   0   0   0   0   0   0   0   0  84   0   0   0   0  0.48 0.04
  361 N    -1  -1   5   1  -2   0  -1   0   0  -3  -3   0  -2  -3  -2   2   0  -4  -2  -3    0   0  65   0   0   0   0   4   0   0   0   0   0   0   0  30   0   0   0   0  0.59 0.04
  362 V     0  -3  -3  -4  -1  -3  -3  -4  -4   2   1  -3   0  -1  -3  -2   0  -3  -2   5    0   0   0   0   0   0   0   0   0   0   0   0   0   0   0   0   0   0   0 100  0.49 0.04
  363 V    -1  -3  -3  -4  -1  -3  -3  -4  -4   3   1  -3   1  -1  -3  -2   0  -3  -2   5    0   0   0   0   0   0   0   0   0   8   0   0   0   0   0   0   0   0   0  92  0.46 0.04
  364 D    -2  -2   1   7  -4  -1   1  -2  -1  -4  -4  -1  -4  -4  -2  -1  -1  -5  -4  -4    0   0   0 100   0   0   0   0   0   0   0   0   0   0   0   0   0   0   0   0  1.11 0.05
  365 D    -2  -2   1   7  -4  -1   1  -2  -1  -4  -4  -1  -4  -4  -2  -1  -1  -5  -4  -4    0   0   0 100   0   0   0   0   0   0   0   0   0   0   0   0   0   0   0   0  1.11 0.05
  366 M    -1  -2  -3  -4  -2  -1  -3  -3  -2   3   2  -2   6   0  -3  -2  -1  -2  -1   1    0   0   0   0   0   0   0   0   0  24   0   0  76   0   0   0   0   0   0   0  0.49 0.05
  367 V    -1  -3  -3  -4  -1  -3  -3  -4  -4   3   1  -3   1  -1  -3  -2   0  -3  -2   4    0   0   0   0   0   0   0   0   0  31   0   0   0   0   0   0   0   0   0  69  0.43 0.03
  368 A     3  -1  -1  -1  -2   2   2   0  -1  -2  -2   0  -1  -3  -1   2   0  -3  -2  -1   41   0   0   0   0  18  16   4   0   0   0   0   0   0   0  21   0   0   0   0  0.30 0.02
  369 S     1  -1   0  -1  -1   0   0  -1  -1  -3  -3  -1  -2  -3  -1   5   1  -3  -2  -2    0   0   0   0   0   0   0   0   0   0   0   0   0   0   0 100   0   0   0   0  0.59 0.05
  370 N    -2  -1   7   1  -3   0  -1  -1   0  -4  -4  -1  -3  -4  -2   0   0  -4  -3  -3    0   0 100   0   0   0   0   0   0   0   0   0   0   0   0   0   0   0   0   0  0.93 0.05
  371 G     1   1   1   1  -3   0   1   3  -1  -3  -3   0  -2  -3   3   0  -1  -3  -2  -2   12  14   8   8   0   0   9  27   0   0   0   0   0   0  20   0   0   0   0   0  0.38 0.01
  372 I    -1  -3  -3  -3  -1  -3  -3  -4  -3   4   2  -3   1   0  -3  -2  -1  -3  -1   3    0   0   0   0   0   0   0   0   0  68  16   0   0   0   0   0   0   0   0  12  0.38 0.03
  373 L    -2  -3  -4  -4  -2  -2  -3  -4  -3   1   4  -3   2   0  -3  -3  -1  -2  -1   1    0   0   0   0   0   0   0   0   0   0  95   0   0   0   0   0   0   0   0   5  0.53 0.03
  374 F    -2  -2  -3  -4  -3  -2  -3  -4   1  -1  -1  -2  -1   4  -4  -2  -2   2   7  -2    0   0   0   0   0   0   0   0   0   0   0   0   0  16   0   0   0   0  84   0  0.99 0.05
  375 E     0   0   1   0  -3   1   4   1  -1  -3  -3   2  -2  -1  -2   0  -1  -3  -2  -2   12   0   8   0   0   0  46  14   0   0   0  15   0   5   0   0   0   0   0   0  0.32 0.02
  376 P    -1  -2  -1   0  -3   0  -1  -2  -2  -2   0  -1   0  -3   6   0  -1  -3  -3  -2    0   0   0   8   0   7   0   0   0   0  12   0   5   0  60   8   0   0   0   0  1.00 0.03
  377 G     0  -2   1   1  -3  -2  -2   6  -2  -4  -4  -2  -3  -4  -2   0  -2  -3  -3  -4    0   0   6   7   0   0   0  86   0   0   0   0   0   0   0   0   0   0   0   0  0.95 0.04
  378 E    -1   0   1   2  -4   1   5  -2   0  -3  -2   1  -2  -3  -2   0  -1  -3  -2  -3    0   0   8   8   0   0  71   0   0   0   5   8   0   0   0   0   0   0   0   0  0.58 0.03
  379 H    -1   0   0  -1  -3   1   1  -2   7  -3  -3   3  -2  -2  -2  -1  -1  -3   0  -2    0   0   0   0   0   0  12   0  53   0   0  30   0   0   0   0   0   0   0   5  0.53 0.04
  380 P    -1  -2  -1  -2  -3  -2  -2  -3  -3   0  -2  -2  -2  -3   7  -1  -1  -4  -3   1    0   0   5   0   0   0   0   0   0   8   0   0   0   0  71   0   0   0   0  16  1.28 0.04
  381 D    -2  -2   1   6  -4  -1   1  -2  -1  -3  -4  -1  -3  -4  -2   0   0  -5  -3  -3    0   0   0  95   0   0   0   0   0   0   0   0   0   0   0   0   5   0   0   0  1.01 0.05
  382 H    -2   0   0  -2  -4   0   0  -3   9  -4  -3  -1  -2  -2  -3  -1  -2  -3   1  -4    0   5   0   0   0   0   0   0  95   0   0   0   0   0   0   0   0   0   0   0  1.12 0.06
  383 V    -1  -3  -3  -4   7  -3  -3  -3  -3   1   0  -3   0  -2   0  -2  -1  -3  -2   3    0   0   0   0  42   0   0   0   0   4   0   0   0   0   5   0   0   0   0  49  0.55 0.04
  384 V    -1  -1  -3  -3  -1  -2  -3  -4  -3   4   1  -2   1  -1  -3  -2  -1  -3  -2   4    0   5   0   0   0   0   0   0   0  40   0   0   0   0   0   0   0   0   0  55  0.36 0.03
  385 V    -1  -3  -3  -4  -1  -3  -3  -4  -4   2   1  -3   0  -1  -3  -2   0   3  -1   5    0   0   0   0   0   0   0   0   0   0   0   0   0   0   0   0   0   5   0  95  0.46 0.04
  386 I    -2  -3  -4  -4  -2  -3  -4  -4  -4   5   1  -3   1   0  -3  -3  -1  -3  -2   2    0   0   0   0   0   0   0   0   0 100   0   0   0   0   0   0   0   0   0   0  0.55 0.04
  387 K    -1   2   0  -1  -4   1   1  -2  -1  -3  -3   5  -2  -4  -1   0  -1  -3  -2  -3    0   0   0   0   0   0   0   0   0   0   0 100   0   0   0   0   0   0   0   0  0.68 0.05
  388 Y    -2  -2  -3  -4  -3  -2  -3  -4   1  -2  -1  -2  -1   3  -3  -2  -2   2   8  -2    0   0   0   0   0   0   0   0   0   0   0   0   0   0   0   0   0   0 100   0  1.14 0.06
  389 V    -1  -3  -3  -4  -1  -2  -3  -4  -3   2   1  -2   3  -1  -3  -2   0  -3  -1   4    0   0   0   0   0   0   0   0   0   4   8   0  16   0   0   0   0   0   0  71  0.36 0.03
  390 P    -1  -2  -2  -2  -3  -1  -1  -2   2  -3  -3   0  -3  -4   7  -1  -1  -4  -2  -3    0   0   0   0   0   0   0   0   8   0   0   8   0   0  84   0   0   0   0   0  1.71 0.05
  391 Y     1  -2  -2  -3   1  -2  -2  -3   1  -2  -2  -2  -1   2   1  -1  -2   1   7  -1   16   0   0   0   4   0   0   0   0   0   0   0   0   0   8   0   0   0  72   0  0.65 0.04
  392 V     0  -3  -3  -4  -1  -3  -3  -4  -4   2   1  -3   0  -1  -3  -2   0  -3  -2   5    0   0   0   0   0   0   0   0   0   0   0   0   0   0   0   0   0   0   0 100  0.49 0.04
  393 A     1  -3  -1  -2  -3  -2  -2   6  -2  -4  -4  -2  -3  -3  -2   0  -2  -3  -3  -3   12   0   0   0   0   0   0  88   0   0   0   0   0   0   0   0   0   0   0   0  0.98 0.04
  394 D    -2  -2   1   6  -4  -1   1  -2  -1  -3  -4  -1  -3  -4  -2  -1  -1  -4  -3  -3    0   0   0  95   0   0   0   0   0   0   0   0   0   0   0   0   0   0   0   0  1.01 0.04
  395 S     1  -1   0  -1  -1   0  -1  -1  -1  -1  -2  -1  -2  -3  -1   5   1  -3  -2  -2    0   0   0   0   0   0   0   0   0   5   0   0   0   0   0  95   0   0   0   0  0.51 0.05
  396 K    -1   2   0  -1  -4   1   1  -2  -1  -3  -3   5  -2  -4  -1   0  -1  -3  -2  -3    0   0   0   0   0   0   5   0   0   0   0  95   0   0   0   0   0   0   0   0  0.64 0.05
  397 R    -1   5  -1  -2  -3   0  -1  -3  -1  -1  -1   1  -1  -3  -3  -1  -1  -3  -2   1    0  76   0   0   0   0   0   0   0   0   0   0   0   0   0   0   0   0   0  24  0.54 0.04
  398 A     5  -2  -2  -2  -1  -1  -1   0  -2  -2  -2  -1  -1  -3  -1   1   0  -3  -2   0  100   0   0   0   0   0   0   0   0   0   0   0   0   0   0   0   0   0   0   0  0.53 0.04
  399 M    -1  -2  -3  -4  -2  -1  -3  -3  -2   1   2  -2   7   0  -3  -2  -1  -2  -1   0    0   0   0   0   0   0   0   0   0   0  12   0  88   0   0   0   0   0   0   0  0.58 0.06
  400 D    -2  -2   1   7  -4  -1   1  -2  -1  -4  -4  -1  -4  -4  -2  -1  -1  -5  -4  -4    0   0   0 100   0   0   0   0   0   0   0   0   0   0   0   0   0   0   0   0  1.11 0.05
  401 E    -1   0  -1   1  -4   2   6  -3   0  -4  -3   1  -2  -4  -1   0  -1  -3  -2  -3    0   0   0   0   0   0 100   0   0   0   0   0   0   0   0   0   0   0   0   0  0.89 0.05
  402 Y    -2  -2  -3  -4  -3  -2  -3  -4   1  -2  -1  -2  -1   3  -3  -2  -2   2   8  -2    0   0   0   0   0   0   0   0   0   0   0   0   0   0   0   0   0   0 100   0  1.14 0.06
  403 T    -1  -2  -1  -2  -1  -1  -1  -2  -1  -1  -1  -1  -1   0  -2   1   5  -1   4  -1    0   0   0   0   0   0   0   0   0   0   0   0   0   0   0   0  76   0  24   0  0.47 0.04
  404 S     1  -1   0  -1  -1   0   0  -1  -1  -3  -3  -1  -2  -3  -1   5   1  -3  -2  -2    0   0   0   0   0   0   0   0   0   0   0   0   0   0   0 100   0   0   0   0  0.59 0.05
  405 E    -1   0  -1   1  -4   2   5  -2   0  -4  -3   1  -2  -4  -1   0  -1  -3  -2  -3    0   0   0   0   0   7  93   0   0   0   0   0   0   0   0   0   0   0   0   0  0.83 0.05
  406 I    -2  -3  -4  -4  -1  -3  -3  -4  -3   4   3  -3   1   0  -3  -3  -1  -3  -1   2    0   0   0   0   0   0   0   0   0  64  36   0   0   0   0   0   0   0   0   0  0.43 0.03
  407 F    -2  -2  -3  -4  -2  -2  -3  -3  -2   0   1  -2   5   5  -3  -2  -2   0   1   0    0   0   0   0   0   0   0   0   0   0   0   0  50  50   0   0   0   0   0   0  0.53 0.04
  408 M    -1  -2  -3  -4  -2  -1  -3  -3  -2   1   3  -2   6   0  -3  -2  -1  -2  -1   1    0   0   0   0   0   0   0   0   0   0  36   0  64   0   0   0   0   0   0   0  0.48 0.04
  409 G     0  -3  -1  -2  -3  -2  -2   6  -2  -4  -4  -2  -3  -4  -3  -1  -2  -3  -3  -4    0   0   0   0   0   0   0 100   0   0   0   0   0   0   0   0   0   0   0   0  1.18 0.04
  410 G     0  -3  -1  -2  -3  -2  -2   6  -2  -4  -4  -2  -3  -4  -3  -1  -2  -3  -3  -4    0   0   0   0   0   0   0 100   0   0   0   0   0   0   0   0   0   0   0   0  1.18 0.04
  411 K     0   1   0  -1  -3   0   0  -2   6  -3  -3   3  -2  -2  -2   0   1  -3   0  -2    6   0   0   0   0   0   0   0  39   0   0  39   0   0   0   0  16   0   0   0  0.40 0.03
  412 N    -1  -1   6   1  -3   0  -1  -1   0  -4  -4   0  -2  -3  -2   2   0  -4  -2  -3    0   0  84   0   0   0   0   0   0   0   0   0   0   0   0  16   0   0   0   0  0.75 0.04
  413 T    -1   2   0  -1  -2   0  -1  -2  -2  -1  -2   1  -1  -3  -2   1   5  -3  -2  -1    0  16   0   0   0   0   0   0   0   0   0   8   0   0   0   0  76   0   0   0  0.44 0.04
  414 I    -2  -3  -4  -4  -2  -3  -4  -4  -4   5   2  -3   1   0  -3  -3  -1  -3  -2   2    0   0   0   0   0   0   0   0   0  81  19   0   0   0   0   0   0   0   0   0  0.46 0.03
  415 V     0  -2  -2  -2  -1  -2  -2  -2  -3   2   0  -2   0  -1  -2   1   0  -3  -2   4    0   0   0   0   0   0   0   0   0   4   0   0   0   0   0  24   0   0   0  72  0.27 0.03
  416 M    -2  -3  -3  -4  -2  -2  -3  -4  -3   3   3  -3   3   0  -3  -2  -1  -2  -1   1    0   0   0   0   0   0   0   0   0  31  50   0  19   0   0   0   0   0   0   0  0.39 0.02
  417 H    -2  -1   0  -2  -4   0  -1  -3   9  -4  -3  -1  -2  -2  -3  -1  -2  -3   1  -4    0   0   0   0   0   0   0   0 100   0   0   0   0   0   0   0   0   0   0   0  1.21 0.07
  418 N    -2  -1   7   1  -3   0  -1  -1   0  -4  -4  -1  -3  -4  -2   0   0  -4  -3  -3    0   0 100   0   0   0   0   0   0   0   0   0   0   0   0   0   0   0   0   0  0.93 0.05
  419 T     0  -2  -1  -2  -1  -1  -1  -2  -2   0  -1  -1  -1  -2  -2   1   5  -3  -2   2    0   0   0   0   0   0   0   0   0   0   0   0   0   0   0   0  76   0   0  24  0.42 0.04
  420 C    -1  -4  -3  -4  10  -3  -4  -3  -4  -2  -2  -4  -2  -3  -3  -1  -1  -3  -3  -1    0   0   0   0 100   0   0   0   0   0   0   0   0   0   0   0   0   0   0   0  1.59 0.07
  421 E    -1   0  -1   1  -4   2   6  -3   0  -4  -3   1  -2  -4  -1   0  -1  -3  -2  -3    0   0   0   0   0   0 100   0   0   0   0   0   0   0   0   0   0   0   0   0  0.89 0.05
  422 D    -2  -2   1   7  -4  -1   1  -2  -1  -4  -4  -1  -4  -4  -2  -1  -1  -5  -4  -4    0   0   0 100   0   0   0   0   0   0   0   0   0   0   0   0   0   0   0   0  1.11 0.05
  423 S     1  -1   0  -1  -1   0   0  -1  -1  -3  -3  -1  -2  -3  -1   5   1  -3  -2  -2    0   0   0   0   0   0   0   0   0   0   0   0   0   0   0 100   0   0   0   0  0.59 0.05
  424 L    -2  -3  -4  -4  -2  -2  -3  -4  -3   1   4  -3   2   0  -3  -3  -1  -2  -1   1    0   0   0   0   0   0   0   0   0   0 100   0   0   0   0   0   0   0   0   0  0.57 0.04
  425 L    -2  -3  -4  -4  -2  -2  -3  -4  -3   1   4  -3   2   0  -3  -3  -1  -2  -1   1    0   0   0   0   0   0   0   0   0   0 100   0   0   0   0   0   0   0   0   0  0.57 0.04
  426 A     5  -2  -2  -2  -1  -1  -1   0  -2  -2  -2  -1  -1  -3  -1   1   0  -3  -2   0  100   0   0   0   0   0   0   0   0   0   0   0   0   0   0   0   0   0   0   0  0.53 0.04
  427 A     3  -2  -1  -2  -1  -1  -1  -1  -2  -1  -2  -1  -1  -3  -1   1   3  -3  -2   0   62   0   0   0   0   0   0   0   0   0   0   0   0   0   0   6  31   0   0   0  0.37 0.03
  428 P    -1  -3  -2  -2  -3  -2  -2  -3  -3  -3  -3  -1  -3  -4   8  -1  -1  -4  -3  -3    0   0   0   0   0   0   0   0   0   0   0   0   0   0 100   0   0   0   0   0  2.18 0.06
  429 I    -2  -3  -4  -4  -2  -3  -3  -4  -3   4   3  -3   1   0  -3  -3  -1  -3  -2   2    0   0   0   0   0   0   0   0   0  69  31   0   0   0   0   0   0   0   0   0  0.44 0.03
  430 I    -2  -3  -3  -4  -2  -3  -3  -4  -3   5   1  -3   3   1  -3  -3  -1  -2  -1   2    0   0   0   0   0   0   0   0   0  82   0   0  12   6   0   0   0   0   0   0  0.43 0.04
  431 L    -2  -3  -4  -4  -2  -3  -3  -4  -3   3   4  -3   2   0  -3  -3  -1  -2  -1   1    0   0   0   0   0   0   0   0   0  24  76   0   0   0   0   0   0   0   0   0  0.47 0.03
  432 D    -2  -2   1   7  -4  -1   1  -2  -1  -4  -4  -1  -4  -4  -2  -1  -1  -5  -4  -4    0   0   0 100   0   0   0   0   0   0   0   0   0   0   0   0   0   0   0   0  1.11 0.05
  433 L    -2  -3  -4  -4  -2  -2  -3  -4  -3   1   4  -3   2   0  -3  -3  -1  -2  -1   1    0   0   0   0   0   0   0   0   0   0 100   0   0   0   0   0   0   0   0   0  0.57 0.04
  434 V     0  -3  -3  -3  -1  -2  -3  -3  -3   3   1  -3   1  -1  -3  -2   0  -3  -1   4    6   0   0   0   0   0   0   0   0   8   8   0   0   0   0   0   0   0   0  78  0.37 0.03
  435 L    -1  -3  -4  -4  -1  -3  -3  -4  -3   2   3  -3   2   0  -3  -2  -1  -2  -1   2    0   0   0   0   0   0   0   0   0  15  61   0   0   0   0   0   0   0   0  24  0.39 0.02
  436 L     0  -2  -3  -4  -1  -2  -3  -3  -3   1   4  -2   3   0  -3  -2  -1  -2  -1   1    8   0   0   0   0   0   0   0   0   0  76   0  16   0   0   0   0   0   0   0  0.40 0.03
  437 A     3  -2  -1  -2  -1  -1  -1   1  -2  -1  -2  -1  -1  -3  -1   1   3  -3  -2   0   50   0   0   0   0   0   0   7   0   0   0   0   0   0   0   0  42   0   0   0  0.34 0.03
  438 E    -1   0  -1   1  -4   2   6  -3   0  -4  -3   1  -2  -4  -1   0  -1  -3  -2  -3    0   0   0   0   0   0 100   0   0   0   0   0   0   0   0   0   0   0   0   0  0.89 0.05
  439 I    -2  -3  -4  -4  -2  -3  -3  -4  -3   1   3  -3   1   3  -3  -3  -1  -1   0   1    0   0   0   0   0   0   0   0   0   4  65   0   0  24   0   0   0   0   0   7  0.41 0.02
  440 S     1  -2  -1  -2   6  -1  -1  -1  -2  -2  -2  -1  -2  -3  -2   3   2  -3  -2  -1    8   0   0   0  34   0   0   0   0   0   0   0   0   0   0  46  11   0   0   0  0.48 0.03
  441 T     0  -1   0  -1  -1   2   0  -2  -1  -2  -2   0  -1  -3  -1   2   4  -3  -2  -1    0   0   0   0   0  18   0   0   0   0   0   0   0   0   0  15  66   0   0   0  0.43 0.03
  442 R    -2   6  -1  -2  -4   1   0  -3  -1  -3  -3   2  -2  -3  -3  -1  -1  -3  -2  -3    0 100   0   0   0   0   0   0   0   0   0   0   0   0   0   0   0   0   0   0  0.93 0.05
  443 I    -1  -3  -3  -4  -1  -3  -3  -4  -4   4   1  -3   1  -1  -3  -2  -1  -3  -2   3    0   0   0   0   0   0   0   0   0  64   0   0   0   0   0   0   0   0   0  36  0.44 0.03
  444 Q     0   0   0  -1  -2   5   1  -2   0  -2  -2   1  -1  -3  -1   2   2  -3  -2  -2    0   0   0   0   0  59   0   0   0   0   0   0   0   0   0  20  22   0   0   0  0.46 0.04
  445 F    -2  -2  -3  -4  -2  -2  -3  -4  -1   1   2  -3   2   4  -3  -2  -2   0   3   1    0   0   0   0   0   0   0   0   0   0  35   0   7  33   0   0   0   0  16   8  0.38 0.02
  446 K    -1   3  -1  -1   3   1   0  -2  -1  -3  -2   4   0  -3  -2  -1  -1  -3  -2  -2    0  22   0   0  12   0   0   0   0   0   0  62   4   0   0   0   0   0   0   0  0.45 0.03
  447 S     3  -1  -1  -1  -1   0  -1   1  -2  -2  -2   1  -1  -3  -1   2   2  -3  -2  -1   47   0   0   0   0   0   0   8   0   0   0  15   0   0   0  11  18   0   0   0  0.26 0.02
  448 E    -1  -1   0   2  -4   2   5  -2  -1  -4  -3   0  -2  -4   2   0  -1  -3  -2  -3    0   0   0  12   0   7  72   0   0   0   0   0   0   0   8   0   0   0   0   0  0.69 0.03
  449 K     1  -1   1   2  -2  -1   0   3  -1  -3  -3   1  -2  -3  -2   1   0  -3  -3  -2   14   0   4  20   0   0   4  35   0   0   0  11   0   0   0   6   6   0   0   0  0.34 0.01
  450 E     0   0   0   3  -3   2   4  -2  -1  -3  -3   2  -2  -3  -1   0  -1  -3  -2  -3    8   0   0  26   0   4  46   0   0   0   0  16   0   0   0   0   0   0   0   0  0.51 0.02
  451 G     0  -2   0   2  -2   0   0   4  -2  -3  -3  -1  -2  -3   2   1  -1  -3  -3  -3    7   0   0  16   0   6   4  42   0   0   0   0   0   0  12  13   0   0   0   0  0.46 0.02
  452 K    -1   1   0   2  -4   2   2  -2  -1  -3  -3   4  -2  -4   1   0  -1  -3  -2  -3    0   0   0  16   0   7  18   0   0   0   0  51   0   0   7   0   0   0   0   0  0.45 0.02
  453 F    -2  -3  -3  -4  -3  -3  -3  -3  -1  -1   0  -3  -1   6   2  -2  -2   4   4  -1    0   0   0   0   0   0   0   0   0   0   0   0   0  68  12   0   0   7  13   0  0.72 0.04
  454 H     0   0   0   1  -3   2   2  -2   6  -2  -2   0  -1  -2  -2  -1  -1  -3   0  -1    7   0   0   8   0  18  16   0  43   0   0   0   0   0   0   0   0   0   0   7  0.42 0.03
  455 S     0  -1   2   0  -2   0   1   0  -1  -2  -3   0  -2  -3   1   3   2  -3  -2  -2    0   0  16   0   0   0   8   6   0   0   0   0   0   0   7  43  20   0   0   0  0.33 0.02
  456 F    -3  -3  -3  -4  -3  -4  -4  -4  -2   0   1  -3   0   7  -4  -3  -2   1   3  -1    0   0   0   0   0   0   0   0   0   0   8   0   0  92   0   0   0   0   0   0  0.85 0.05
  457 H    -2  -1   0  -2  -3   0  -1  -3   8  -3  -3   0  -2   0  -3  -1  -2  -1   4  -3    0   0   0   0   0   0   0   0  69   0   0   7   0   0   0   0   0   0  24   0  0.81 0.05
  458 P    -1  -2  -2  -2  -3  -2  -1  -2  -3  -3  -3  -1  -3  -4   8   0  -1  -4  -3  -3    0   0   0   0   0   0   0   0   0   0   0   0   0   0  94   6   0   0   0   0  1.99 0.05
  459 V     0  -3  -3  -4  -1  -3  -3  -4  -4   2   1  -3   0  -1  -3  -2   0  -3  -2   5    0   0   0   0   0   0   0   0   0   0   0   0   0   0   0   0   0   0   0 100  0.49 0.04
  460 A     3  -2  -3  -3  -1  -2  -2  -1  -2   0   3  -2   1  -1  -2   0  -1  -2  -2   0   51   0   0   0   0   0   0   0   0   0  49   0   0   0   0   0   0   0   0   0  0.25 0.03
  461 T     0  -1   0  -1  -1  -1  -1  -1  -2  -2  -2  -1  -1  -3  -1   3   4  -3  -2  -1    0   0   0   0   0   0   0   0   0   0   0   0   0   0   0  53  47   0   0   0  0.46 0.03
  462 K    -2  -2  -3  -4  -2  -3  -3  -4  -3   3   3  -2   1   2  -3  -2  -1  -2   0   2    0   0   0   0   0   0   0   0   0  42  33   4   0  16   0   0   0   0   0   6  0.31 0.02
  463 L    -2  -3  -4  -4  -2  -2  -3  -4  -3   1   4  -3   2   0  -3  -3  -1  -2  -1   1    0   0   0   0   0   0   0   0   0   0 100   0   0   0   0   0   0   0   0   0  0.57 0.04
  464 S     1  -1   0  -1  -1   0   0  -1  -1  -3  -3  -1  -2  -3  -1   5   1  -3  -2  -2    0   0   0   0   0   0   0   0   0   0   0   0   0   0   0 100   0   0   0   0  0.59 0.05
  465 Y    -2  -2  -3  -4  -3  -2  -3  -4   1  -1  -1  -2  -1   4  -4  -2  -2   2   7  -2    0   0   0   0   0   0   0   0   0   0   0   0   0  18   0   0   0   0  82   0  0.97 0.05
  466 L    -2  -3  -4  -4  -2  -2  -3  -4  -3   1   4  -3   1   0  -3  -3  -2   7   0   0    0   0   0   0   0   0   0   0   0   0  76   0   0   0   0   0   0  24   0   0  0.69 0.04
  467 T    -1  -2  -1  -2   4  -2  -2  -2  -2   0   2  -2   0   2  -2   1   2  -2  -1   0    0   0   0   0  14   0   0   0   0   0  31   0   0  12   0  13  30   0   0   0  0.20 0.02
  468 K    -1   2   0  -1  -4   1   1  -2  -1  -3  -3   5  -2  -4  -1   0  -1  -3  -2  -3    0   0   0   0   0   0   0   0   0   0   0 100   0   0   0   0   0   0   0   0  0.68 0.05
  469 A     5  -2  -2  -2  -1  -1  -1   0  -2  -2  -2  -1  -1  -3  -1   1   0  -3  -2   0  100   0   0   0   0   0   0   0   0   0   0   0   0   0   0   0   0   0   0   0  0.53 0.04
  470 P    -1  -3  -2  -2  -3  -2  -2  -3  -3  -3  -3  -1  -3  -4   8  -1  -1  -4  -3  -3    0   0   0   0   0   0   0   0   0   0   0   0   0   0 100   0   0   0   0   0  2.18 0.06
  471 L    -2  -3  -4  -4  -2  -3  -3  -4  -3   2   4  -3   2   0  -3  -3  -1  -2  -1   1    0   0   0   0   0   0   0   0   0   7  93   0   0   0   0   0   0   0   0   0  0.53 0.03
  472 V     1  -2  -2  -3  -1  -2  -2  -3  -3   2   0  -2   0  -1  -2  -1   2  -3  -2   4    8   0   0   0   0   0   0   0   0   0   0   0   0   0   0   0  16   0   0  76  0.31 0.03
  473 P    -1   2  -2  -2  -3  -1  -1  -2  -2  -3  -3   1  -3  -4   7  -1  -1  -4  -3  -3    0  16   0   0   0   0   0   0   0   0   0   8   0   0  76   0   0   0   0   0  1.50 0.04
  474 P     0  -1  -2  -2  -3   0  -1  -2  -2  -3  -3   0  -2  -4   7  -1  -1  -4  -3  -2   10   0   0   0   0   7   0   0   0   0   0   7   0   0  75   0   0   0   0   0  1.46 0.04
  475 G     0  -2  -1  -2  -3  -2  -2   6   1  -4  -4  -2  -3  -3  -3  -1  -2  -3  -3  -4    0   0   0   0   0   0   0  93   7   0   0   0   0   0   0   0   0   0   0   0  1.04 0.04
  476 T     0  -2  -1  -2  -1  -1  -1  -2  -1  -1  -1  -1  -1   2  -2   2   4  -1   2  -1    7   0   0   0   0   0   0   0   0   0   0   0   0  16   0  19  49   0   8   0  0.28 0.02
  477 P    -1  -1  -1  -1  -3   2   0  -2   2  -3  -3   1  -2  -3   7  -1   0  -3  -2  -2    0   0   0   0   0  15   0   0   8   0   0   8   0   0  61   0   7   0   0   0  1.12 0.03
  478 V    -1  -3  -3  -3  -1  -2  -2  -3  -3   2   0  -2   0  -2   4  -2   0  -3  -2   4    0   0   0   0   0   0   0   0   0   0   0   0   0   0  24   0   0   0   0  76  0.49 0.03
  479 V    -1  -3  -3  -4  -1  -3  -3  -4  -4   3   1  -3   1  -1  -3  -2   0  -3  -2   4    0   0   0   0   0   0   0   0   0  20   0   0   0   0   0   0   0   0   0  80  0.44 0.03
  480 N    -2  -1   7   1  -3   0  -1  -1   0  -4  -4  -1  -3  -4  -2   0   0  -4  -3  -3    0   0 100   0   0   0   0   0   0   0   0   0   0   0   0   0   0   0   0   0  0.93 0.05
  481 A     4  -2  -1  -2  -1  -1  -1   3  -2  -2  -2  -1  -2  -3  -1   1   0  -3  -2  -1   69   0   0   0   0   0   0  24   0   0   0   0   0   0   0   7   0   0   0   0  0.43 0.03
  482 L    -2  -3  -4  -4  -2  -3  -3  -4  -3   1   4  -3   2   1  -3  -3  -2  -2  -1   1    0   0   0   0   0   0   0   0   0   0  94   0   0   6   0   0   0   0   0   0  0.52 0.03
  483 S     0  -1   3  -1  -2  -1  -1  -1  -1  -2  -1  -1  -1   4  -2   2   0  -1   1  -2    8   0  24   0   0   0   0   0   0   0   0   0   0  33   0  35   0   0   0   0  0.26 0.02
  484 K    -1   4   0  -1  -4   1   0  -2  -1  -3  -3   5  -2  -3  -2  -1  -1  -3  -2  -3    0  26   0   0   0   0   0   0   0   0   0  74   0   0   0   0   0   0   0   0  0.61 0.04
  485 Q    -1   1   0  -1  -3   6   2  -2   0  -3  -3   1  -1  -4  -2   0  -1  -2  -2  -3    0   0   0   0   0 100   0   0   0   0   0   0   0   0   0   0   0   0   0   0  0.87 0.06
  486 R    -2   6  -1  -2  -4   1   0  -3  -1  -3  -3   2  -2  -3  -3  -1  -1  -3  -2  -3    0 100   0   0   0   0   0   0   0   0   0   0   0   0   0   0   0   0   0   0  0.93 0.05
  487 A     3  -1   1  -1  -1   1  -1   0  -1  -2  -2  -1  -1  -3  -1   2   2  -3  -2  -1   58   0   6   0   0   8   0   0   0   0   0   0   0   0   0  12  16   0   0   0  0.30 0.02
  488 M     1  -2  -2  -3   6   1  -2  -2  -2   0   0  -1   4  -1  -2  -1  -1  -2  -2   0   23   0   0   0  26   8   0   0   0   0   0   0  43   0   0   0   0   0   0   0  0.33 0.04
  489 L    -2  -3  -4  -4  -2  -3  -3  -4  -3   3   4  -3   2   0  -3  -3  -1  -2  -1   1    0   0   0   0   0   0   0   0   0  33  67   0   0   0   0   0   0   0   0   0  0.45 0.03
  490 E    -1  -1  -1   1  -4   2   5  -3  -1  -2  -3   0  -2  -3  -2  -1  -1  -3  -2  -1    0   0   0   0   0   0  92   0   0   0   0   0   0   0   0   0   0   0   0   8  0.72 0.04
  491 N    -2  -1   7   1  -3   0  -1  -1   0  -4  -4  -1  -3  -4  -2   0   0  -4  -3  -3    0   0 100   0   0   0   0   0   0   0   0   0   0   0   0   0   0   0   0   0  0.93 0.05
  492 I    -2  -3  -4  -4  -2  -3  -4  -4  -3   4   2  -3   1   2  -3  -3  -1  -2   0   2    0   0   0   0   0   0   0   0   0  72   8   0   0  16   0   0   0   0   0   4  0.40 0.03
  493 L    -2  -2  -4  -4  -2  -2  -3  -4  -3   1   4  -3   3   2  -3  -3  -2  -1   0   0    0   0   0   0   0   0   0   0   0   0  79   0   8  13   0   0   0   0   0   0  0.45 0.03
  494 R    -1   6  -1  -2  -3   1   0  -2  -1  -3  -3   2  -2  -3  -2   0  -1  -3  -2  -3    0  84   0   0   0   0   0   0   0   0   0   7   0   0   0   8   0   0   0   0  0.75 0.04
  495 A     4  -2  -2  -2  -1  -1  -2   1  -2   0   0  -1   0  -2  -1   0   0  -3  -2   1   69   0   0   0   0   0   0   7   0   0  16   0   0   0   0   0   0   0   0   8  0.27 0.03
  496 C    -1  -4  -3  -4   9  -3  -4  -3  -3  -1   1  -3   0  -2  -3  -2  -1  -3  -2  -1    0   0   0   0  76   0   0   0   0   0  24   0   0   0   0   0   0   0   0   0  1.05 0.05
  497 V    -1  -3  -3  -4  -1  -3  -3  -4  -3   3   2  -3   1  -1  -3  -2   0  -3  -1   4    0   0   0   0   0   0   0   0   0  23  12   0   0   0   0   0   0   0   0  65  0.39 0.03
  498 G     0  -3  -1  -2  -3  -2  -2   6  -2  -4  -4  -2  -3  -4  -3  -1  -2  -3  -3  -4    0   0   0   0   0   0   0 100   0   0   0   0   0   0   0   0   0   0   0   0  1.18 0.04
  499 L    -2  -3  -4  -4  -2  -3  -3  -4  -3   2   4  -3   2   0  -3  -3  -1  -2  -1   1    0   0   0   0   0   0   0   0   0   7  93   0   0   0   0   0   0   0   0   0  0.53 0.03
  500 A     3  -2  -2  -2  -2  -1  -1  -1  -2  -2  -2  -1  -2  -3   6   1  -1  -3  -3  -1   50   0   0   0   0   0   0   0   0   0   0   0   0   0  44   6   0   0   0   0  0.82 0.03
  501 P     0  -2  -2  -2  -3  -2  -1  -2  -2  -1  -2  -1  -2  -3   7   0  -1  -4  -3  -2    8   0   0   0   0   0   0   0   0   8   0   0   0   0  76   8   0   0   0   0  1.43 0.04
  502 E    -1   0   0   2  -3   3   4  -2  -1   0  -2   0  -1  -3  -2  -1  -1  -3  -2  -1    0   0   0  16   0  26  43   0   0  15   0   0   0   0   0   0   0   0   0   0  0.41 0.03
  503 N    -2  -1   6   2  -3   0   0  -1   0  -4  -4   0  -3  -3  -2   1   0  -4  -3  -3    0   0  85   8   0   0   0   0   0   0   0   0   0   0   0   7   0   0   0   0  0.77 0.04
  504 N    -2  -1   5   1  -3   1   2  -1   5  -4  -3   0  -2  -3  -2   0  -1  -3  -1  -3    0   0  50   0   0   0  24   0  26   0   0   0   0   0   0   0   0   0   0   0  0.57 0.03
  505 M    -1  -2  -3  -4  -2  -1  -3  -3  -2   1   3  -2   6   0  -3  -2  -1  -2  -1   0    0   0   0   0   0   0   0   0   0   0  24   0  76   0   0   0   0   0   0   0  0.52 0.05
  506 I    -1   2  -2  -3  -2  -1  -2  -3  -2   3   2  -1   2  -1  -3  -2   0  -3  -2   1    0  24   0   0   0   0   0   0   0  38  19   0  11   0   0   0   7   0   0   0  0.20 0.02
  507 L    -2  -3  -4  -4  -2  -3  -3  -4  -3   1   4  -3   2   3  -3  -3  -2  -1   0   0    0   0   0   0   0   0   0   0   0   0  72   0   4  24   0   0   0   0   0   0  0.45 0.03
  508 E    -1   0  -1   1  -4   2   6  -3   0  -4  -3   1  -2  -4  -1   0  -1  -3  -2  -3    0   0   0   0   0   0 100   0   0   0   0   0   0   0   0   0   0   0   0   0  0.89 0.05
  509 Y    -2  -1  -1  -1  -3   2   2  -3   4  -2  -2  -1  -1   2  -2  -1  -2   0   5  -2    0   0   0   0   0  16  19   0  20   0   0   0   0   4   0   0   0   0  42   0  0.47 0.03
  510 K    -1   4   0  -1  -4   1   0  -2  -1  -3  -3   4  -2  -3  -2  -1  -1  -3  -2  -3    0  35   0   0   0   0   0   0   0   0   0  65   0   0   0   0   0   0   0   0  0.60 0.03

                      K         Lambda
Standard Ungapped    0.1340     0.3158
Standard Gapped      0.0410     0.2670
PSI Ungapped         0.1340     0.3158
PSI Gapped           0.0410     0.2670
