
Last position-specific scoring matrix computed, weighted observed percentages rounded down, information per position, and relative weight of gapless real matches to pseudocounts
            A   R   N   D   C   Q   E   G   H   I   L   K   M   F   P   S   T   W   Y   V   A   R   N   D   C   Q   E   G   H   I   L   K   M   F   P   S   T   W   Y   V
    1 M    -1  -1  -2  -3  -1   0  -2  -3  -2   1   2  -1   5   0  -2  -1  -1  -1  -1   1    0   0   0   0   0   0   0   0   0   0   0   0   0   0   0   0   0   0   0   0  0.00     0.00
    2 E    -1   0   0   2  -4   2   5  -2   0  -3  -3   1  -2  -3  -1   0  -1  -3  -2  -2    0   0   0   0   0   0   0   0   0   0   0   0   0   0   0   0   0   0   0   0  0.00     0.00
    3 I    -1  -3  -3  -3  -1  -3  -3  -4  -3   4   2  -3   1   0  -3  -2  -1  -3  -1   3    0   0   0   0   0   0   0   0   0   0   0   0   0   0   0   0   0   0   0   0  0.00     0.00
    4 A     4  -1  -2  -2   0  -1  -1   0  -2  -1  -1  -1  -1  -2  -1   1   0  -3  -2   0    0   0   0   0   0   0   0   0   0   0   0   0   0   0   0   0   0   0   0   0  0.00     0.00
    5 A     4  -1  -2  -2   0  -1  -1   0  -2  -1  -1  -1  -1  -2  -1   1   0  -3  -2   0    0   0   0   0   0   0   0   0   0   0   0   0   0   0   0   0   0   0   0   0  0.00     0.00
    6 V     0  -2  -3  -3  -1  -2  -2  -3  -3   3   1  -2   1  -1  -2  -2   0  -3  -1   4    0   0   0   0   0   0   0   0   0   0   0   0   0   0   0   0   0   0   0   0  0.00     0.00
    7 S     1  -1   1   0  -1   0   0   0  -1  -2  -2   0  -1  -2  -1   4   1  -3  -2  -2    0   0   0   0   0   0   0   0   0   0   0   0   0   0   0   0   0   0   0   0  0.00     0.00
    8 T     0  -1   0  -1  -1  -1  -1  -2  -2  -1  -1  -1  -1  -2  -1   1   5  -2  -2   0    0   0   0   0   0   0   0   0   0   0   0   0   0   0   0   0   0   0   0   0  0.00     0.00
    9 V     0  -2  -3  -3  -1  -2  -2  -3  -3   3   1  -2   1  -1  -2  -2   0  -3  -1   4    0   0   0   0   0   0   0   0   0   0   0   0   0   0   0   0   0   0   0   0  0.00     0.00
   10 S     1  -1   1   0  -1   0   0   0  -1  -2  -2   0  -1  -2  -1   4   1  -3  -2  -2    0   0   0   0   0   0   0   0   0   0   0   0   0   0   0   0   0   0   0   0  0.00     0.00
   11 V     0  -2  -3  -3  -1  -2  -2  -3  -3   3   1  -2   1  -1  -2  -2   0  -3  -1   4    0   0   0   0   0   0   0   0   0   0   0   0   0   0   0   0   0   0   0   0  0.00     0.00
   12 A     4  -1  -2  -2   0  -1  -1   0  -2  -1  -1  -1  -1  -2  -1   1   0  -3  -2   0    0   0   0   0   0   0   0   0   0   0   0   0   0   0   0   0   0   0   0   0  0.00     0.00
   13 P    -1  -2  -2  -1  -3  -1  -1  -2  -2  -3  -3  -1  -2  -4   7  -1  -1  -4  -3  -2    0   0   0   0   0   0   0   0   0   0   0   0   0   0   0   0   0   0   0   0  0.00     0.00
   14 Q    -1   1   0   0  -3   5   2  -2   0  -3  -2   1   0  -3  -1   0  -1  -2  -1  -2    0   0   0   0   0   0   0   0   0   0   0   0   0   0   0   0   0   0   0   0  0.00     0.00
   15 S     1  -1   1   0  -1   0   0   0  -1  -2  -2   0  -1  -2  -1   4   1  -3  -2  -2    0   0   0   0   0   0   0   0   0   0   0   0   0   0   0   0   0   0   0   0  0.00     0.00
   16 R    -1   5   0  -2  -3   1   0  -2   0  -3  -2   2  -1  -3  -2  -1  -1  -3  -2  -2    0   0   0   0   0   0   0   0   0   0   0   0   0   0   0   0   0   0   0   0  0.00     0.00
   17 R    -1   5   0  -2  -3   1   0  -2   0  -3  -2   2  -1  -3  -2  -1  -1  -3  -2  -2    0   0   0   0   0   0   0   0   0   0   0   0   0   0   0   0   0   0   0   0  0.00     0.00
   18 V     0  -2  -3  -3  -1  -2  -2  -3  -3   3   1  -2   1  -1  -2  -2   0  -3  -1   4    0   0   0   0   0   0   0   0   0   0   0   0   0   0   0   0   0   0   0   0  0.00     0.00
   19 S     1  -1   1   0  -1   0   0   0  -1  -2  -2   0  -1  -2  -1   4   1  -3  -2  -2    0   0   0   0   0   0   0   0   0   0   0   0   0   0   0   0   0   0   0   0  0.00     0.00
   20 N    -2   0   6   1  -3   0   0   0   1  -3  -3   0  -2  -3  -2   1   0  -4  -2  -3    0   0   0   0   0   0   0   0   0   0   0   0   0   0   0   0   0   0   0   0  0.00     0.00
   21 A     4  -1  -2  -2   0  -1  -1   0  -2  -1  -1  -1  -1  -2  -1   1   0  -3  -2   0    0   0   0   0   0   0   0   0   0   0   0   0   0   0   0   0   0   0   0   0  0.00     0.00
   22 F    -2  -3  -3  -3  -2  -3  -3  -3  -1   0   0  -3   0   6  -4  -2  -2   1   3  -1    0   0   0   0   0   0   0   0   0   0   0   0   0   0   0   0   0   0   0   0  0.00     0.00
   23 S     1  -1   1   0  -1   0   0   0  -1  -2  -2   0  -1  -2  -1   4   1  -3  -2  -2    0   0   0   0   0   0   0   0   0   0   0   0   0   0   0   0   0   0   0   0  0.00     0.00
   24 R    -1   5   0  -2  -3   1   0  -2   0  -3  -2   2  -1  -3  -2  -1  -1  -3  -2  -2    0   0   0   0   0   0   0   0   0   0   0   0   0   0   0   0   0   0   0   0  0.00     0.00
   25 N    -2   0   6   1  -3   0   0   0   1  -3  -3   0  -2  -3  -2   1   0  -4  -2  -3    0   0   0   0   0   0   0   0   0   0   0   0   0   0   0   0   0   0   0   0  0.00     0.00
   26 L    -1  -2  -3  -4  -1  -2  -3  -4  -3   2   4  -2   2   0  -3  -2  -1  -2  -1   1    0   0   0   0   0   0   0   0   0   0   0   0   0   0   0   0   0   0   0   0  0.00     0.00
   27 G     0  -2   0  -1  -2  -2  -2   6  -2  -4  -4  -2  -3  -3  -2   0  -2  -2  -3  -3    0   0   0   0   0   0   0   0   0   0   0   0   0   0   0   0   0   0   0   0  0.00     0.00
   28 S     1  -1   1   0  -1   0   0   0  -1  -2  -2   0  -1  -2  -1   4   1  -3  -2  -2    0   0   0   0   0   0   0   0   0   0   0   0   0   0   0   0   0   0   0   0  0.00     0.00
   29 V     0  -2  -3  -3  -1  -2  -2  -3  -3   3   1  -2   1  -1  -2  -2   0  -3  -1   4    0   0   0   0   0   0   0   0   0   0   0   0   0   0   0   0   0   0   0   0  0.00     0.00
   30 S     1  -1   1   0  -1   0   0   0  -1  -2  -2   0  -1  -2  -1   4   1  -3  -2  -2    0   0   0   0   0   0   0   0   0   0   0   0   0   0   0   0   0   0   0   0  0.00     0.00
   31 S     1  -1   1   0  -1   0   0   0  -1  -2  -2   0  -1  -2  -1   4   1  -3  -2  -2    0   0   0   0   0   0   0   0   0   0   0   0   0   0   0   0   0   0   0   0  0.00     0.00
   32 L    -1  -2  -3  -4  -1  -2  -3  -4  -3   2   4  -2   2   0  -3  -2  -1  -2  -1   1    0   0   0   0   0   0   0   0   0   0   0   0   0   0   0   0   0   0   0   0  0.00     0.00
   33 S     1  -1   1   0  -1   0   0   0  -1  -2  -2   0  -1  -2  -1   4   1  -3  -2  -2    0   0   0   0   0   0   0   0   0   0   0   0   0   0   0   0   0   0   0   0  0.00     0.00
   34 F    -2  -3  -3  -3  -2  -3  -3  -3  -1   0   0  -3   0   6  -4  -2  -2   1   3  -1    0   0   0   0   0   0   0   0   0   0   0   0   0   0   0   0   0   0   0   0  0.00     0.00
   35 G     0  -2   0  -1  -2  -2  -2   6  -2  -4  -4  -2  -3  -3  -2   0  -2  -2  -3  -3    0   0   0   0   0   0   0   0   0   0   0   0   0   0   0   0   0   0   0   0  0.00     0.00
   36 F    -2  -3  -3  -3  -2  -3  -3  -3  -1   0   0  -3   0   6  -4  -2  -2   1   3  -1    0   0   0   0   0   0   0   0   0   0   0   0   0   0   0   0   0   0   0   0  0.00     0.00
   37 F    -2  -3  -3  -3  -2  -3  -3  -3  -1   0   0  -3   0   6  -4  -2  -2   1   3  -1    0   0   0   0   0   0   0   0   0   0   0   0   0   0   0   0   0   0   0   0  0.00     0.00
   38 E    -1   0   0   2  -4   2   5  -2   0  -3  -3   1  -2  -3  -1   0  -1  -3  -2  -2    0   0   0   0   0   0   0   0   0   0   0   0   0   0   0   0   0   0   0   0  0.00     0.00
   39 K    -1   2   0  -1  -3   1   1  -2  -1  -3  -2   4  -1  -3  -1   0  -1  -3  -2  -2    0   0   0   0   0   0   0   0   0   0   0   0   0   0   0   0   0   0   0   0  0.00     0.00
   40 E    -1   0   0   2  -4   2   5  -2   0  -3  -3   1  -2  -3  -1   0  -1  -3  -2  -2    0   0   0   0   0   0   0   0   0   0   0   0   0   0   0   0   0   0   0   0  0.00     0.00
   41 Y    -2  -2  -2  -3  -2  -1  -2  -3   2  -1  -1  -2  -1   3  -3  -2  -2   2   7  -1    0   0   0   0   0   0   0   0   0   0   0   0   0   0   0   0   0   0   0   0  0.00     0.00
   42 C     0  -3  -3  -3   9  -3  -4  -2  -3  -1  -1  -3  -1  -2  -3  -1  -1  -2  -2  -1    0   0   0   0   0   0   0   0   0   0   0   0   0   0   0   0   0   0   0   0  0.00     0.00
   43 F    -2  -3  -3  -3  -2  -3  -3  -3  -1   0   0  -3   0   6  -4  -2  -2   1   3  -1    0   0   0   0   0   0   0   0   0   0   0   0   0   0   0   0   0   0   0   0  0.00     0.00
   44 K    -1   2   0  -1  -3   1   1  -2  -1  -3  -2   4  -1  -3  -1   0  -1  -3  -2  -2    0   0   0   0   0   0   0   0   0   0   0   0   0   0   0   0   0   0   0   0  0.00     0.00
   45 S     0  -1   4   1  -2   0   0   0   0  -3  -3   0  -2  -3  -1   3   1  -3  -2  -2    0   0  50   0   0   0   0   0   0   0   0   0   0   0   0  50   0   0   0   0  0.45 0.00
   46 P    -1  -2  -2  -2  -3  -1  -1  -2  -2  -3  -3  -1  -3  -4   8  -1  -1  -4  -3  -3    0   0   0   0   0   0   0   0   0   0   0   0   0   0 100   0   0   0   0   0  2.04 0.00
   47 S     1  -1   0  -1  -1   0  -1  -1  -1  -2  -2   0  -1  -2  -1   3   4  -3  -2  -1    0   0   0   0   0   0   0   0   0   0   0   0   0   0   0  50  50   0   0   0  0.38 0.00
   48 L     3  -2  -3  -3  -1  -2  -2  -1  -2   0   2  -2   1  -1  -2   0  -1  -2  -2   0   50   0   0   0   0   0   0   0   0   0  50   0   0   0   0   0   0   0   0   0  0.20 0.01
   49 R    -2   6   0  -2  -4   1   0  -2   0  -3  -2   2  -1  -3  -2  -1  -1  -3  -2  -3    0 100   0   0   0   0   0   0   0   0   0   0   0   0   0   0   0   0   0   0  0.74 0.00
   50 V    -1   4  -2  -2  -2   0  -1  -3  -1   1   0   1   0  -2  -2  -1  -1  -3  -2   2    0  50   0   0   0   0   0   0   0   0   0   0   0   0   0   0   0   0   0  50  0.25 0.01
   51 S     0  -2  -1  -2   7  -1  -2  -1  -2  -2  -2  -1  -2  -3  -2   3   1  -3  -2  -1    0   0   0   0  50   0   0   0   0   0   0   0   0   0   0  50   0   0   0   0  0.55 0.00
   52 A     3  -2  -2  -3  -1  -2  -2  -1  -2   1   0  -2   0  -2  -2   0   0  -3  -2   3   50   0   0   0   0   0   0   0   0   0   0   0   0   0   0   0   0   0   0  50  0.21 0.01
   53 A     4  -2  -2  -2   0  -1  -1   0  -2  -1  -2  -1  -1  -2  -1   1   0  -3  -2   0  100   0   0   0   0   0   0   0   0   0   0   0   0   0   0   0   0   0   0   0  0.40 0.00
   54 A     4  -2  -2  -2   0  -1  -1   0  -2  -1  -2  -1  -1  -2  -1   1   0  -3  -2   0  100   0   0   0   0   0   0   0   0   0   0   0   0   0   0   0   0   0   0   0  0.40 0.00
   55 S     1   0   0   0  -1   0   0   0  -1  -1  -1   0  -1  -1   0   3   1  -1  -1  -1    4   3   2   3   1   2   3   4   1   3   5   3   1   2   3  54   3   1   2   3  0.16 0.00
   56 M    -1  -1  -2  -3  -2   0  -2  -3  -2   1   2  -1   6   0  -3  -2  -1  -2  -1   1    0   0   0   0   0   0   0   0   0   0   0   0 100   0   0   0   0   0   0   0  0.33 0.00
   57 D     2  -2   0   4  -2  -1   1  -1  -1  -2  -3  -1  -2  -3  -1   1  -1  -4  -3  -1   50   0   0  50   0   0   0   0   0   0   0   0   0   0   0   0   0   0   0   0  0.40 0.01
   58 A     3  -2  -2  -3  -1  -2  -2  -1  -2   1   0  -2   0  -2  -2   0   0  -3  -2   3   50   0   0   0   0   0   0   0   0   0   0   0   0   0   0   0   0   0   0  50  0.21 0.01
   59 V     1  -2  -1  -1  -1  -1  -1  -1  -2   1   0  -1   0  -2  -2   2   1  -3  -2   2    0   0   0   0   0   0   0   0   0   0   0   0   0   0   0  50   0   0   0  50  0.18 0.01
   60 T     0  -1   0  -1  -1  -1  -1  -2  -2  -1  -1  -1  -1  -2  -1   1   5  -3  -2   0    0   0   0   0   0   0   0   0   0   0   0   0   0   0   0   0 100   0   0   0  0.46 0.00
   61 A     3  -2  -2  -2  -1  -1  -1  -1  -2  -2  -2  -1  -2  -3   6   0  -1  -3  -2  -1   50   0   0   0   0   0   0   0   0   0   0   0   0   0  50   0   0   0   0   0  0.88 0.00
   62 E    -1   4   0   0  -4   2   4  -2   0  -3  -3   2  -2  -3  -2   0  -1  -3  -2  -3    0  50   0   0   0   0  50   0   0   0   0   0   0   0   0   0   0   0   0   0  0.55 0.00
   63 K     0   1   0  -1  -2   1   0  -1  -1  -3  -3   3  -2  -3  -1   3   1  -3  -2  -2    0   0   0   0   0   0   0   0   0   0   0  50   0   0   0  50   0   0   0   0  0.34 0.01
   64 F     2  -2  -2  -3  -1  -2  -2  -1  -2  -1   0  -2   0   5  -2   0  -1   0   2  -1   50   0   0   0   0   0   0   0   0   0   0   0   0  50   0   0   0   0   0   0  0.28 0.01
   65 S     3  -1   0  -1  -1   0  -1   0  -1  -2  -2   0  -1  -2  -1   3   1  -3  -2  -1   50   0   0   0   0   0   0   0   0   0   0   0   0   0   0  50   0   0   0   0  0.35 0.01
   66 P     3  -2  -2  -2  -1  -1  -1  -1  -2  -2  -2  -1  -2  -3   6   0  -1  -3  -2  -1   50   0   0   0   0   0   0   0   0   0   0   0   0   0  50   0   0   0   0   0  0.88 0.00
   67 A     4  -2  -2  -2   0  -1  -1   0  -2  -1  -2  -1  -1  -2  -1   1   0  -3  -2   0  100   0   0   0   0   0   0   0   0   0   0   0   0   0   0   0   0   0   0   0  0.40 0.00
   68 S     3  -1   0  -1  -1   0  -1   0  -1  -2  -2   0  -1  -2  -1   3   1  -3  -2  -1   50   0   0   0   0   0   0   0   0   0   0   0   0   0   0  50   0   0   0   0  0.35 0.01
   69 F    -2  -2  -3  -4  -2  -2  -3  -3  -2   0   1  -2   4   5  -3  -2  -2   0   2   0    0   0   0   0   0   0   0   0   0   0   0   0  41  59   0   0   0   0   0   0  0.42 0.01
   70 L    -1  -2  -3  -4  -1  -1  -3  -3  -2   1   4  -2   4   0  -3  -2  -1  -2  -1   1    0   0   0   0   0   0   0   0   0   0  59   0  41   0   0   0   0   0   0   0  0.37 0.00
   71 D    -2  -1   1   5  -4   1   3  -2  -1  -3  -4   0  -3  -4  -2   0  -1  -4  -3  -3    0   0   0  71   0   0  29   0   0   0   0   0   0   0   0   0   0   0   0   0  0.76 0.01
   72 K    -1   3  -1  -2  -3   1   0  -2  -1  -1   0   4   3  -2  -2  -1  -1  -3  -2  -1    0  21   0   0   0   0   0   0   0   0   0  50  29   0   0   0   0   0   0   0  0.30 0.01
   73 K    -1   4   0  -1  -3   1   0   2  -1  -3  -3   4  -2  -3  -2  -1  -1  -3  -2  -3    0  31   0   0   0   0   0  18   0   0   0  51   0   0   0   0   0   0   0   0  0.47 0.03
   74 E     0   2   2   0  -3   1   3  -2   2  -3  -3   0  -2  -3  -2   0   1  -3  -2  -2   13  15  16   0   0   0  37   0   8   0   0   0   0   0   0   0  11   0   0   0  0.31 0.03
   75 T     0  -1   0  -1  -1   0   0  -1  -1  -2  -2   1  -1  -2   2   3   3  -3  -2  -1    1   1   1   1   0   1   1   1   0   1   1  12   0   0   9  47  23   0   0   1  0.34 0.05
   76 G     2   1   1  -1  -2   0  -1   2  -1  -2  -2   2  -2  -3  -1   1   0  -3  -2  -2   30   6   6   1   0   0   1  19   0   0   1  18   0   0   0  15   1   0   0   1  0.24 0.04
   77 V    -1   0  -2  -3  -2  -2  -2  -2  -3   1   3  -1   3  -1  -3  -1   2  -3  -2   1    3   6   0   0   0   0   0   3   0   3  34   4  14   0   0   4  21   0   0   7  0.24 0.12
   78 L    -4  -4  -6  -6  -4  -5  -6  -6  -5   4   3  -5   7   0  -6  -5  -4  -5  -4   2    0   1   0   0   0   0   0   0   0  26  26   0  35   3   0   0   0   0   0  10  1.28 0.48
   79 H    -2   3   2  -1  -5   3   2  -3   4  -5  -5   4  -4  -5  -2   0  -3  -5  -2  -5    2  17  10   2   0  15  11   1  10   0   0  23   0   0   1   6   0   0   1   0  0.67 0.33
   80 F    -7  -7  -8  -8  -7  -8  -8  -8  -6  -3  -2  -8   0   9  -8  -7  -6  -3   1  -5    0   0   0   0   0   0   0   0   0   1   2   0   2  93   0   0   0   0   2   0  3.00 0.89
   81 V     1  -3  -3  -4  -4  -3  -3  -4  -1  -1   0  -3  -2  -2  -4   2   5   1   2   1   14   1   0   0   0   0   1   0   1   2   7   1   1   1   0  17  36   2   8   9  0.56 0.36
   82 K    -5   0  -5  -5  -8  -3  -4  -6  -5  -4  -5   8  -6  -7  -5  -5  -5  -7  -6  -7    0   2   0   0   0   0   0   0   0   1   1  96   0   0   0   0   0   0   0   0  2.53 0.88
   83 Y    -5  -6  -6  -7  -2  -5  -6   1  -5  -3  -2  -6  10  -4  -7  -6  -5  -5   4   0    0   0   0   0   1   0   0  12   0   0   1   0  64   0   0   0   0   0  16   6  2.19 0.81
   84 H    -5  -4   2  -2   0   3  -2  -6  10  -7  -7  -4  -6  -6  -6  -1  -3  -7  -2  -7    0   0  11   2   2  13   2   0  63   0   0   0   0   0   0   6   1   0   1   0  2.20 0.76
   85 G     0  -6  -5  -5  -6  -6  -6   7  -6  -8  -8  -6  -7  -7  -6  -3  -6  -7  -7  -7    7   0   0   0   0   0   0  92   0   0   0   0   0   0   0   1   0   0   0   0  2.39 0.78
   86 L     1  -5  -2  -5  -3  -4  -5  -5  -5   0   4  -4  -2  -3  -5   1   3  -5  -4  -2   13   0   2   0   0   0   0   0   0   5  49   0   0   0   0  13  17   0   0   0  0.75 0.42
   87 G    -3  -2  -4  -5  -7   1  -1   7  -6  -8  -8  -4  -6  -7  -6  -4  -5  -7  -7  -7    1   2   0   0   0   6   5  85   0   0   0   1   0   0   0   0   0   0   0   0  2.09 0.72
   88 N    -6  -5   9  -3  -8  -5  -5  -5  -4  -8  -8  -5  -7  -8  -7  -4  -5  -9  -7  -8    0   0 100   0   0   0   0   0   0   0   0   0   0   0   0   0   0   0   0   0  3.20 1.02
   89 D    -3  -4  -1   8  -7  -1   0  -5  -5  -7  -8  -1  -7  -8  -5  -1  -5  -8  -7  -7    2   1   2  82   0   2   5   0   0   0   0   3   0   0   0   4   0   0   0   0  2.15 0.75
   90 F    -6  -7  -7  -8  -3  -7  -7  -8  -5   2  -4  -7  -4   9  -8  -7  -6  -3   4  -4    0   0   0   0   1   0   0   0   0  12   0   0   0  78   0   0   0   0  10   0  2.50 0.80
   91 I    -4  -6  -6  -7  -4  -5  -6  -7  -6   5   1  -6   4   0  -6  -5  -4  -5  -2   5    0   0   0   0   0   0   0   0   0  28   8   0  11   4   0   0   0   0   1  48  1.28 0.51
   92 L    -4  -6  -6  -6  -4  -5  -6  -7  -5   4   2  -5   1  -1  -6  -5  -4  -5   2   5    0   0   0   0   0   0   0   0   0  19  20   0   4   2   0   0   0   0   8  48  1.13 0.47
   93 V    -1  -5  -5  -6  -4  -5  -5  -6  -5   4   3  -5  -1   1  -5  -4  -1  -4  -1   4    4   0   0   0   0   0   0   0   0  29  25   0   1   5   0   0   3   0   2  31  0.85 0.37
   94 D    -2  -4   3   7  -2   0   0  -4   0  -6  -6  -2  -5  -6   1  -3  -4  -6  -4  -5    4   0  12  64   1   3   3   0   2   0   1   1   0   0   7   0   0   0   1   0  1.46 0.55
   95 N     1  -2   2   2   0   0   1   1  -1  -2   0  -1   2  -3  -1   0  -1  -3  -2  -2   12   1  14  14   2   3   9  11   1   1  10   4   7   0   2   4   3   0   1   2  0.17 0.13
   96 R    -1   4  -2  -2  -1  -1   0  -3  -1   0   0  -1  -1   0   0  -2   0  -3  -1   1    3  32   1   2   1   2   5   2   1   7  11   2   1   5   4   2   6   0   1  10  0.27 0.18
   97 D    -1  -1   1   3  -2   1   1   1   0  -1  -2   0  -1  -2   0   0   0  -2  -1  -1    3   4   7  24   1   5  10  10   2   5   4   3   1   2   4   5   5   1   2   5  0.18 0.10
   98 S     1   1   0  -1  -1   1   0   1  -1  -2  -1   0  -1  -2  -1   1   2  -1  -1  -1   10   8   5   2   1   9   5   9   1   1   6   4   1   1   2  12  15   1   2   2  0.12 0.11
   99 S     1  -1   0  -2  -3   3   0   0  -1  -2  -1   1  -2   1   1   1   1  -3  -2  -2   11   2   4   0   0  16   5   7   1   2   5   8   0   7   8   9  12   0   1   2  0.18 0.16
  100 E    -1   1   2   2  -4   1   2  -2   1  -1  -1   1  -2   0   1  -1  -1  -4  -1  -1    3   6  11  13   0   5  15   1   4   3   8   8   0   5   6   2   3   0   2   5  0.18 0.14
  101 P     0  -2  -2   0  -3  -2   0  -3  -2   1   1   0  -2  -1   4  -1  -1  -3  -1   1    8   2   1   5   0   1   6   1   1  10  12   5   0   3  25   4   3   0   2  12  0.33 0.17
  102 K     0   1   0   1  -1   1   1  -1   1  -1  -1   1  -1   0   0   0  -1  -2   1  -1    6   7   5  10   2   4  10   3   5   3   6  12   1   5   4   5   3   0   7   3  0.08 0.07
  103 I    -2  -3  -1   1  -3  -2  -1  -4  -2   1   3  -2   1   2  -2  -2  -1   0  -2   1    2   1   3  10   0   1   3   1   1   8  34   2   3  11   2   2   4   1   0  12  0.28 0.19
  104 T    -1   0   0   0  -3  -2  -1  -4  -3  -2   0  -2  -3   0   1   2   4  -4  -2  -1    3   6   4   5   0   1   3   0   0   1   8   1   0   4   7  16  33   0   1   5  0.38 0.28
  105 Q     2  -2  -2  -1  -4   1   0  -1  -1  -4  -3   0  -4  -5   5   2   0  -5  -3  -3   17   1   2   3   0   6   6   3   1   1   3   4   0   0  32  14   5   0   1   1  0.62 0.31
  106 E     2  -1   0   2  -4   2   4  -2  -1  -3  -3   0  -4  -5   0  -1  -1  -2  -4  -3   20   2   3  10   0   7  34   2   1   2   1   3   0   0   5   3   3   1   0   1  0.51 0.30
  107 Q     0   0  -1   0  -3   3   1  -3   0   0   2   0   0   0  -3  -2  -1  -2  -2  -1   10   4   2   4   0  20   8   1   2   6  23   5   1   4   0   2   4   1   0   2  0.21 0.19
  108 A     5  -4  -5  -5  -1  -4  -3  -3  -4   4  -2  -3  -3  -4  -4  -2  -3   0  -1   3   46   1   0   0   1   0   1   1   0  24   2   1   0   0   0   2   0   1   2  17  0.85 0.44
  109 A     2   4  -3  -3  -2   2  -1  -4  -2   1  -3   3  -3  -5  -4  -1  -2  -5  -4   0   17  28   0   1   1  10   2   0   1  10   1  19   0   0   0   2   2   0   0   7  0.56 0.33
  110 K     2   3   1  -3  -4   2   0  -3  -1  -1  -2   3  -2   0  -4  -1  -2   1  -1  -3   23  14   6   0   0   9   5   0   1   5   4  22   0   4   0   1   0   2   1   0  0.38 0.27
  111 L     0  -5  -6  -6  -4  -4  -5  -6  -6   3   5  -5   3  -2  -5  -4  -4   3  -4   2    8   0   0   0   0   1   0   0   0  16  52   0   6   0   0   1   0   4   0  12  0.96 0.42
  112 C     4  -6  -5  -5   9  -5  -5  -2  -6  -3  -3  -5  -5  -6  -5   1  -4  -3  -6  -4   34   0   0   0  45   0   0   3   0   1   3   0   0   0   0  12   0   0   0   0  1.77 0.65
  113 D    -1  -3   3   7  -6  -1  -1  -3   4  -6  -5  -1  -5  -6  -5  -1  -2  -7  -5  -6    6   1  16  55   0   2   2   1   8   0   1   3   0   0   0   4   2   0   0   0  1.29 0.52
  114 R    -3   8  -3  -2  -7  -1  -2  -5  -2  -4  -6  -1  -5  -4  -2  -3  -5  -7  -3  -3    2  81   1   3   0   2   1   0   1   1   0   1   0   1   2   1   0   0   1   2  1.94 0.72
  115 N    -3   3   3  -1  -6  -1   0  -2   8  -6  -5  -1  -4  -2  -2  -2  -3  -5   2  -5    2  19  12   3   0   3   4   3  36   0   0   2   0   1   2   2   1   0   7   0  1.06 0.46
  116 F    -1   1  -2  -3  -3  -1   0  -3   1  -3  -1  -1  -1   6  -1  -2   3  -3   1  -3    4   9   1   1   1   2   7   2   3   0   4   4   1  33   3   2  20   0   3   1  0.51 0.31
  117 G    -2  -4  -4  -3  -5  -3  -4   7  -1  -6  -6  -4  -5  -4  -5   0  -2  -5  -3  -6    2   1   0   1   0   1   1  81   1   0   0   0   0   1   0   6   2   0   1   0  1.78 0.61
  118 V    -3  -3  -5  -4  -4  -5  -5  -6  -3   6   1  -5  -2   0  -5  -4  -1  -5  -3   4    2   1   0   1   0   0   0   0   1  46  13   0   0   4   0   1   3   0   1  26  1.01 0.41
  119 G    -3  -3  -4  -3  -6  -4  -3   7  -1  -7  -5  -4  -6  -1  -2  -4  -4  -6  -6  -6    1   1   0   1   0   1   1  85   2   0   1   1   0   3   2   0   1   0   0   0  1.95 0.67
  120 A     5  -4  -4  -2   5  -2  -4  -1  -4  -4  -4  -4  -4   5  -5   0  -3  -4   0  -2   44   1   0   3  14   1   0   3   0   0   0   0   0  22   0   7   0   0   2   2  0.96 0.46
  121 D    -6  -6  -3   8  -8   0  -3  -4  -5  -4  -8  -5  -7  -5  -6  -5  -5  -8  -7  -7    0   0   0  93   0   3   0   1   0   1   0   0   0   1   0   0   0   0   0   0  2.69 0.88
  122 G    -3  -4  -4  -4  -6   6  -3   6  -4  -3  -3  -4  -1  -6  -5  -4  -5  -6  -6  -6    1   0   0   1   0  42   0  51   0   2   3   0   1   0   0   0   0   0   0   0  1.64 0.67
  123 V    -3  -5  -5  -4  -1  -3  -5  -6  -5   3   4  -5   3   0  -5  -4  -2  -4  -3   3    1   0   0   1   1   1   0   0   0  15  43   0   7   4   0   0   2   0   0  23  0.83 0.36
  124 I    -3  -5  -6  -6  -4  -5  -6  -5  -6   5   4  -5   2  -3  -5  -5  -4  -5  -4   3    2   0   0   0   0   0   0   1   0  34  41   0   4   0   0   0   0   0   0  16  1.10 0.44
  125 F    -2   1  -5  -5  -2  -3  -4  -4  -1   3   3  -4   0   3  -5  -4  -2  -3   1   3    3   9   0   0   1   0   0   1   2  15  31   0   1  12   0   0   1   0   4  20  0.53 0.28
  126 A     0  -2  -4  -3  -2  -1   0  -3   2   3   1  -3  -2  -3  -4  -3  -2  -4  -1   4    8   2   0   1   1   2   6   2   6  19  10   0   0   0   0   1   1   0   2  37  0.50 0.29
  127 M    -1   0  -2   0   1   0   3  -3   0   1   2   0   0  -2   0  -1  -1  -4  -3   0    4   4   1   6   3   4  21   1   2   7  20   6   2   1   5   2   4   0   0   6  0.16 0.15
  128 P    -3  -1  -3  -4  -6  -4   0  -3  -3  -6  -4   0  -6  -3   8  -1  -2  -7  -1  -6    1   3   1   0   0   0   6   1   1   0   2   6   0   1  66   5   2   0   2   0  1.73 0.64
  129 G     0   1   1  -1  -2  -1  -1   2   1  -4  -3  -1  -3  -2   2   3   0  -4  -1  -3    7   7   5   3   1   2   3  16   3   0   2   2   0   2  11  25   5   0   2   2  0.30 0.21
  130 V     0   0   1   0   0   0   0  -2  -1  -1  -1   1  -1  -2  -2   1   1  -2   1   1    7   5   6   4   2   4   6   1   1   2   5   8   1   1   1  14  11   0   7  12  0.09 0.09
  131 N     0   0   1   4  -4   0   3  -1   1  -4  -4   0  -4  -5   2   1  -1  -5  -4  -3    9   5   8  23   0   3  17   3   4   0   1   3   0   0  10   9   2   0   0   1  0.45 0.25
  132 G     0   0   0   2  -1  -1   1   3  -3  -1  -3   1  -3  -4   0   0  -1  -4  -4  -2    8   4   5  11   1   2  11  28   0   4   2  10   0   0   5   4   2   0   0   3  0.30 0.18
  133 T     3  -2  -1   0   1  -2  -2  -1  -2   0  -1  -2  -2  -2  -1  -1   2  -3   2   1   31   1   2   5   3   1   1   4   1   4   7   1   1   1   3   3  16   0   8   8  0.26 0.22
  134 D    -3  -4  -2   7  -6  -2   0  -5  -5  -2  -5  -4  -6   0  -1  -1  -4  -2  -5  -3    2   0   1  71   0   1   6   0   0   2   1   0   0   5   3   4   0   1   0   2  1.59 0.61
  135 Y     2  -5  -3  -6  -1  -5  -5  -2  -4  -1  -2  -5  -3   6  -6  -4  -4   6   4   1   17   0   2   0   2   0   0   3   0   3   2   0   0  38   0   0   0  11  12  11  1.08 0.46
  136 A     0   3  -2  -3  -5   1   1  -3   4  -4  -4   2  -2   3  -4  -1  -1  -1   2  -4    7  20   1   0   0   6  11   2  12   0   0  11   1  15   0   4   4   1   7   0  0.50 0.29
  137 M    -4  -6  -6  -7  -2  -5  -6  -7  -4   1  -1  -6   8   0  -7  -6  -5   5   6   0    1   0   0   0   1   0   0   0   0   9   5   0  45   3   0   0   0   7  24   6  1.71 0.66
  138 R    -3   7  -2   3  -6  -1   0  -4   1  -1  -5   0  -5  -6  -5  -3  -2  -6  -5  -2    1  55   1  19   0   1   6   1   3   4   1   3   0   0   0   1   2   0   0   3  1.20 0.52
  139 I    -5  -6  -7  -7  -5  -6  -7  -7  -5   7  -2  -6   1   2  -7  -6  -4  -1   4   1    0   0   0   0   0   0   0   0   0  65   1   0   3   9   0   0   0   1  15   6  1.64 0.61
  140 F    -5   2  -6  -7  -6  -5  -6  -7   0   0  -1  -5  -4   7  -7  -5  -5   5   6  -1    0  10   0   0   0   0   0   0   2   5   4   0   0  45   0   0   0   7  24   4  1.54 0.57
  141 N    -6  -5   9  -3  -7  -3  -5  -5  -4  -8  -8  -5  -7  -8  -7  -4  -3  -9  -7  -8    0   0  99   0   0   1   0   0   0   0   0   0   0   0   0   0   1   0   0   0  3.11 1.00
  142 S     4  -2   1  -4   2  -3  -3  -2  -2  -1  -5  -3  -4  -5   0   4  -2  -6  -4  -2   42   2   7   0   4   0   0   1   1   4   0   0   0   0   5  32   1   0   0   1  0.81 0.45
  143 D    -6  -6  -1   9  -8  -5  -3  -6  -6  -8  -8  -5  -8  -8  -6  -4  -6  -9  -8  -8    0   0   2  97   0   0   0   0   0   0   0   0   0   0   0   1   0   0   0   0  2.93 0.94
  144 G    -4  -7  -5  -6  -7  -6  -6   8  -6  -8  -8  -6  -7  -8  -7  -3  -6  -7  -7  -8    0   0   0   0   0   0   0  99   0   0   0   0   0   0   0   1   0   0   0   0  2.69 0.85
  145 S    -3  -5  -1  -3  -5  -3  -3   0  -5  -6  -6  -4  -5  -4  -5   7   1  -7  -6  -6    0   0   3   1   0   0   1   7   0   0   0   0   0   1   0  80   7   0   0   0  1.68 0.72
  146 E    -1   0  -3  -2  -6   0   6  -5  -3   1  -3   1  -1  -5  -2  -1  -3  -6  -3  -1    4   4   0   0   0   2  58   0   0   7   3   6   2   0   2   4   0   0   1   5  0.95 0.48
  147 P     5  -5  -5  -5  -4  -4  -4  -1  -5  -3  -4  -4  -4  -5   1   1  -3  -6  -5   4   54   0   0   0   0   0   0   4   0   0   0   0   0   0   6  11   0   0   0  26  1.05 0.52
  148 E     0  -2  -1  -1  -5   2   5   1  -3  -6  -5   1  -1  -3  -4   0  -1  -5  -3  -5    7   1   2   1   0  10  45  12   0   0   0   8   1   1   0   8   3   0   0   0  0.77 0.41
  149 M     2  -4  -1  -5  -5   5  -4  -5   1  -3  -1  -2   8  -2  -6  -3  -4  -6  -5  -4   16   0   3   0   0  23   0   0   3   1   4   1  45   1   0   1   0   0   0   0  1.43 0.64
  150 C    -5  -9  -8  -9  12  -8  -9  -8  -8  -6  -6  -8  -7  -8  -8  -4  -6  -8  -8  -6    0   0   0   0  99   0   0   0   0   0   0   0   0   0   0   1   0   0   0   0  4.39 1.18
  151 G    -4  -7  -5  -6  -7  -6  -7   8  -6  -4  -8  -6  -7  -8  -7  -5  -6  -7  -7  -7    0   0   0   0   0   0   0  99   0   1   0   0   0   0   0   0   0   0   0   0  2.68 0.85
  152 N    -6  -5   9  -3  -8  -5  -5  -5  -4  -8  -8  -5  -7  -8  -7  -4  -5  -9  -7  -8    0   0 100   0   0   0   0   0   0   0   0   0   0   0   0   0   0   0   0   0  3.20 1.02
  153 G     2  -6  -5  -5  -6  -6  -6   7  -6  -7  -7  -5  -6  -7  -6  -4  -5  -7  -7  -6   17   0   0   0   0   0   0  83   0   0   0   0   0   0   0   0   0   0   0   0  2.14 0.73
  154 V     3  -4  -4  -4  -3  -4  -4  -2  -4   3   1  -4   2  -3  -4   1   2  -5  -4   1   26   0   0   0   0   0   0   2   0  20  11   0   5   0   0   9  16   0   0  10  0.51 0.32
  155 R    -6   9  -5  -6  -8  -3  -5  -7  -5  -8  -5  -2  -6  -7  -7  -5  -6  -7  -6  -7    0  99   0   0   0   0   0   0   0   0   1   0   0   0   0   0   0   0   0   0  2.96 0.96
  156 C    -2  -7  -7  -8  11  -7  -8  -7  -7  -3  -4  -7  -5  -6  -7  -5  -1  -7  -7   1    3   0   0   0  79   0   0   0   0   1   1   0   0   0   0   0   5   0   0  10  3.14 0.92
  157 F    -1  -5  -6  -6  -4  -5  -5  -6  -5   0   1  -5  -2   6  -6  -3  -3  -4  -1   5    5   0   0   0   0   0   0   0   0   2  11   0   0  38   0   1   1   0   1  40  1.21 0.49
  158 A     6  -4  -4  -4  -3  -4  -4   1  -4  -2  -4  -4   0  -2  -3   0  -1  -5  -4   1   63   0   0   0   0   0   0  10   0   1   0   0   2   2   1   4   4   0   0  12  0.99 0.47
  159 R     0   5  -3  -3  -5   0  -2  -4   4  -4  -1   4  -1  -3  -4  -2  -3   1  -1  -2    8  34   0   1   0   4   1   1  11   0   8  22   2   1   0   1   1   2   2   2  0.70 0.35
  160 F    -1  -4  -5  -6  -5  -3  -5  -5   0  -2   0  -5  -3   7  -5  -4  -4   4   6  -3    6   1   0   0   0   1   0   0   2   2   8   0   0  40   0   0   1   6  31   1  1.43 0.52
  161 I     1  -4  -5  -5  -3  -4  -5  -5  -2   2   3  -4   0  -2  -4  -3  -3  -4  -3   4   11   0   0   0   0   0   0   0   1  12  33   0   1   1   0   2   0   0   0  37  0.78 0.36
  162 A     2   1  -2  -2  -1   0  -2  -1   1  -1  -1  -1   0   1  -2  -1   0   2   4   0   21   9   1   1   1   4   1   3   4   4   6   4   2   5   1   4   5   3  17   6  0.19 0.15
  163 E     0   2  -1   3  -4   2   3  -3   2  -2  -3   1  -3  -4  -2  -1  -2   1  -2  -3    7  14   2  19   0   7  23   1   5   2   2   6   0   0   2   4   1   2   1   1  0.44 0.23
  164 L     0  -1  -1  -1  -1  -1   0  -2   1   0   2   0   2  -1  -2   0  -1   1   0   0   11   3   3   3   1   2   7   2   4   5  23   7   6   1   2   5   3   2   4   5  0.05 0.06
  165 E     0   1   1   1  -3   0   1   1   3  -2  -2   2  -1  -1  -2   0  -1  -3  -1  -3    7   7   6   6   0   3  11  12   8   2   3  19   1   2   1   6   3   0   1   1  0.19 0.13
  166 N    -1   0   1   0  -4   0  -1   4   1  -1  -1   0  -3  -3  -2   0   0  -4  -2  -3    2   5   6   5   0   4   2  38   5   4   7   7   0   1   1   5   7   0   1   1  0.38 0.21
  167 L    -1  -2  -4  -3  -3  -1  -2  -3   0   2   4  -3   2  -2  -2  -2  -1  -3  -1   1    5   2   1   2   0   2   3   2   3  13  46   1   4   0   2   2   3   0   1   8  0.45 0.23
  168 Q     0   0   1  -2  -2   0   1  -2  -3  -1  -3   1   0  -4  -1   0   4  -4  -3   1    7   4   6   1   0   4  12   2   0   3   1   7   2   0   3   7  32   0   0   9  0.33 0.24
  169 G     0  -1   2   1  -2   0   0   3   0  -3  -2   1  -3  -2   0   0   0  -4  -2  -2    8   2  12  10   1   3   4  25   2   0   3   9   0   1   3   7   5   0   1   2  0.27 0.16
  170 K     0   2   1  -1  -2   1   1  -1  -3  -2  -3   5  -2  -5  -1  -1  -2  -5  -4  -3    6  12   6   2   1   5   9   4   0   3   1  42   1   0   2   3   2   0   0   1  0.59 0.31
  171 H    -1   2   1   2  -3   1   1  -1   2  -2  -2   2  -1  -3  -1   0   0  -4  -2  -2    3  14   8  13   0   7   7   4   6   2   3  13   2   0   2   6   7   0   1   2  0.24 0.15
  172 S     0   1   0   2  -2   0   2  -1  -1  -2  -3   1  -2  -3   0   1   1  -4  -2   0    9   9   4  12   0   2  15   4   1   2   1   7   0   1   4  12   8   0   2   7  0.19 0.14
  173 F    -3  -4  -5  -4  -4  -5  -5  -6  -4   4   2  -3   1   6  -3  -5  -4  -1   1   2    2   1   0   1   0   0   0   0   0  27  15   1   3  32   1   0   0   1   4  11  0.89 0.38
  174 T     0   3   0  -2  -1  -1  -1  -3  -1  -1  -1   1  -1  -3  -2   0   3  -4  -2   0    5  19   3   2   1   2   3   0   1   4   7   8   1   1   2   7  24   0   1   8  0.27 0.21
  175 I    -3  -5  -5  -4  -4  -5  -5  -5  -5   4   1  -3  -1   3  -5  -4  -3  -4  -3   5    0   0   0   1   0   0   0   0   0  27  12   2   1  11   0   0   0   0   0  42  0.99 0.40
  176 H    -1  -1  -2   0  -2   2   5   1   1  -4  -3  -2   0  -5  -2   1  -3  -5  -4  -3    6   3   0   5   1   7  42  11   4   0   3   1   2   0   2  12   0   0   0   2  0.60 0.34
  177 T    -2  -5  -2  -5  -5  -4  -5  -5  -5  -1  -4  -4  -4  -6  -4   1   7  -6  -5   0    3   0   2   0   0   0   0   0   0   3   1   0   0   0   1   9  75   0   0   6  1.64 0.68
  178 G     0   2  -1  -2  -2   0  -1   1  -3  -1   2   1   2  -3   0  -1  -1  -4  -3   0    9  13   3   2   0   3   2  14   0   1  24   8   6   0   4   4   1   0   0   6  0.15 0.15
  179 A     5  -1   1  -2  -3  -2  -2   0  -1  -3  -2   1  -3  -4  -3   1   0  -5  -4  -2   46   3   8   1   0   0   1   6   1   1   3   8   0   0   1  12   6   0   0   1  0.54 0.33
  180 G    -2  -1  -2  -2  -6  -4  -4   7  -5  -7  -7   0  -6  -6  -3  -2  -3  -6  -4  -6    2   3   1   2   0   0   1  79   0   0   0   5   0   0   1   3   2   0   1   0  1.72 0.61
  181 L    -1   1  -2  -3  -3  -2  -2  -4  -2   3   2   0  -1  -1  -1  -2   0  -4  -3   2    5   7   2   1   0   1   3   1   1  22  20   8   0   2   4   2   5   0   0  17  0.26 0.19
  182 I    -3  -1  -4  -3  -4  -3  -4  -3   1   5   3  -1   3  -2  -4  -2  -2  -4   0   2    0   3   0   2   0   1   0   2   4  32  24   5   8   0   0   3   2   0   4  11  0.54 0.29
  183 V     0   0   0  -1   0   0   2  -3  -1   1   0   1   0  -2  -1   0   1  -1  -2   1    6   3   6   1   2   2  16   0   2   7   8   8   2   1   2   6  11   1   1  16  0.10 0.12
  184 P     1  -1  -3  -3   2  -2  -2   0   0   0   2  -3  -2  -3   3   0  -1   0  -3   1   15   3   0   0   5   1   2   6   3   4  20   0   0   0  16   6   2   1   0  13  0.26 0.19
  185 E    -1   2   0   1   0   1   3  -3   2  -2  -2   2  -3  -2  -3   0   1  -1  -1  -1    5  12   4   9   2   5  19   0   5   2   3  11   0   1   0   4  10   1   2   4  0.24 0.17
  186 I    -1   0  -3  -3  -2  -3  -1  -3  -3   3   2  -2   2   0  -4  -3  -2  -2  -1   3    4   7   0   2   0   0   5   2   0  17  19   2   5   4   0   1   1   0   2  28  0.36 0.22
  187 Q     0   1   1   0  -3   3   2  -2   2  -2  -1   0  -1  -2   0  -1   0  -4  -1  -2    6   6   7   5   0  17  16   2   6   2   7   5   2   2   3   3   7   0   2   3  0.20 0.15
  188 D     1   0   1   4  -3   0   2   0  -1  -1  -2   0  -3  -4   0   0   0  -4  -3  -2   13   5   5  23   0   3  15   6   2   4   3   5   0   0   4   6   5   0   0   3  0.27 0.17
  189 D    -1  -3   2   6  -5  -2   2  -1  -1  -4  -3  -1  -1  -2  -1   0  -1  -2  -3  -3    6   0  11  42   0   1  12   4   1   1   3   3   1   1   3   5   4   1   1   2  0.66 0.32
  190 G     0  -1   3   1  -4  -3  -1   5  -3  -4  -3   0  -4  -5  -4  -1  -2  -5  -4  -4    6   3  15   8   0   0   4  47   0   1   2   5   0   0   0   3   2   0   0   0  0.78 0.34
  191 Q    -1   1   1   1  -3   2   0  -2  -2  -1   1   1   1  -2  -2   0   1   2  -3  -2    4   9   7   7   0  12   6   3   0   2  16  10   3   1   1   6   8   3   0   2  0.15 0.14
  192 V    -2  -5  -5  -5  -3  -5  -4  -6  -5   4  -2  -5  -2   1  -2  -4  -3  -1   2   6    2   0   1   0   0   0   1   0   0  24   1   0   0   5   2   0   1   1   7  52  1.07 0.45
  193 K     0   2  -1  -3   2   0   0  -2  -3  -4  -2   2  -3  -4  -3   2   4  -4  -4  -2    5  11   2   0   5   4   6   2   0   0   3  14   0   0   0  18  27   0   0   2  0.46 0.29
  194 V    -2  -6  -6  -6  -4  -6  -6  -6  -6   1  -2  -6  -3  -3  -6  -3  -3  -6  -5   7    2   0   0   0   0   0   0   0   0   6   2   0   0   1   0   2   1   0   0  86  1.89 0.69
  195 D    -1  -4   4   6  -6  -2   2  -3  -2  -6  -4  -2  -5  -4  -4  -2  -3  -2  -3  -5    5   0  21  50   0   1  10   1   1   0   2   2   0   1   0   2   1   1   1   0  1.19 0.49
  196 M    -5  -5  -6  -4  -5  -5  -6  -5  -3   1   1  -5  10  -4  -6  -5  -5  -6  -5   0    0   0   0   1   0   0   0   1   1   6  10   0  73   0   0   0   0   0   0   6  2.38 0.81
  197 G    -2  -5  -1  -4  -5  -4  -4   7  -2  -6  -6  -2  -5  -5  -1  -1  -1  -5  -5  -5    1   0   2   0   0   0   1  78   1   0   1   3   0   0   3   4   4   0   0   0  1.64 0.56
  198 T     0   1  -1  -2   0   1   2  -2  -1   0  -1   1  -1  -2   2   0   0  -3  -2   1    9   6   3   1   2   5  16   1   1   5   4  11   2   2  11   4   5   0   1  13  0.15 0.12
  199 P    -1  -5  -5  -3  -5  -4  -3  -4  -5  -4  -5  -2  -3  -5   8  -4  -4  -6  -5   1    6   0   0   2   0   0   2   1   0   0   1   2   1   0  73   1   1   0   0   9  2.04 0.66
  200 I    -1   3   0  -1  -2   0   0  -2   0   1   0   1   0  -1  -2   0   0  -3  -1   1    3  19   4   3   1   4   6   2   2  13   8   8   2   2   1   8   4   0   2  10  0.11 0.10
  201 L    -3  -3  -5  -5  -4  -4  -5  -3  -2  -1   3  -3  -2   7  -5  -4  -2   3   1   0    1   1   0   0   0   0   0   2   1   3  31   2   0  42   0   1   2   3   4   5  0.99 0.39
  202 K     0   1   2   2  -2   0   3   0  -1  -2  -2   2  -2  -4  -1   0  -1   0  -3  -2    6   8   9  13   1   1  19   6   1   2   5  14   1   0   2   5   3   1   0   2  0.24 0.16
  203 A     2   0  -3  -3  -1  -3   0  -2  -1  -2  -2  -2  -3  -3   5  -1  -2   7  -3  -1   17   5   1   1   1   0   6   3   1   3   3   2   0   1  29   4   1  15   0   4  0.74 0.33
  204 Q     1   0   1   1  -3   2   2  -1   0  -3  -2   2  -2  -3  -1   1   0  -2  -2  -2   15   5   6   6   0  11  12   4   2   1   3  14   0   0   2  10   4   0   1   2  0.22 0.15
  205 D    -1   1   0   4  -4   2   3  -2  -1  -2  -2   1  -3  -4  -3  -1   0   2  -3  -3    4   7   4  23   0  10  20   2   1   2   3   9   0   0   1   3   5   3   0   1  0.43 0.23
  206 V    -3  -4  -5  -5  -3  -4  -4  -5  -5   6   1  -4   3  -1  -4  -3  -1  -4  -3   2    1   0   0   1   0   0   1   1   0  56  11   1   7   2   0   2   4   0   0  11  1.05 0.40
  207 P    -3  -3  -5  -4  -5  -2  -2  -2  -5  -2  -3  -2  -5  -1   8  -3  -4  -5  -5  -5    2   1   0   0   0   2   2   4   0   2   3   2   0   3  74   2   1   0   0   1  2.00 0.65
  208 T    -1  -2  -2  -2  -2  -2  -2  -3  -3   0   2  -2   2   3  -1   0   2  -2  -1   2    5   2   1   2   0   1   3   2   0   4  19   1   6  16   3   6  13   0   1  16  0.22 0.15
  209 K     2   1   1   0  -2   0   0  -1   0  -1  -1   1  -1  -2  -1   0   1  -2  -2  -1   19   9   7   6   0   3   5   4   3   3   7  11   1   1   2   7   7   0   1   4  0.09 0.07
  210 L     1   0  -2  -2  -1  -1   1  -2  -1   0   1  -1   1   0   0  -1   0   0   0   1   15   5   1   2   1   2   9   3   1   6  19   2   5   4   5   3   5   2   3   9  0.06 0.07
  211 S     1  -1  -1   1  -2   0   2  -1  -1  -1  -1   1  -1  -1   2   0   0  -2  -2  -1   12   1   2   8   0   3  14   5   1   4   7   9   2   3   9   8   6   0   1   4  0.10 0.07
  212 G     0  -1   0   0   0   0  -1   3   0  -1  -2   0   1   1  -1  -1   0   0   0  -1    9   2   4   4   2   5   4  26   2   2   3   7   4   8   2   3   5   1   2   5  0.13 0.08
  213 N    -1   0   2   2  -1   0   1   0   1  -1  -1   0  -1   0   1   0   0  -1   0  -1    5   6  10  12   1   4  10   6   4   3   5   3   1   5   7   8   5   1   2   2  0.10 0.06
  214 K     0   1   0   2  -2   1   1   0  -1  -2  -2   2  -2  -1   0   0   0  -2  -2  -2    7   8   3  16   1   5  11   6   1   1   3  14   1   2   4   6   7   0   1   3  0.18 0.09
  215 G     0   0   0   1   0   0   0   2  -1  -1   0   0  -1  -1   0   0   1  -2  -1  -1    8   5   4   9   2   2   5  16   1   5   9   8   1   2   4   5  12   0   1   3  0.07 0.05
  216 E    -1   2   1   1  -1   1   3  -2   1  -2  -2   0  -2  -1  -1   0   1   1  -1  -2    4  13   6   7   1   6  21   3   4   2   3   5   1   3   3   5   8   2   2   2  0.20 0.13
  217 A     1   1   0  -1  -2   1   1  -1  -1  -1  -1   1   1  -2   0   0   0  -1   2   0   17  10   4   2   0   5   7   3   1   3   5  10   5   1   4   4   3   0   9   6  0.09 0.09
  218 V     0  -1  -2  -1  -1   0  -1  -3  -1   2   1  -2   1   2   0  -2   0  -1  -1   2    6   4   2   3   1   4   4   1   1  18  10   1   3  10   5   2   5   1   1  18  0.13 0.10
  219 V     0  -1  -2  -1  -2  -1  -1  -1  -1   2   1  -2   0   1  -1  -1   0   0   0   2    7   2   2   3   0   3   4   5   1  18  17   2   1   5   3   2   4   1   4  16  0.09 0.08
  220 E     0   0   1   2  -3   1   3  -1   1  -2  -1  -1  -1  -2  -1   0   0  -2   0  -1    7   6   8  12   0   7  21   5   3   2   5   2   1   2   3   4   5   0   3   3  0.18 0.11
  221 A     0   0   0   0  -2   0   1   0   0  -1   0   1  -1  -1   0   0   0   2   1  -1   11   4   6   3   0   4  10   8   2   4   9   8   1   2   4   3   6   3   6   5  0.04 0.04
  222 E    -1  -1   1   1  -3   1   3   0  -2  -1  -2   0  -2  -2   3   0   0  -3  -1  -1    4   3   7   7   0   5  23   8   0   4   2   5   0   1  14   5   5   0   2   4  0.25 0.14
  223 L    -1  -1  -2  -2  -2  -2  -2  -3   0   2   3  -1   2   2   0  -1  -1  -2   1   0    5   3   1   2   1   1   2   2   2  11  33   3   4   8   4   4   2   0   6   6  0.22 0.14
  224 V     0  -1  -1   0  -2   1   1  -2  -1   1   0  -1   0  -1   1   0   0  -1  -1   1    7   2   1   5   0   8  10   3   1  13  10   3   2   2   7   5   7   1   2  11  0.07 0.07
  225 V     0  -3  -2   0  -2  -2  -2  -2  -2   2   1  -1   0   1  -2  -2   0   0  -1   3    6   1   1   7   0   1   3   2   1  13  14   3   2   5   2   1   4   1   1  31  0.24 0.15
  226 D     0   0   2   3  -1   0   1   2   0  -2  -2   0  -2  -3   0  -1  -2  -3  -3  -3    9   5   9  20   1   3   7  20   2   2   5   4   1   1   5   3   1   0   0   1  0.27 0.15
  227 G     0  -3   1   1  -4  -2  -1   5  -3  -2  -2  -1  -3  -4   2  -1  -1  -4  -3  -3    6   1   6   7   0   2   3  44   0   2   3   3   1   0  11   4   3   0   1   1  0.59 0.26
  228 V     0   1  -1  -1  -2   1   0  -1   0   1  -1   1   0  -1   0  -1   0  -2  -1   0    8  11   3   2   1   7   7   3   2  14   5   9   3   3   4   2   5   0   2   8  0.06 0.07
  229 S     0   1   0   1  -2   0   1  -2  -1  -1   0   0  -1  -2   1   0   2  -3  -2   0    5   9   4   9   1   4  11   2   1   4   9   6   1   1   7   6  16   0   1   5  0.12 0.09
  230 W     0  -1  -2  -2  -2   0   0  -3   2   0   1   0   0   3  -2  -2  -2   5   2   0    7   3   1   1   1   5   5   2   6   5  13   6   2  14   1   1   1   9   8   9  0.22 0.13
  231 N     0   1   1   1  -2   0   1  -2   1  -2  -1   1  -1  -1   1   1   1   2   0  -2    7   7   8   7   1   4  10   2   3   2   5   8   1   2   8   8  12   3   3   1  0.14 0.09
  232 V    -1  -3  -3  -3   1  -3  -3   1  -3   2   1  -3   0   3   0  -2  -1  -2  -1   2    6   1   1   1   4   1   1  11   0  15  12   1   2  15   6   2   3   0   1  19  0.26 0.16
  233 T     1  -2  -2  -2   2  -2  -2   0  -1  -1   0  -2  -1  -1  -2   2   3  -1   1  -1    9   1   1   2   4   1   1   9   1   4  12   1   1   2   1  19  22   1   4   4  0.21 0.17
  234 C     4  -3  -3  -4   6  -3  -3   0  -4  -2   0  -3  -2   0  -3  -1  -1  -4  -3   2   38   1   1   1  18   1   1   6   0   1   7   1   1   4   1   2   2   0   0  13  0.60 0.30
  235 V    -1  -5  -5  -6   1  -5  -5  -5  -6   3  -1  -5   0  -4  -5  -4  -3  -5  -4   6    5   0   0   0   3   0   0   0   0  14   5   0   2   0   0   0   0   0   0  68  1.34 0.52
  236 S    -1  -3   3   3  -3  -3  -3  -2  -2  -5  -4  -3  -5  -2  -4   6  -1  -6  -5  -5    3   1  13  18   1   0   0   2   1   0   2   0   0   2   0  56   2   0   0   0  1.09 0.52
  237 M    -4  -5  -5  -6  -5  -4  -5  -6  -5   2  -1  -5   9  -4  -5  -4   2  -5  -5   3    0   0   0   0   0   0   0   0   0  11   3   0  52   0   0   0  13   0   0  19  1.66 0.64
  238 G    -4  -6  -4  -5  -6  -6  -6   8  -6  -8  -8  -5  -7  -7   0  -4  -4  -7  -7  -7    0   0   0   0   0   0   0  94   0   0   0   0   0   0   5   0   1   0   0   0  2.44 0.79
  239 N    -5  -5   9  -3  -6  -4  -5  -5  -4  -5  -6  -4  -6  -7  -4  -2  -4  -8  -6   2    0   0  83   0   0   0   0   0   0   0   0   0   0   0   1   2   0   0   0  14  2.36 0.83
  240 P    -6  -7  -7  -6  -8  -6  -6  -7  -7  -7  -4  -6  -7  -8   9  -6  -6  -9  -8  -7    0   0   0   0   0   0   0   0   0   0   2   0   0   0  98   0   0   0   0   0  3.36 1.04
  241 H    -7  -5  -4  -6  -8  -5  -5  -7  11  -9  -8  -6  -7  -6  -7  -6  -7  -8  -3  -8    0   0   0   0   0   0   0   0 100   0   0   0   0   0   0   0   0   0   0   0  4.17 1.18
  242 C     4  -5  -5  -6   7  -5  -5  -3  -2   0   2  -5  -1  -1  -5  -3  -2  -5  -4   1   35   0   0   0  24   0   0   1   1   3  20   0   1   3   0   0   2   0   0   9  0.92 0.43
  243 I    -1  -6  -7  -7  -4  -6  -6  -7  -7   5  -2  -6  -3  -4  -6  -5  -2  -6  -5   7    5   0   0   0   0   0   0   0   0  27   1   0   0   0   0   0   1   0   0  66  1.66 0.63
  244 T    -1  -2  -3  -1   2   1  -2  -2  -1   3  -1  -2   0   4  -3  -2   1  -2  -1   1    6   2   1   3   4   8   1   4   2  21   4   1   2  18   1   1  11   0   1  10  0.25 0.18
  245 F    -1  -2  -4  -4  -3  -3  -3  -4  -3   0   1  -3  -1   7  -3  -3  -3   4   2   1    5   2   1   1   0   1   1   1   0   6  10   1   1  46   1   1   1   6   4   8  0.89 0.32
  246 G    -1  -2  -1   0   1  -1  -1  -1  -1   0   0  -1   0  -1  -1   0   0   1  -1   4    5   2   2   5   4   2   3   5   1   4   8   2   2   2   2   8   4   2   1  37  0.19 0.11
  247 K     0   0   1   2  -2   1   2  -1   0  -2  -2   1  -1  -2   0   0  -1  -2  -1  -1    7   3   5  15   1   4  18   4   2   2   5  12   1   2   5   6   3   1   1   4  0.18 0.07
  248 K    -1   1   2   2  -1   1   1  -1   0  -1  -1   0  -1  -1  -1   0   0  -1  -1  -1    5   7  10  15   1   5   7   5   3   3   7   6   1   2   3   9   4   1   2   5  0.10 0.03
  249 G     0   0   0   1  -1   0   1   0   0  -1  -1   0   0  -1   0   0   0   0   0  -1    8   5   6   7   2   4  10   9   2   4   8   7   2   3   4   7   5   1   3   5  0.04 0.00
  250 G     0   0   0   1  -1   0   0   0   0  -1   0   0   0  -1   1   0   0   0   0   0    8   5   5   8   2   4   6   9   2   4   8   5   2   3   7   7   5   1   3   6  0.04 0.00
  251 P     0   0   0   0  -1   0   1   0   0   0   0   0   0  -1   2   0   0   1   0   0    7   4   3   4   1   5   8   6   2   4  10   5   3   3  12   6   5   2   2   6  0.07 0.01
  252 N     0   0   0   1  -1   0   0   0   0   0   0   0   0  -1   0   0   0  -1   0   0    6   4   6   9   1   4   6   7   2   4  11   5   2   3   4   7   7   1   3   9  0.02 0.00
  253 L     0  -1   0   0  -1   0   0  -1  -1   1   1  -1   0   0   0   0   0  -1   0   0    9   3   4   6   1   5   6   5   1   9  20   3   2   2   4   5   4   1   3   7  0.02 0.01
  254 K    -1   1   0   2  -1   1   2  -1   0  -2  -1   1  -1  -2   0   0   0  -2  -1  -1    5   7   5  14   1   5  15   3   2   2   5   7   2   2   4   8   7   1   1   4  0.13 0.06
  255 V     1  -4  -4  -5  -3  -4  -3  -4  -2   2   1  -4  -1  -1  -1  -3  -1  -4  -1   5   10   0   0   0   0   0   1   1   1  10  11   0   1   2   3   1   2   0   2  53  0.76 0.35
  256 D    -1  -3   2   6  -5   0   2  -3  -2  -4  -2  -2  -2  -5  -2   0  -2   1  -4  -4    5   0   8  46   0   4  14   1   1   1   4   2   1   0   2   5   2   2   0   1  0.82 0.36
  257 D     0  -2   1   5  -4   0   1  -2   0  -4  -2  -1  -4  -4  -3   1   1  -5  -3  -4    9   2   6  38   0   5   8   2   2   1   5   2   0   0   0   9  10   0   1   0  0.59 0.30
  258 L     1  -3  -4  -3  -1  -3  -2  -4  -3   3   2  -3   0   1  -4  -2  -1  -3   1   2   12   0   0   1   1   1   3   0   0  20  22   1   2   6   0   3   3   0   5  18  0.35 0.20
  259 N     0  -2   3   4  -4  -1   1  -2  -1  -4  -4  -1  -4  -1   3   0  -1  -5  -2  -3    9   2  13  28   0   2  10   3   1   0   1   3   0   3  15   5   3   0   1   1  0.52 0.27
  260 L     1  -2  -4  -3  -1  -3  -3  -4  -4   1   3  -2  -1   0  -4  -3  -1  -4  -3   4   10   2   0   1   1   1   1   1   0   6  35   2   0   4   0   0   4   0   0  30  0.52 0.29
  261 P     2   0  -1   0  -3   1   2  -1   0  -2  -1   0  -1  -2   2   0   0  -4  -2  -2   18   5   2   5   0   7  16   4   2   2   8   5   1   2  10   5   5   0   0   2  0.17 0.13
  262 E    -1   2   0   1  -4   1   3  -1  -1  -2  -2   2  -3  -4  -1   0   1  -4  -3  -1    5  15   4   7   0   6  19   5   1   2   2  10   0   0   2   5  11   0   0   5  0.25 0.17
  263 I    -2  -3  -4  -3  -2  -3  -2  -5  -3   3   3  -2   1   2  -4  -3  -1   2   1   2    2   1   0   1   1   1   3   0   0  18  32   2   2  10   0   1   3   3   5  16  0.48 0.25
  264 G     0  -4  -2  -1  -5  -4  -2   7  -5  -6  -4  -4  -5  -6  -5  -2  -4  -5  -3  -6    6   1   2   3   0   0   3  77   0   0   2   0   0   0   0   3   0   0   1   0  1.63 0.58
  265 P     0   0  -4  -3  -5   0  -1  -4  -5  -5  -3   0  -5  -5   7  -1  -3  -6  -5  -5    8   4   1   1   0   4   4   1   0   0   3   6   0   1  61   5   1   0   0   0  1.54 0.57
  266 K     0   0  -1  -2  -1   0   0  -2  -3   0   2   2   0  -1  -1  -1  -1  -3  -1   1    8   5   2   1   1   3   6   2   0   5  25  16   2   3   2   4   2   0   2  10  0.12 0.13
  267 F    -2  -4  -4  -5  -4  -4  -5  -2  -2   4   4  -3   0   2  -2  -3  -3  -4   0   1    2   0   1   0   0   0   0   3   1  26  40   2   1  10   2   2   1   0   2   7  0.64 0.31
  268 E    -2   1  -3   0  -3   2   6  -3  -3  -5  -1  -2  -4   0  -4  -2  -2  -5  -4  -4    2   8   1   3   1   7  60   2   0   0   6   0   0   4   0   2   2   0   0   0  1.08 0.50
  269 H     0   1   3   0  -2   0  -1  -2   5  -3  -3   2  -3  -1  -2   0   0  -4   1  -1    8   9  16   5   1   4   1   2  16   1   1  12   0   2   1   8   5   0   4   4  0.33 0.22
  270 H    -2  -1   2   1  -6  -3  -3  -3   9  -6  -5  -1  -5  -4  -4   0  -3  -5   0  -6    4   3  10   9   0   0   1   2  55   0   1   4   0   0   1   7   1   0   2   0  1.60 0.59
  271 E     1  -3  -1  -1  -5   0   4  -3   1  -5  -5  -1  -2  -5   6  -1  -2  -6  -5  -2   10   1   3   3   0   4  25   2   3   0   1   4   1   0  35   4   2   0   0   3  0.86 0.40
  272 M     0   3  -2  -2   0   0  -2  -3  -2   2   2  -1   1  -1  -3  -2  -1  -3   0   0   11  18   2   2   2   5   1   1   0  13  26   2   4   2   0   1   3   0   4   3  0.24 0.19
  273 F    -6  -7  -7  -7  -6  -5  -7  -7  -5  -4  -3  -7  -4   9  -7  -6  -4  -3   2  -3    0   0   0   0   0   1   0   0   0   0   2   0   0  89   0   0   1   0   4   2  2.80 0.86
  274 P    -1  -6   0  -5  -7  -3  -3  -6  -6  -7  -5  -4  -6  -7   8  -4  -5  -8  -7  -5    4   0   4   0   0   1   2   0   0   0   1   1   0   0  85   1   0   0   0   1  2.64 0.85
  275 A     1   0   1   3  -5   2   5  -3   0  -5  -4   1  -4  -5  -3  -3  -3  -5  -2  -5   12   5   7  15   0  11  36   1   2   0   2   7   0   0   1   0   0   0   1   0  0.70 0.37
  276 R    -4   6   1  -3  -6  -2  -4   4  -1  -6  -6   2  -5  -6  -3  -2  -3  -3  -5  -4    0  41   6   1   0   1   0  34   1   0   0  10   0   0   1   2   1   0   0   1  1.11 0.49
  277 T     3  -5  -5  -5   1  -5  -5  -5  -6   2  -3  -5  -3  -4  -5  -2   3  -6  -4   5   21   0   0   0   3   0   0   0   0  12   0   0   0   0   0   2  16   0   0  45  0.96 0.47
  278 N    -6  -5   9  -3  -7  -5  -5  -5  -4  -8  -8  -5  -7  -8  -3  -4  -5  -9  -7  -4    0   0  97   0   0   0   0   0   0   0   0   0   0   0   1   0   0   0   0   1  3.01 0.99
  279 T     1  -6  -6  -3  -4  -5  -5  -6  -6   4  -2  -5  -3  -3  -5  -4   0  -6  -3   6   11   0   0   1   0   0   0   0   0  24   0   0   0   0   0   0   5   0   1  57  1.25 0.52
  280 E    -1  -3   3   0  -5  -1   4   4   0  -6  -6  -3  -5  -6  -4   2   0  -6  -5  -5    3   0  15   4   0   1  27  27   2   0   0   0   0   0   0  14   7   0   0   0  0.73 0.38
  281 F    -5  -6  -7  -7  -6  -6  -7  -7  -3   2   0  -6  -3   8  -3  -6  -5   1   0   0    0   0   0   0   0   0   0   0   0  12   7   0   0  68   2   0   0   1   1   7  1.88 0.64
  282 V     3  -5  -5  -6  -2  -4  -5  -5  -5   2   1  -5   6  -3  -5  -4  -3  -5  -4   4   26   0   0   0   1   0   0   0   0   8  11   0  22   1   0   0   0   0   0  31  0.93 0.44
  283 E    -3   0  -2  -2  -1   6   4  -5   2  -4  -5   2  -3  -6  -4  -1   1  -5  -4  -3    1   4   2   1   1  37  23   0   5   1   0  11   0   0   0   4   9   0   0   1  0.92 0.46
  284 V    -1  -1  -5  -3  -4  -3  -3  -4  -5   5  -1  -3  -1  -3  -1  -4  -2  -5  -4   5    5   4   0   1   0   1   1   1   0  29   3   1   1   0   4   0   1   0   0  46  0.88 0.40
  285 L    -2  -1  -3  -1  -2  -2   0  -4  -2   2   2  -1   0  -2   0  -2   1  -4  -3   3    2   4   1   4   0   1   6   1   1  15  25   3   2   0   4   1   9   0   0  22  0.29 0.19
  286 S     0   0   3   4  -2  -2  -1   1  -1  -5  -5   0  -4  -5  -2   3  -1  -5  -4  -3    5   4  15  21   1   0   3  11   1   0   0   7   0   0   2  27   1   0   0   2  0.54 0.31
  287 R    -1   4  -2   3  -4  -1   1  -3   0  -5  -4   1  -4  -3   4   0  -2  -5  -4  -3    4  24   1  16   0   2   7   1   2   0   1   9   0   2  22   6   1   0   0   2  0.66 0.33
  288 S    -2  -1   3   4  -2   0   1   2   2  -4  -5  -1  -4  -5  -3   0   0  -5  -3  -4    2   3  17  21   1   4  11  18   5   0   0   3   0   0   1   7   7   0   0   0  0.51 0.28
  289 H     0   1   0  -3  -4   0   2  -3   6  -4  -2   0  -2  -2  -4   0   1  -4   0  -2    9   7   5   0   0   4  16   1  24   0   4   5   1   1   0   7  11   0   3   3  0.48 0.29
  290 L    -2  -6  -6  -6  -4  -5  -6  -7  -6   6   3  -6   2  -1  -6  -5  -4   0  -4   3    3   0   0   0   0   0   0   0   0  50  23   0   4   2   0   0   0   1   0  17  1.20 0.47
  291 K    -2   4   1  -2  -2   0  -1  -3   2  -3  -3   3  -3   0  -4  -1   0  -2   2  -2    3  28   6   1   1   4   3   1   6   1   2  20   0   5   0   5   6   0   6   2  0.46 0.28
  292 M    -4  -5  -6  -6  -4  -3  -6  -6  -5   1   4  -5   6   0  -6  -5  -2  -5  -2   3    0   0   0   0   0   1   0   0   0   7  44   0  24   3   0   0   2   0   1  18  1.12 0.47
  293 R    -5   8  -4  -6  -7   0  -3  -6  -3  -5  -6   1  -5  -5  -6  -2  -5  -7  -2  -4    0  83   0   0   0   3   1   0   0   1   0   5   0   0   0   3   0   0   1   1  2.18 0.77
  294 V    -4  -6  -5  -6  -5  -6  -6  -7  -7  -1  -3  -6  -3  -5  -6  -4   5  -7  -5   6    0   0   0   0   0   0   0   0   0   1   0   0   0   0   0   0  34   0   0  65  1.74 0.70
  295 W    -7  -6  -7  -8  -7  -6  -7  -7   4  -6  -5  -7  -5   4  -8  -7  -6  11   7  -6    0   0   0   0   0   0   0   0  10   0   0   0   0  15   0   0   0  45  31   0  2.83 0.87
  296 E    -5  -5  -5  -3  -8  -2   8  -7  -5  -8  -8  -4  -7  -8  -6  -5  -5  -8  -7  -7    0   0   0   0   0   0 100   0   0   0   0   0   0   0   0   0   0   0   0   0  2.78 0.97
  297 R    -6   9  -5  -6  -8  -3  -5  -7  -5  -8  -7  -2  -6  -7  -7  -5  -6  -7  -3  -7    0  99   0   0   0   0   0   0   0   0   0   0   0   0   0   0   0   0   1   0  2.99 0.97
  298 G    -4  -7  -3  -4  -7  -6  -6   8  -6  -8  -8  -6  -7  -8  -7  -5  -6  -7  -8  -8    0   0   1   1   0   0   0  99   0   0   0   0   0   0   0   0   0   0   0   0  2.70 0.86
  299 A     5  -5  -5  -5   1  -4  -5  -4  -5  -2  -4  -4  -3  -5  -5   2  -1  -6  -5   5   44   0   0   0   2   0   0   0   0   0   0   0   0   0   0  14   3   0   0  37  1.09 0.53
  300 G    -2  -3  -4   1  -7  -5  -3   7  -6  -8  -8  -5  -7  -7  -6  -4  -5  -7  -7  -7    2   1   0   7   0   0   1  87   0   0   0   0   0   0   0   0   0   0   0   0  2.16 0.73
  301 A    -2  -4  -4  -3  -6  -2   6  -6  -4   1   2  -3  -2   2  -1  -3  -4   0   0  -2    3   0   0   0   0   0  52   0   0   8  19   1   1   8   3   0   0   1   3   2  0.89 0.47
  302 T    -5  -6  -5  -6  -6  -5  -5  -6  -6  -5  -6  -5  -5  -7  -6  -3   8  -7  -6  -5    0   0   0   0   0   0   0   0   0   0   0   0   0   0   0   0 100   0   0   0  2.78 0.99
  303 L    -2   2  -1  -4  -5   3  -3  -5  -4  -2   5   0   0  -3  -2  -3  -3  -1  -4  -3    2  13   4   0   0  16   0   1   0   0  51   6   2   0   3   1   1   1   0   0  0.74 0.42
  304 A     7  -5  -5  -5  -4  -5  -5  -4  -5  -6  -6  -5  -5  -6  -5   3  -4  -7  -6  -4   81   0   0   0   0   0   0   0   0   0   0   0   0   0   0  19   0   0   0   0  1.84 0.74
  305 C    -5  -9  -8  -9  12  -8  -9  -8  -8  -6  -6  -8  -7  -8  -8  -4  -6  -8  -8  -6    0   0   0   0  99   0   0   0   0   0   0   0   0   0   0   1   0   0   0   0  4.39 1.18
  306 G    -4  -7  -5  -6  -7  -6  -6   8  -6  -8  -8  -6  -7  -7  -6  -4  -4  -7  -7  -7    0   0   0   0   0   0   0  99   0   0   0   0   0   0   0   0   1   0   0   0  2.68 0.85
  307 T    -4  -5  -4  -5  -5  -4  -5  -3  -5  -5  -6  -5  -5  -6  -5   4   7  -7  -6  -5    0   0   0   0   0   0   0   1   0   0   0   0   0   0   0  34  64   0   0   0  1.84 0.76
  308 G     3  -6  -4  -5  -6  -5  -6   7  -6  -7  -7  -5  -6  -7  -6  -2  -3  -6  -7  -6   21   0   0   0   0   0   0  76   0   0   0   0   0   0   0   1   1   0   0   0  1.90 0.67
  309 A     6  -5  -3  -5  -4  -4  -4  -3  -5  -4  -4  -4   3  -5  -4   0   1  -6  -5  -3   75   0   1   0   0   0   0   1   0   1   0   0   9   0   0   4   8   0   0   1  1.46 0.63
  310 C     1  -7  -6  -7  10  -6  -6  -3  -6  -4  -4  -6  -5  -6  -6   0   0  -6  -6   1    9   0   0   0  66   0   0   2   0   0   1   0   0   0   0   6   5   0   0  10  2.38 0.76
  311 A     7  -5  -5  -5  -4  -5  -5  -1  -5  -5  -5  -5  -5  -6  -5   0  -4  -6  -6  -3   89   0   0   0   0   0   0   4   0   0   0   0   0   0   0   5   0   0   0   1  1.90 0.74
  312 L     5  -4  -4  -4   2  -4  -4  -3  -5  -3  -1  -4  -3  -5  -4   2   2  -5  -4   1   50   0   0   0   4   0   0   1   0   0   7   0   0   0   0  14  13   0   0  10  0.82 0.44
  313 V     4  -4  -5  -5   0  -3  -5  -3  -5  -1   0  -4  -1   2  -5  -2  -2  -5  -3   4   38   1   0   0   2   1   0   1   0   2   9   0   1   9   0   2   1   0   0  33  0.75 0.40
  314 V     3  -5  -6  -6  -4  -5  -5  -4  -5   2  -1  -2  -2  -4  -5  -4  -3  -5   0   6   27   0   0   0   0   0   0   1   0   9   4   2   0   0   0   0   1   0   4  53  1.07 0.49
  315 A     5  -2  -2  -5  -2  -4  -4  -3  -4   0  -1  -2   0  -4  -4   0  -1  -5  -3   2   54   2   2   0   0   0   0   0   0   4   4   2   3   0   0   6   3   0   1  17  0.76 0.42
  316 A     5  -5  -4  -3  -1  -4  -4   4  -1  -4  -1  -4   0  -5  -4   0  -1  -5  -2  -3   44   0   0   1   1   0   0  30   2   0   8   0   3   0   0   7   3   0   2   0  0.82 0.42
  317 V     1   0  -1  -4  -1  -1  -3  -4   0   3   1  -2   1   0  -4  -1  -1   1   1   2   13   7   4   0   1   2   1   0   3  22  10   2   4   4   0   3   2   2   5  16  0.22 0.18
  318 L     0   4  -3  -1  -4   0  -2  -3  -2   0   2   1   0  -1  -3  -1  -3  -4  -1  -2    8  29   0   4   0   4   2   1   1   5  27   8   2   3   1   3   1   0   2   1  0.40 0.27
  319 E    -1   3   2  -1  -3   3  -1  -2   0  -3   1  -1  -2  -1  -3  -1   1   0  -1  -3    5  19  12   3   0  15   3   3   2   0  19   2   0   3   1   2   9   1   1   0  0.27 0.23
  320 G    -2  -1  -1   0  -4  -2  -1   6   0  -4  -4   0  -5  -6  -5  -2  -4  -6  -1  -6    3   3   2   4   0   1   5  65   3   1   2   7   0   0   0   2   0   0   3   0  1.18 0.49
  321 R    -1   3   0  -3  -3   0  -2  -2  -2  -2   3   2  -1   0  -4  -2  -2   3   0  -1    3  15   4   1   0   5   1   3   1   0  31  16   1   4   0   2   2   4   3   3  0.32 0.24
  322 A     1  -3  -3  -2   1  -1  -2  -3  -4   0   2  -3   0   0  -3   0   3  -4  -3   2   14   1   0   2   3   2   1   2   0   4  26   0   2   3   0   5  20   0   0  15  0.31 0.23
  323 D    -1  -2   2   4  -3   0   2   2   1  -4  -4   0  -4  -4   0  -1   0  -5  -2  -3    5   2   8  27   1   5  14  13   3   0   1   5   0   0   5   3   5   0   1   1  0.44 0.25
  324 R    -1   5   2   0  -5   0   1   1   0  -5  -5   2  -4  -3  -1   1   0  -5  -4  -4    3  30   9   4   0   2   8  10   2   0   0  10   0   2   3  13   5   0   0   0  0.49 0.29
  325 K    -1   1   1   0  -3   2   1  -3   1  -2  -3   2  -1  -4   3   0   1  -2  -3  -2    4   6   8   5   0   8  10   1   4   2   2  17   2   0  13   6  12   1   0   1  0.30 0.20
  326 C     1  -5  -4  -6   2  -5  -5  -4  -5   3   0  -4  -2  -4  -5  -2   0   3  -4   5   13   0   1   0   3   0   0   1   0  14   8   0   0   0   0   3   5   4   0  47  0.82 0.40
  327 T    -1   2   1   1  -4   1   0  -4   1  -2  -1   1  -2  -4  -4  -1   4   0  -2   0    3  11   6   7   0   6   5   0   3   2   6  10   0   0   0   3  31   2   1   6  0.35 0.26
  328 V    -2  -6  -5  -7  -5  -6  -6  -7  -7   3  -1  -6   1  -4  -6  -5  -4  -7  -5   7    2   0   0   0   0   0   0   0   0  14   5   0   2   0   0   0   0   0   0  76  1.72 0.64
  329 D    -1   1   2   2   0   0   2  -3   4  -1  -3   0  -2  -3  -3   0   0  -4   1   0    3   7  11  11   2   4  13   0  13   4   2   5   1   0   0   5   7   0   5   8  0.25 0.18
  330 L    -3  -3   0  -5  -4  -3  -5  -5  -5   1   4  -4   2   1  -3  -3   1  -4  -3   2    0   1   5   0   0   0   0   0   0   7  50   0   4   7   1   2  10   0   0  13  0.70 0.35
  331 P    -1   0  -4   1  -6  -2  -2  -5   1  -6  -2   0  -5  -6   7  -2  -3  -7  -4  -5    6   6   0   9   0   1   2   0   3   0   4   7   0   0  57   3   1   0   1   0  1.41 0.55
  332 G    -3  -3  -3  -5  -6  -5  -5   7   0  -7  -6   0  -6  -7  -4   0  -4  -6  -3  -7    1   1   0   0   0   0   0  81   2   0   0   6   0   0   1   6   1   0   1   0  1.85 0.66
  333 G    -3  -4  -4  -5  -7  -6  -5   7  -6  -8  -8  -5  -7  -7  -6   0  -5  -7  -7  -7    1   1   0   0   0   0   1  91   0   0   0   0   0   0   0   6   0   0   0   0  2.33 0.77
  334 P    -1   1   2   3  -2   0   2  -2  -2  -2  -3   1  -1  -4   1   1   1  -4  -4  -1    3   6  11  19   1   3  12   2   0   2   2   8   2   0   6   8  11   0   0   4  0.28 0.19
  335 L    -4  -5  -6  -6  -4  -5  -1  -6  -5   0   6  -5  -1  -3  -5  -5  -3  -5  -4   2    1   0   0   0   0   0   6   0   0   4  75   0   0   0   0   0   1   0   0  11  1.31 0.52
  336 E    -2   1   0  -1  -1   1   1  -1   1   0  -1   0   0  -1  -3   1   2  -2  -1   0    0   8   4   3   1   7  13   3   5   5   6   5   2   3   0   9  18   1   2   6  0.12 0.14
  337 I    -4  -6  -7  -7  -2  -6  -7  -7  -7   7   0  -6   2  -4  -6  -6  -2  -6  -5   3    0   0   0   0   1   0   0   0   0  64   7   0   4   0   0   0   3   0   0  21  1.60 0.58
  338 E     0   1   1   0  -2   1   4  -1   1  -2  -3   0  -2  -1  -3   0   1  -4   0  -1    6   9   5   5   1   5  29   4   3   2   1   4   1   2   0   7   8   0   3   4  0.28 0.20
  339 W    -3  -6  -6  -6  -5  -5  -6  -6  -5   1  -1  -6   0   2  -6  -5  -5  11   1   0    3   0   0   0   0   0   0   0   0   9   5   0   3   7   0   0   0  58   4   8  2.48 0.74
  340 K     1   3   0   0  -3   0   1  -2   1  -3  -3   2  -3  -2   1   0   1  -4  -2  -2   11  18   4   6   0   4   7   2   3   1   2  13   0   2   6   7  11   0   1   2  0.24 0.16
  341 Q    -1  -1  -1   0  -1   1   3   3  -1  -2  -1   0  -2  -3  -1  -1  -2  -3  -1  -1    4   2   3   4   1   7  24  23   1   2   6   6   0   1   3   3   1   0   3   5  0.26 0.17
  342 E    -1   0  -1   3  -4   0   4  -2  -3  -2  -3   0  -2  -2   2   0   0  -4  -4  -2    5   5   2  18   0   3  29   3   0   2   2   6   1   2  10   5   5   0   0   2  0.42 0.24
  343 D    -2  -2   3   5  -5  -2   0   4  -3  -5  -4  -2  -3  -6  -4   0  -1  -6  -5  -5    2   2  14  34   0   1   5  28   0   1   1   2   1   0   0   5   4   0   0   0  0.84 0.38
  344 N     0  -1   3   3  -4   1   2   2   1  -3  -4   0  -3  -2  -3   0  -1  -4  -1  -3    6   1  13  18   0   5  12  19   4   2   0   5   0   1   1   6   3   0   2   1  0.37 0.21
  345 H    -2  -1   1  -2  -4  -1   1   0   7  -4  -4   0  -3  -2   4   0  -1  -4  -2  -4    2   4   7   2   0   2   7   7  27   1   1   5   1   2  20   7   4   0   0   1  0.68 0.32
  346 I    -2  -5  -4  -4  -4  -5  -5  -5  -5   4   2  -5   0  -3  -5  -1  -3  -5  -2   5    2   0   1   1   0   0   0   1   0  21  17   0   2   0   0   5   0   0   1  49  0.95 0.42
  347 Y    -3  -1  -5  -5  -4  -2  -4  -3  -2   2   1  -2   2   4  -5  -2  -1   4   5   0    2   3   0   0   0   2   1   2   0  11  12   2   6  21   0   4   3   6  22   4  0.65 0.32
  348 M    -5  -6  -7  -8  -6  -5  -7  -7  -6  -2   3  -5  10   0  -7  -6  -5  -5   0  -3    0   0   0   0   0   0   0   0   0   2  22   0  69   4   0   0   0   0   3   0  2.42 0.83
  349 T    -2   1  -3  -4  -5   0   1  -5  -4   1  -4   0  -4  -5  -4   1   6  -6  -5  -3    2   7   0   0   0   4   9   0   0   7   0   6   0   0   0   9  55   0   0   1  1.00 0.51
  350 G    -4  -7  -5  -6  -7  -6  -7   8  -6  -8  -5  -6  -7  -7  -7  -5  -6  -7  -7  -8    0   0   0   0   0   0   0  99   0   0   1   0   0   0   0   0   0   0   0   0  2.68 0.84
  351 P    -1  -4  -1  -2  -6  -5  -3  -3  -6  -3  -7  -2  -6  -7   8  -2  -2  -8  -7  -5    6   1   3   3   0   0   2   2   0   2   0   3   0   0  74   3   2   0   0   1  2.04 0.71
  352 A     6  -5  -5  -5  -4  -4  -4  -2  -5  -3  -5  -4  -4  -6  -4   1   0  -6  -5   2   73   0   0   0   0   0   0   1   0   1   0   0   0   0   0   8   4   0   0  12  1.38 0.60
  353 E     0   1  -1  -2  -2   0   3  -3  -3  -2  -3   1  -2  -4  -4  -1   3  -5  -3   2    8   7   3   0   1   2  23   0   0   0   1   9   0   0   0   4  21   0   1  19  0.41 0.29
  354 A    -1   0  -2  -2   0  -2  -1  -4   4   0   1   0   0   3  -3  -2   1   3   3  -1    4   5   1   1   2   1   4   0  14   5  14   5   2  12   1   1  13   4   9   2  0.28 0.20
  355 V    -3  -5  -6  -4   1  -3   1  -5  -6   3  -2  -5  -3  -4  -6  -4  -2  -6  -5   6    0   0   0   0   3   1  11   1   0  16   1   0   0   0   0   1   1   0   0  65  1.29 0.54
  356 F     1  -6  -6  -7   3  -6  -6  -6  -4  -4  -4  -6  -1   7  -6  -3  -5   3   5  -4   13   0   0   0   5   0   0   0   0   0   0   0   1  53   0   2   0   4  21   0  1.71 0.61
  357 Y    -2   1  -1   4  -3   0   4  -3   2  -4  -4  -1  -4  -5  -4   1   1  -5  -3  -4    2   8   1  24   1   2  27   1   6   0   1   3   0   0   0  13  11   0   1   1  0.63 0.33
  358 G    -4  -6  -4  -5  -7  -6  -6   8  -6  -8  -8  -6  -7  -7  -6  -4  -6  -7  -7  -7    0   0   0   0   0   0   0 100   0   0   0   0   0   0   0   0   0   0   0   0  2.69 0.80
  359 S    -1  -1  -1  -1  -3   4   2  -3  -2  -2  -3  -1  -2  -3  -3   1   4  -4  -2   0    3   2   2   2   0  21  15   0   0   1   0   2   0   0   0  12  32   0   1   8  0.49 0.27
  360 A    -1  -4  -4  -4  -3  -3  -4  -4  -3   4   1  -4   2   2  -4  -3  -1   1   3   3    6   0   0   0   0   0   0   0   0  37   6   0   6   7   0   0   3   2  10  23  0.51 0.19
  361 L     0   2  -2  -1  -3   1   2  -3  -1  -1   1   0  -1   0  -1   0   1  -2   1   0   10  14   0   2   0   5  19   0   1   0  16   2   0   4   1   4  10   0   7   5  0.13 0.10
  362 L    -3  -4  -5  -6  -3  -4  -5  -6  -5   1   6  -4   0   0  -5  -4  -3  -3  -3  -1    0   0   0   0   0   0   0   0   0   6  90   0   0   3   0   0   0   0   0   0  1.18 0.31

                      K         Lambda
Standard Ungapped    0.1348     0.3180
Standard Gapped      0.0410     0.2670
PSI Ungapped         0.1348     0.3180
PSI Gapped           0.0410     0.2670
