
Last position-specific scoring matrix computed, weighted observed percentages rounded down, information per position, and relative weight of gapless real matches to pseudocounts
            A   R   N   D   C   Q   E   G   H   I   L   K   M   F   P   S   T   W   Y   V   A   R   N   D   C   Q   E   G   H   I   L   K   M   F   P   S   T   W   Y   V
    1 M    -2  -3  -4  -4  -2  -2  -4  -4  -3   2   3  -3   6  -1  -4  -3  -2  -3  -2   2    0   0   0   0   0   0   0   0   0   9  38   0  37   0   0   0   0   0   0  16  0.67 0.19
    2 E    -2   1   2   3  -4   3   3  -2   1  -4  -4   2  -3  -4  -3   0  -1  -4  -3  -4    0   8  10  15   0  19  24   2   3   0   0  11   0   0   0   4   4   0   0   0  0.52 0.20
    3 P     0   0  -4  -2  -5  -4  -4  -5   1  -6  -6  -3  -5  -6   8  -1  -4  -6  -5  -5    6   5   0   2   0   0   0   0   3   0   0   0   0   0  81   3   0   0   0   0  2.22 0.59
    4 S     1   1   1  -2  -1  -1   0   0  -3  -1  -2   0  -2  -4   0   4  -1  -4  -3  -1   12   7   5   1   1   2   4   6   0   4   3   4   1   0   3  44   1   0   1   3  0.37 0.26
    5 P     0  -3  -2  -3  -4   1   0  -1   2  -3  -1  -3  -2  -1   6   0   0  -5  -3  -1    7   0   1   0   0   7   6   5   5   0   7   0   1   2  40   7   5   0   0   6  0.70 0.30
    6 S     1   1   1   1  -2   1   0  -1  -2  -2  -2   0  -3  -4   1   3   1  -4  -3  -2   12   8   6   6   1   6   5   3   0   2   3   5   0   0   6  27  11   0   0   1  0.27 0.19
    7 S     1  -1   0   0  -3   0   0   0  -2  -2  -2  -1   0  -4   1   3   2  -4  -3   0   13   3   4   4   0   3   5   5   1   1   2   3   3   0   7  29  12   0   0   7  0.26 0.20
    8 P    -2   0   1  -1  -4   0  -1  -2  -2  -2  -1  -2  -3  -5   6   0   1  -5  -4  -2    2   6   6   4   0   5   3   3   1   2   6   1   0   0  45   7   8   0   0   2  0.85 0.35
    9 P     0   1   2  -2  -4  -1  -1   0  -3  -1  -2   0  -2  -3   5   1   0  -5  -4  -1    5   9  10   1   0   2   4   8   0   4   2   4   1   1  30   9   6   0   0   3  0.48 0.25
   10 S     0   2   1   0  -3   2   1  -1   1  -3  -2   2   0  -1   0   1   1   0  -1  -2    7  11   7   4   0   9   8   2   4   0   2  12   3   4   4  13   7   1   1   2  0.17 0.14
   11 S     1   0   1   0  -3   1   0   0   0  -3  -3   2  -2  -2   0   2   1  -4  -3  -1   11   4   8   4   0   7   5   7   2   1   1  13   0   1   4  21   7   0   0   4  0.21 0.18
   12 P    -1  -2   1  -2  -4   1  -1   0   2  -1  -2   2  -2  -2   5   0   0  -5  -1  -3    5   1   6   2   0   6   3   6   5   5   4  14   1   1  28   6   6   0   2   0  0.45 0.27
   13 P     0   0   0   0  -4   1   0  -1   1  -2  -2   2  -1  -4   5   0  -2  -5  -3  -1    7   4   5   5   0   6   4   3   3   2   3  13   1   0  27   7   1   0   1   6  0.42 0.25
   14 E    -2   3   1   1  -2   1   2   0  -1  -2  -2   1  -2  -4   0   1  -1  -1  -2  -2    2  17   8   9   1   6  17   6   1   2   3   9   1   0   3  10   3   1   1   2  0.27 0.19
   15 I    -1   2   0  -1  -3   1   0  -2   0   1  -1   3   1  -2   1  -1   0  -3  -1   0    3  10   6   3   0   5   3   3   2   9   4  21   6   1   6   4   4   0   2   7  0.13 0.14
   16 L     0  -1  -3  -2  -2  -2  -2  -3   1   2   2  -1   2   0  -1  -2  -1   0   0   2    7   4   1   2   1   0   3   1   4  12  22   4   7   4   3   2   2   2   4  17  0.18 0.16
   17 D    -1   0   1   2  -3  -1  -1   2   1  -3  -3   1  -3  -4  -3   2   2  -4  -2  -3    3   6   7  12   0   1   3  15   3   1   1   8   0   1   1  20  15   0   1   0  0.36 0.26
   18 L    -2  -1  -5  -5  -2  -3  -3  -4  -2   3   3  -1   5   1   1  -4  -3  -4  -2   1    3   4   0   0   1   1   1   1   1  16  30   4  16   5   6   1   1   0   1   9  0.54 0.32
   19 D    -2  -1   1   4  -5   0   3   1   0  -4  -5   0  -4  -4  -3   1  -1  -5  -1  -5    3   3   7  24   0   4  20  10   2   1   1   6   0   1   1  11   3   0   2   0  0.53 0.33
   20 S    -4   2   2   5  -2   1   0  -3   3  -6  -5   1  -3  -5  -4  -1  -1  -6  -3  -5    1  11  11  38   1   7   5   2   6   0   1   8   1   0   0   3   3   0   1   0  0.85 0.46
   21 I    -7  -7  -8  -9  -5  -7  -8  -8  -5  -3  -2  -8  -5   7  -8  -7  -7   1   8  -3    0   0   0   0   0   0   0   0   0   2   4   0   0  44   0   0   0   2  47   1  2.55 0.99
   22 K    -3   1   0   2  -4   2   4  -5   0   0  -3   1  -2  -4  -4  -1   0  -6  -1  -1    1   8   4   9   0   7  33   0   3   5   2   9   1   0   0   4   7   0   2   6  0.52 0.36
   23 A    -3  -1  -3  -4  -2  -2  -2  -4  -2   3   3   1   1   3  -2  -3  -1  -4  -2   2    1   4   1   1   1   2   2   1   1  19  26   8   4  13   2   1   3   0   1  12  0.43 0.28
   24 L    -3  -3  -4  -3  -3  -2  -3   3  -1   3   3  -2   0  -1  -5  -3  -3  -5   0   1    0   2   0   2   0   2   2  25   2  14  31   3   1   2   0   1   1   0   3   9  0.53 0.34
   25 K    -1   4  -1   0  -5   0   3  -3  -1  -5  -6   5  -2  -5  -4  -1  -2  -6  -5  -4    4  25   2   5   0   3  16   2   2   1   0  33   1   0   1   3   2   0   0   1  0.88 0.49
   26 I    -2  -1  -3  -2  -2  -1   2  -5  -2   1   1   2  -1  -2   1  -2   2  -5  -3   3    2   3   0   2   1   3  13   0   1   7  11  13   1   2   6   1  14   0   0  20  0.29 0.26
   27 L    -6  -7  -8  -8  -6  -7  -8  -8  -8   6   5  -7  -1  -4  -7  -7  -5  -7  -4   0    0   0   0   0   0   0   0   0   0  40  52   0   1   0   0   0   0   0   0   6  1.73 0.74
   28 G    -4  -8  -4  -7  -8  -7  -8   8  -8  -9  -9  -7  -8  -9  -8  -3  -6  -8  -9  -9    1   0   1   0   0   0   0  96   0   0   0   0   0   0   0   2   0   0   0   0  2.86 1.10
   29 K    -3   4  -2  -2  -1   2   2  -4   1  -4  -5   4  -3  -5  -5   0  -1  -3  -4  -3    1  21   1   2   1   8  15   1   4   1   0  30   0   0   0   7   4   0   0   2  0.75 0.45
   30 G    -5  -8  -6  -7  -3  -7  -8   8  -8 -10  -9  -7  -8  -9  -8  -6  -7  -8  -9  -9    0   0   0   0   1   0   0  99   0   0   0   0   0   0   0   0   0   0   0   0  3.03 1.15
   31 A     2  -3   2  -1  -5   1  -3   1   1  -5  -5  -1  -4  -4  -5   3   3  -6  -5  -4   20   1   8   3   0   6   1  12   3   0   0   4   0   0   0  26  16   0   0   1  0.60 0.42
   32 T    -7  -6  -8  -9  -1  -6  -8  -7  -3  -3  -4  -5  -3   9  -9  -4  -3  -3   5  -5    0   0   0   0   1   0   0   0   1   2   1   1   0  69   0   2   2   0  20   1  2.49 0.97
   33 G     2  -7  -5  -6  -7  -6  -7   7  -7  -8  -8  -6  -7  -8  -7   1  -4  -8  -8  -7   18   0   0   0   0   0   0  72   0   0   0   0   0   0   0   9   1   0   0   0  2.00 0.86
   34 T    -3   2  -2  -3  -1   1   2  -5  -1  -1  -4   4  -2  -4  -5   0   2  -6  -2   2    1   9   2   1   2   5  11   0   1   4   1  30   1   0   0   5  11   0   1  14  0.53 0.38
   35 V    -2  -8  -8  -8   0  -7  -8  -8  -8  -3  -4  -7  -5  -6  -8  -6   0  -8  -7   8    3   0   0   0   2   0   0   0   0   0   0   0   0   0   0   0   6   0   0  88  2.40 1.02
   36 F    -5   1  -5  -6   4  -2  -3  -6   1  -1  -1   1   2   3  -6  -5  -4   0   7  -2    0   8   0   0   8   2   1   0   3   3   6  10   5  12   0   0   1   1  35   3  1.02 0.53
   37 L    -2   1  -4  -4  -1   1  -1  -4  -1  -2   4   3  -1  -2  -5  -2  -3  -3  -2  -2    2   6   0   0   1   5   5   1   1   2  47  19   1   1   0   3   1   0   1   1  0.67 0.41
   38 A     5  -3  -3  -3   6  -3  -3   2  -3  -3  -3  -3  -1  -2  -3  -2  -3  -2  -3   1   42   1   1   1  15   1   1  16   0   1   2   1   2   1   1   2   1   1   1   9  0.82 0.39
   39 H    -1   4  -1  -2  -2   0   0  -2   0   1  -1   1  -1  -1  -2  -1   0  -1   1   0    3  27   2   2   1   4   6   2   2   8   7   7   1   3   2   3   8   1   4   8  0.23 0.14
   40 D    -1  -2   3   3   1   0   1  -2   5  -2  -2   1  -2  -2  -2   0  -2  -1  -1  -2    4   2  13  17   3   3  10   3  15   2   5   7   1   1   2   5   2   1   2   2  0.37 0.18
   41 V     0   0  -1  -1   0   0  -1  -1  -1   1   1   0   0  -1  -1   0   1   0  -1   1    8   6   3   3   2   3   4   4   1  11  13   7   2   3   3   4   8   1   2  11  0.02 0.02
   42 V     0   0  -1  -1   0  -1  -1  -1  -1   1   0   0   0  -1   0   0   0  -1  -1   3    5   4   3   4   2   3   4   5   2   6  10   6   2   2   4   6   4   1   2  27  0.10 0.06
   43 S    -1   2   0   0  -1   2   1   0   0  -1  -1   1  -1  -1  -1   0   1  -1  -1  -1    4  11   4   4   1  10   9   6   2   3   6  11   1   2   3   7  10   1   2   4  0.11 0.06
   44 T    -1   1   0  -1  -2   0   1   0   3  -1   0   2   0  -1   0   0   0  -1  -1  -1    4   7   5   3   1   3   9   7   9   3   9  13   3   2   4   6   4   1   2   5  0.08 0.05
   45 S    -2   3   1  -2  -3   0  -1  -2  -1  -1  -3   5  -2  -3  -1  -1  -1  -3  -2  -3    3  16   5   2   1   3   4   3   1   4   3  40   1   1   3   5   4   0   1   2  0.62 0.29
   46 S     1   0   2   3  -3   0   1   0   1  -3  -3   1  -3  -3  -2   1   0  -3  -3  -3   10   4   8  16   0   4  10   8   3   1   3  10   0   1   2  11   6   0   1   1  0.26 0.19
   47 S    -2  -3   1  -1  -1  -3  -2  -3  -4  -4  -4  -2  -5  -5  -3   2   7  -3  -4  -3    3   1   6   3   1   1   2   2   0   1   1   3   0   0   1  14  58   0   1   1  1.24 0.65
   48 S    -2   0   2   0  -3   0  -1   5   0  -3  -5   2  -4  -6  -4  -1  -4  -4  -4  -3    2   6   8   5   1   4   4  46   2   1   1  11   0   0   0   5   1   0   1   2  0.79 0.43
   49 S    -1   2   0   0  -1   3   3  -3   2  -3  -3   3  -2  -1  -4  -2  -1  -3  -2  -2    5   9   4   5   1  16  20   2   4   1   3  18   1   2   0   2   4   0   1   2  0.43 0.31
   50 P    -1  -1  -2  -2  -2   0   0  -4   1   2   2   0   2   1  -1  -1  -1  -2   2   1    3   3   1   2   1   3   8   0   3  13  17   8   5   5   3   3   3   0   7  11  0.14 0.14
   51 F    -4  -5  -7  -7   0  -6  -7  -7  -5  -2  -1  -6  -2   4  -7  -6  -5  -2   7   5    1   1   0   0   2   0   0   0   0   2   4   0   1  16   0   0   0   0  34  37  1.59 0.73
   52 A     7  -7  -7  -7  -3  -6  -6  -5  -7  -5  -7  -6  -6  -7  -6  -3  -4  -8  -7  -2   94   0   0   0   0   0   0   0   0   0   0   0   0   0   0   1   1   0   0   2  2.46 1.08
   53 V    -2  -6  -6  -7   3  -5  -6  -5  -6   5   2  -6   6  -3  -6  -5  -4  -6  -5   2    4   0   0   0   7   0   0   1   0  35  18   0  19   0   0   1   0   0   0  15  1.22 0.57
   54 K    -6  -3  -6  -6  -8  -4  -5  -7  -6  -6  -6   8  -5  -8  -6  -6  -6  -8  -7  -7    0   0   0   0   0   0   0   0   0   1   1  97   0   0   0   0   0   0   0   0  2.98 1.20
   55 L    -1  -1  -4  -4   2  -1  -2  -5  -4   4  -2   2   2  -1  -5   0  -1  -5  -1   4    4   3   0   0   4   3   3   0   0  22   1  12   5   2   0   7   4   0   2  28  0.52 0.35
   56 V    -5  -6  -7  -7  -3  -6  -6  -7  -7   6   4  -5   3  -2  -7  -6  -3  -6  -5   2    0   0   0   0   1   0   0   0   0  40  33   1   8   1   0   0   1   0   0  14  1.35 0.61
   57 P    -2   2   2   3  -3  -1   1  -4  -2  -4  -3   3  -3  -2   1   1  -3  -6  -3  -4    3  12  11  16   1   2   7   0   1   1   3  20   0   2   7  11   1   0   1   1  0.48 0.34
   58 K    -5   1  -4  -4  -7  -3  -2  -6  -4  -2   0   7  -3  -2  -5  -4  -3  -7  -3  -4    1   7   1   1   0   1   2   0   0   2   9  70   1   2   0   1   2   0   1   1  1.65 0.78
   59 S     0   2  -1   2  -2   1   2  -1  -2  -3  -3   3  -4  -4  -3   1  -1  -1  -4  -3    9  11   2  12   1   7  14   4   1   1   2  16   0   1   1  13   4   1   0   1  0.36 0.28
   60 S    -1   1   1   1  -4   1   1  -3   1  -3  -2   3  -1  -2  -2   0   0  -4  -1   0    5   8   6   9   0   5   8   1   4   1   4  21   2   2   1   7   6   0   2   6  0.23 0.20
   61 A    -1  -1  -2  -2   0  -1   1  -3  -4   3   2  -1   4  -1  -2  -2  -2  -4  -3   1    5   3   1   2   2   2   9   1   0  19  21   5  11   2   2   3   1   0   1  11  0.32 0.24
   62 S    -1  -1   0   1  -3  -1   0  -2   0   2  -1   2  -1  -3  -2   0  -1  -1  -2   1    3   3   4   8   0   2   7   3   2  16   6  18   1   0   2   6   4   1   1  13  0.15 0.16
   63 S    -1   0   0   3  -1   2   2   0  -1  -2  -3   3   1  -3  -3   1  -1  -4  -2  -2    5   4   4  15   1   9  12   7   1   2   2  17   3   1   0   9   2   0   1   2  0.28 0.22
   64 L    -1   2  -1   0  -2   0   0  -1  -2   1   1   2   1  -2  -1  -1   0  -3  -2   0    4  12   2   5   1   3   7   4   1   8  15  14   3   1   2   4   6   0   1   8  0.09 0.11
   65 R    -1   1   1   2  -2   1   4  -3   0  -3  -4   3  -3  -5  -2   0  -2  -5  -4  -4    6   8   7  12   1   6  26   2   2   1   1  18   0   0   1   6   2   0   0   0  0.53 0.34
   66 R    -2   3   2   3  -5   3   1  -3   2  -4  -3   2   0  -4  -3  -1   0  -5  -3  -3    3  14   8  15   0  16   7   1   6   1   2  12   3   1   1   4   6   0   0   2  0.46 0.31
   67 A     2  -5  -5  -5   0  -3  -3  -4  -5   3   1  -5  -1   0  -5  -2   0  -5  -3   5   18   0   0   0   2   1   1   1   0  16  11   0   1   3   0   2   5   0   0  36  0.70 0.40
   68 R    -1   3  -2  -1  -3   1   2  -4  -1   1   1   2   1  -1  -3  -2  -2  -3   0  -2    4  18   1   3   0   7  16   1   1   7  13  14   3   2   1   1   2   0   4   1  0.31 0.25
   69 W     0   5   1  -2   2   1  -2  -3   2  -3  -3   1  -2  -4  -4   0   0   1  -1  -2    7  35   7   1   4   5   2   2   5   1   2   7   1   1   0   8   5   2   2   3  0.53 0.35
   70 E    -3  -4  -4  -3  -6  -3   7  -6   0  -6  -6  -3  -5  -5  -4  -4   1  -6  -6  -5    2   0   0   0   0   1  81   1   2   0   1   1   0   1   1   0   7   0   0   1  2.10 0.91
   71 I    -2   2  -4  -5  -1  -3  -5  -5  -2   6   0   1   2  -3  -6  -5  -3  -6  -4   3    3  12   1   1   1   1   0   1   1  40   7   8   5   0   0   0   1   0   0  19  0.86 0.46
   72 E     0   1   1   2  -1   2   2  -3   0  -3  -3   2  -1  -2  -3   2   0  -5  -3  -3    6   7   8  11   2  11  14   1   2   2   1  11   1   2   0  13   5   0   0   1  0.32 0.25
   73 V    -1  -3  -3  -5  -4  -5  -1  -6  -4   6   2  -5   0  -4  -5  -3  -1  -3  -3   2    4   1   1   0   0   0   4   0   0  50  16   0   1   0   0   2   5   0   1  12  1.02 0.49
   74 L    -4  -3  -3  -5  -3  -1   2  -6   1  -2   5  -3   6  -2  -6  -4  -4  -5  -3  -3    1   1   1   0   0   3  12   0   3   1  50   2  21   1   0   1   0   0   1   0  1.12 0.58
   75 R    -1   4  -1  -3  -2   2   1  -4   1  -4  -3   5  -2  -5  -4   0  -2  -5  -3  -4    5  20   2   1   1   9   8   1   3   1   2  34   1   0   0   7   2   0   1   1  0.74 0.41
   76 R    -1   3   1  -1  -1   1   2  -2   3  -2   0   2   0  -3  -3   0  -1  -3  -2  -1    3  16   6   3   2   7  12   2   8   2   8  11   3   1   1   5   4   0   1   4  0.22 0.17
   77 L    -2  -4  -4  -2   1  -4  -4  -5  -4   2   4  -4   2  -2  -4  -4  -2  -4  -4   3    2   1   1   3   3   0   1   1   0  12  45   1   4   1   1   1   1   0   0  21  0.79 0.38
   78 S     0  -1   2  -1   0   0  -1  -1  -1   0   0  -1   0   0  -1   1   0  -1  -1   0    6   3  15   3   2   4   4   5   1   6  12   4   3   3   3  14   4   1   2   6  0.07 0.05
   79 V     0   0   0   0   0   0   0   1   1   0   0   0   0  -1   0   0   0  -1   0   0   10   4   4   4   3   4   6  12   5   4  11   5   3   3   4   6   5   1   2   5  0.02 0.01
   80 D     0   0   0   0  -1   1   0   0   0   0   0   0   0  -1   0   0   0  -1   0   0   10   5   5   5   1   8   6   6   2   5  11   6   2   3   4   7   6   1   2   6  0.02 0.01
   81 S     0   0   1   0   0   0   0   0   0  -1   0   0   0   0   0   1   0  -1   0  -1   10   4   7   5   2   5   5   6   2   4   8   6   2   4   4  12   6   1   2   4  0.03 0.01
   82 N     0   0   0   0   0   0   0   0   0   0   0   0   0   0   0   1   0   0   0   0   10   5   5   4   2   3   6   8   2   4   9   4   2   4   4   9   7   1   2   8  0.02 0.00
   83 Q    -2   3   1   3  -3   1   1  -1   2  -3  -3   3  -2  -3  -2  -1  -2  -3  -1  -2    2  16   5  15   1   7   7   5   5   2   3  19   1   1   2   3   2   0   2   3  0.35 0.19
   84 N    -5  -3   1  -5   0  -4  -5  -4  10  -6  -6  -4  -5  -3  -2   1  -5  -6  -2  -5    1   1   6   0   2   0   0   1  70   0   1   1   0   1   2  10   1   0   1   1  2.58 0.96
   85 P    -3   0  -3  -3  -6  -2   0  -5  -4  -3  -6   0  -6  -7   8  -2  -4  -7  -6  -5    2   5   1   1   0   2   6   1   0   2   1   5   0   0  68   2   1   0   0   1  1.93 0.83
   86 F    -6  -3   6  -5  -4  -5  -5  -3   5  -4  -5  -5  -5   6  -7  -2  -5   4   1  -5    0   1  41   0   0   0   0   2  11   1   1   0   0  29   0   2   0   6   4   1  1.61 0.74
   87 L    -4  -6  -7  -7  -2  -6  -7  -7  -7   7   2  -6  -2  -2  -6  -6  -4  -6  -5   4    1   0   0   0   1   0   0   0   0  52  20   0   0   1   0   0   1   0   0  23  1.55 0.66
   88 P    -4  -6  -5  -6  -1  -6  -6  -7  -4   3   0  -6  -2  -4   0  -4   1  -6  -5   6    1   0   0   0   1   0   0   0   0  17   8   0   1   0   5   1   8   0   0  57  1.30 0.62
   89 R     0   3   1  -2  -1   3   1  -1   1  -5  -4   3  -4  -5  -2   1   0  -4  -3  -4    7  17   6   1   1  12   7   5   3   0   1  21   0   0   1  10   7   0   0   0  0.47 0.33
   90 L    -5  -6  -7  -7  -2  -4  -6  -7  -6   1   6  -6   2   3  -7  -5  -5  -5   2  -3    0   0   0   0   1   1   0   0   0   6  70   0   4  10   0   0   0   0   6   1  1.50 0.67
   91 L    -3  -1  -4  -5  -5  -1  -3  -5   6   0   1   2  -2   3  -5  -3  -4   0   6  -2    2   3   0   0   0   2   2   1  16   6  12  12   1  10   0   1   1   1  28   2  0.86 0.46
   92 A    -1  -3   0   3   1   0   3   1   0  -5  -5  -3  -4   0  -4   0  -2  -2   4  -5    5   1   4  20   4   3  17  13   3   0   1   1   0   4   0   6   2   1  16   0  0.54 0.36
   93 S     2  -4  -4  -4   4  -4  -4  -4   1   0  -3  -4  -3   1  -3   2   1   1   0   3   18   0   0   0   8   0   1   0   3   5   1   0   0   5   1  19   9   2   4  23  0.52 0.37
   94 F    -4  -4  -6  -5   1  -3  -4  -6  -2   2  -1  -5   1   7  -6  -5  -5   2   4   0    1   1   0   1   3   1   1   0   1   9   6   1   4  51   0   1   0   2  12   5  1.42 0.61
   95 E    -1  -1  -2   0  -4   5   4  -3   3  -3  -2   0  -2  -3  -3  -3  -3  -1   0  -2    4   3   1   4   0  28  30   2   6   2   3   4   1   1   1   1   1   1   3   3  0.76 0.47
   96 S    -3  -3  -1   5  -3  -2   0  -4   1  -5  -5  -1  -4  -6  -5   2   5  -4  -4  -4    2   1   3  30   1   1   5   1   3   0   1   3   0   0   0  12  35   0   1   1  1.01 0.57
   97 P     0   0   1   2  -5   0   2  -1  -2  -5  -4   3  -1  -3   2   0  -1  -5  -4  -3    8   4   6  10   0   4  16   5   1   0   1  19   2   1  11   8   4   0   0   1  0.38 0.27
   98 E    -2   0   2   3  -2   0   1   0   1  -4  -3   1  -3  -5  -3   1   2  -5  -3  -3    3   5  12  16   1   4   9   6   3   0   2  10   0   0   0  12  14   0   1   1  0.36 0.27
   99 Y    -1   2   2   0  -2  -1  -1  -3   4  -4  -4   3  -2   1  -3   0  -2  -3   3  -3    4  12  11   6   1   1   4   1  11   1   1  19   1   5   1   6   2   0  12   1  0.48 0.32
  100 F    -2  -4  -5  -5  -2  -4  -5  -5  -4   3   4  -4   0   1  -5  -3  -3  -4  -1   3    2   0   0   1   1   1   0   1   0  18  44   1   2   5   0   2   1   0   2  19  0.87 0.43
  101 A    -2  -5  -2  -6   5  -5  -5  -4   4  -2  -5  -5  -3   3  -6  -3  -2   2   8  -3    3   0   3   0  10   0   0   1   8   3   1   0   1   9   0   2   2   3  51   1  1.68 0.71
  102 W    -4  -5  -6  -6  -5  -5  -6  -6  -5   4   5  -5   4   3  -6  -5  -4  -2  -1  -1    1   0   0   0   0   0   0   0   0  21  47   0  10  14   0   0   0   1   2   2  1.17 0.53
  103 A    -1  -6  -6  -6  -1  -5  -6  -6  -6   4   0  -5  -1  -2  -6  -5  -3  -6  -3   6    5   0   0   0   1   0   0   1   0  21   6   0   1   1   0   0   1   0   1  60  1.41 0.62
  104 V    -5  -5  -6  -6  -3  -4  -6  -6  -5  -1   3  -4   9   3  -6  -4   0  -5  -3  -2    0   0   0   0   1   1   0   0   0   3  26   1  46  10   0   1   6   0   0   3  1.65 0.72
  105 P    -4  -4  -4   3  -6  -1   7  -5  -4  -6  -6  -4  -3  -6  -3  -2  -2  -6  -6  -6    1   0   0  13   0   1  73   1   0   0   1   0   1   0   2   2   2   0   0   0  1.86 0.82
  106 Y    -4  -5  -5  -6  -2  -5  -5  -6   0  -2   3  -3  -2   4  -6  -4  -5  -2   8  -3    1   0   0   0   1   0   0   1   2   2  23   2   1  17   0   1   0   0  47   1  1.60 0.68
  107 C     2  -5  -5  -5   8  -4  -5  -4  -3   1   1  -5   4  -3  -5  -3  -4  -5  -1   3   16   0   0   0  28   1   1   1   1   6  14   0   9   1   0   1   0   0   2  17  1.02 0.47
  108 S     0   0   2   1  -2  -1   2  -1   0  -2  -2  -1  -2  -4   3   1   0  -4  -3  -2    9   4  11   9   1   2  13   4   2   2   3   4   1   0  14  13   6   0   0   2  0.27 0.20
  109 G    -3  -1   2  -3  -3  -2  -3   6   0  -5  -2  -2  -3  -5  -4  -3  -4  -5  -4  -5    2   3   8   1   1   2   2  67   2   1   4   2   1   1   1   1   1   0   1   1  1.40 0.59
  110 G    -3  -3  -3  -4  -5  -3  -4   7  -5  -5  -5  -2  -1  -4  -4  -3  -1  -5  -5  -5    1   1   1   1   0   1   1  78   0   1   1   3   1   1   1   1   4   0   0   1  1.78 0.69
  111 D    -4  -4  -1   6  -3  -2   5  -5  -4  -6  -6  -3  -4  -6  -4   1  -2  -6  -5  -5    1   1   3  39   1   1  39   1   0   0   1   1   0   0   1   9   2   0   0   1  1.38 0.65
  112 L    -4  -5  -5  -5   0  -5  -6  -6  -6   0   6  -6   2   0  -6  -6  -5  -5  -5  -1    1   0   0   1   2   0   0   0   0   3  77   0   5   3   0   0   0   0   0   4  1.59 0.68
  113 N    -1  -1  -1  -4  -3  -2  -2  -4   2  -3   0   1   3   6  -4  -1  -2   2   3  -3    5   3   3   1   1   1   3   1   5   1   8  10   8  32   0   5   2   2   8   1  0.62 0.36
  114 V    -2   0   0   4  -1   0   1  -2   1  -3  -2   1  -1  -1  -3   1   1  -3   1  -2    2   5   3  25   1   5   7   3   3   1   3   8   2   3   1  10  11   0   5   2  0.31 0.23
  115 L    -2   3  -3  -3  -3   0  -1  -4   3   1   2   0   1   2  -2  -3  -2   0   3  -1    3  15   1   1   0   3   3   1   8   7  20   5   4   9   1   1   2   1  11   4  0.32 0.22
  116 L    -4  -2  -5  -4  -1  -4  -4  -5  -2   6   4  -4   3  -1  -4  -4  -3   0  -2  -1    1   3   1   1   1   1   1   1   1  40  32   1   8   2   1   1   1   1   1   2  0.99 0.44
  117 H    -1   0   0   1  -2   1   0  -2   3   0  -1   1  -1  -2  -2   1   0  -2   1   0    5   5   5   7   1   6   4   2  10   8   4  12   1   1   2  10   4   0   5   8  0.11 0.10
  118 R     0   2   0  -1  -2   1   0  -2   0  -1   0   2   0  -1  -1   0  -1  -2  -1  -1    9  15   4   4   1   6   5   2   2   3  10  15   2   2   3   9   3   0   2   3  0.13 0.10
  119 Q    -2   3  -2  -2   2   3   1  -3   1  -2  -2   2   0  -1  -2  -1  -2  -1   0   0    3  18   2   2   4  17   8   1   3   2   4  12   2   3   1   3   1   1   4   8  0.32 0.23
  120 N    -1   2   2   1  -2   1   1  -1   0  -2  -2   2  -1  -3   2   0   0  -3  -2  -2    6  10  11   7   1   5   8   5   2   2   4  14   1   1   9   6   4   0   1   2  0.19 0.12
  121 D     0   0   1   1  -1   0   1   1   1  -1  -1   0  -1  -1  -1   0   0  -2   0  -1    7   5   7   7   2   4   9  11   4   3   7   6   1   4   3   8   5   0   3   6  0.04 0.02
  122 G    -1   0  -1  -2  -2  -1  -1   5  -1  -2  -3   1  -1  -2  -1  -1  -2  -3  -3   0    4   6   3   2   1   2   3  45   2   2   3   8   1   1   3   5   2   0   1   6  0.57 0.27
  123 V    -1   3  -1  -2   1  -1   0   0   3  -1  -1   1   0  -2   1   0   0  -2   1   0    4  18   2   1   4   2   4   7   8   4   5   9   3   1   7   6   6   1   5   6  0.15 0.14
  124 F    -4  -5  -5  -5  -3  -4  -5  -6  -4   0   4  -4   2   6  -4  -5  -4  -3   3  -2    1   0   1   1   1   1   1   1   0   4  35   1   4  37   1   1   1   0   9   2  1.22 0.54
  125 S    -2  -1   1   2  -3  -1   0  -2  -1  -3  -3   0  -2  -4   3   3   3  -1  -3  -3    2   3   6  12   1   3   6   2   1   1   2   5   1   0  15  21  17   1   1   1  0.46 0.32
  126 S    -3  -4  -2   0  -6  -2   7  -5  -2  -2  -2  -3  -1  -3  -1  -2  -3  -5  -4  -3    2   1   1   5   0   1  69   1   1   2   4   1   2   1   4   2   1   0   0   2  1.47 0.69
  127 S    -1   1   0   3  -3   1   2  -2   0  -3  -3   1  -2  -3   2   1  -1  -4  -2  -1    5   7   4  19   0   7  12   2   2   1   2   9   1   1   9  10   4   0   2   4  0.29 0.21
  128 V    -1   2  -2   2   0   1   2  -3   1  -1   0  -1   1  -3  -3  -1   0   1  -2   0    6  13   1  10   2   6  18   1   4   3   9   2   5   1   1   3   7   2   1   7  0.19 0.18
  129 I     5  -4  -3  -3   0  -4  -4  -3  -4   2  -2  -3  -1  -4  -4   0   1  -5  -4   3   43   0   1   2   2   0   1   2   0  12   3   1   2   0   0   5   8   0   0  18  0.70 0.41
  130 R     1   5  -3  -4   1   1  -3  -3  -3  -2  -2   3  -3  -4  -3  -1  -2  -2  -2  -1   12  37   1   0   4   6   1   1   0   3   4  16   0   0   1   5   2   1   1   6  0.69 0.40
  131 F    -2   1  -1  -2  -1  -1  -1  -3   3  -2   0   1  -1   5  -3   0  -1  -1   2  -1    3   9   3   1   1   2   3   2   7   2   7   8   1  27   1   7   4   1   6   4  0.35 0.24
  132 Y    -4  -5  -5  -5  -1  -4  -5  -5  -3   2   0  -4   0   4  -5  -4  -3   2   7   1    1   1   0   1   1   0   1   1   0  13   9   1   2  16   1   1   1   3  41   8  1.25 0.54
  133 V     1  -4  -4  -4   0  -3  -4  -2  -4   3   1  -3   3   4  -4  -2   1  -3  -2   1   15   1   0   1   2   1   1   3   0  15  15   1   9  18   1   3   8   0   0   7  0.43 0.27
  134 A     3   3  -2  -2  -1   2  -2  -1   0  -2  -2   1  -2  -1  -3  -1  -1   0   2  -2   25  16   1   1   1  11   1   3   2   2   4  10   1   2   1   4   3   1   7   3  0.32 0.26
  135 E    -3  -3  -3  -1  -1   7   4  -4  -3  -4  -4  -2   0  -4  -4  -2  -2  -5  -3  -4    1   1   1   4   2  47  28   1   0   1   1   1   2   1   1   3   3   0   1   1  1.34 0.65
  136 I    -3  -4  -5  -5  -2  -4  -4  -5  -5   5   3  -4   3  -2  -4  -3  -1   0  -4   2    1   1   1   1   1   0   1   1   0  34  29   1   6   1   1   1   5   1   0  15  0.88 0.40
  137 V     1  -4  -3  -4   2  -4  -4  -4  -4   3   3  -4   0  -1  -4  -1  -1  -4  -3   3   13   1   1   1   5   1   1   1   0  14  27   1   1   2   1   4   3   0   0  24  0.51 0.29
  138 C    -1  -1   0   0   2   0   1  -1  -1  -1   1   0   0  -2  -2   2   0  -3  -2  -1    5   3   5   6   6   4   9   4   1   2  19   5   2   1   1  19   4   0   1   3  0.13 0.15
  139 A     5  -4  -2  -4  -1  -4  -4   4  -4  -3  -4  -4  -4  -5  -4  -1  -2  -5  -4   0   46   1   2   1   1   0   1  31   0   1   1   1   0   0   1   3   2   0   0   7  1.02 0.50
  140 L    -3  -4  -5  -4  -1  -4  -4  -5  -5   3   4  -4   2   0  -5  -4  -3  -4  -4   4    2   1   0   1   1   0   1   1   0  15  41   1   5   3   1   1   1   0   0  24  0.88 0.41
  141 E     0  -1   0   2  -1   1   4  -1   2  -3  -1   1  -2  -3  -3   0  -2  -4  -1  -2    8   3   4  12   1   6  26   3   6   1   6   7   1   1   1   7   2   0   2   2  0.32 0.23
  142 H    -2  -5  -4  -2  -5  -4  -4  -5   4  -3  -4  -4  -2   4  -5  -1  -3  -3   8  -3    4   0   1   2   0   0   1   1   8   2   1   1   1  16   0   4   1   0  53   2  1.70 0.71
  143 L    -3  -5  -5  -6   7  -5  -5  -6  -5   1   5  -5   3  -2  -5  -4  -4  -1  -4  -1    2   0   0   0  24   0   1   1   0   8  49   0   6   2   0   1   0   1   0   3  1.33 0.57
  144 H    -3  -1  -1  -5  -6  -3  -4  -4  11  -6  -5  -4  -5  -3  -6  -5  -5  -6  -2  -5    3   4   2   0   0   1   1   1  79   0   2   1   0   1   0   1   1   0   1   1  3.01 1.04
  145 T     0   1   1   1  -1   1   1   0  -1  -3  -2   1  -1  -2  -3   3  -1  -4  -2  -3    6   8   7   6   1   7   9   6   1   1   3   7   2   2   1  27   3   0   1   1  0.28 0.22
  146 M    -2   2   2  -1  -2   1  -1  -1   3  -2   2   2   3  -2  -3  -2  -2  -4  -1  -3    3  11  10   2   1   7   2   4   9   2  20  14   8   1   1   1   1   0   1   1  0.30 0.23
  147 G    -2   1   2   0  -2   0  -2   5   1  -4  -4   1  -2  -4  -3  -1  -3  -1  -3  -4    2   8  12   6   1   3   3  42   3   1   1   7   1   1   1   3   1   1   1   1  0.67 0.35
  148 I    -3  -4  -4  -4  -1  -4  -4  -5  -3   6   1  -2  -2   0  -4  -4  -3  -4   1   4    1   1   1   1   1   1   1   1   1  42  10   3   1   4   1   1   1   0   5  26  0.97 0.42
  149 A    -1  -4  -3  -4   1  -4  -4  -3  -4   4   1  -4   3  -1  -4  -2  -1  -4   0   4    5   1   1   1   3   1   1   2   0  28  13   1   7   2   1   2   3   0   3  26  0.63 0.31
  150 Y    -4  -4  -4  -4  -5  -4  -4  -5  10  -5  -3  -4  -4  -1  -5  -4  -4  -4   4  -5    1   1   1   1   0   1   1   1  68   1   3   1   0   2   1   1   1   0  15   1  2.63 0.88
  151 R    -4   8  -3  -3  -2  -2  -3  -4   0  -4  -3  -2  -4  -4  -4  -3  -2  -4  -4  -4    1  75   1   2   1   1   2   2   2   1   2   1   0   1   1   1   3   0   1   1  1.91 0.71
  152 D    -4  -4  -2   8  -3  -3  -2  -3   0  -4  -5  -4  -4  -5  -4  -3  -4  -5  -4  -4    1   1   1  79   1   1   1   2   3   1   2   1   0   1   1   1   1   0   1   1  2.11 0.75
  153 L    -3  -3  -4  -4  -2  -4  -4  -4  -4   4   5  -3   1  -3  -4  -3  -3  -4  -3   1    2   1   1   1   1   1   1   1   0  19  56   1   3   1   1   2   1   0   1   6  0.99 0.42
  154 K    -3  -2  -3  -4  -4  -2  -3  -4   1  -4  -4   7  -4  -3  -4  -1  -3  -4  -4  -4    2   1   1   1   0   1   1   1   4   1   2  75   0   1   1   4   2   0   1   1  1.77 0.69
  155 P    -1  -3  -4  -3  -1  -4  -3  -2  -2  -3   0  -4  -2  -4   7  -2  -2  -4  -4  -4    4   1   1   1   1   1   2   4   1   1   9   1   1   1  63   3   3   0   1   1  1.59 0.62
  156 E    -1  -2  -2   2  -4   3   6  -1  -3  -4  -3  -1  -2  -3  -3   0  -3  -4  -4  -4    6   2   1  11   0  10  46   4   0   1   3   3   1   1   1   6   1   0   1   1  0.84 0.42
  157 N    -4  -3   9  -3  -5  -4  -4  -2  -3  -5  -4  -3  -4  -5  -4  -3  -4  -5  -4  -5    1   1  81   1   0   1   1   3   0   1   2   2   0   1   1   1   1   0   1   1  2.31 0.84
  158 I    -3  -3  -4  -4  -1  -4  -4  -4  -4   5   4  -4   1   2  -4  -4  -2  -3  -3   2    1   1   1   1   2   1   1   1   0  31  34   1   2   8   1   1   2   0   1  11  0.78 0.35
  159 L    -3  -4  -4  -5  -4  -4  -4  -5  -4   0   6  -4   2   1  -4  -4  -4  -4  -1  -1    2   1   1   1   0   1   1   1   0   4  71   1   5   4   1   1   1   0   2   3  1.26 0.52
  160 I    -3  -3  -4  -4  -1  -4  -4  -4  -4   3   4  -3   0   1  -4  -3  -2  -3   1   1    1   1   1   1   1   1   1   1   0  18  45   1   2   6   1   2   2   0   6  10  0.74 0.34
  161 Q    -2   0   2   5  -1   0   0  -1  -1  -4  -3  -1  -3  -4  -3   0   1  -4  -2  -2    3   6   8  38   1   4   5   5   1   1   2   3   0   1   1   8   7   0   1   3  0.59 0.31
  162 Q     0   0   0   2  -2   1   3   0   1  -2  -2   1  -1  -2  -1   1  -1  -3  -1  -2    6   6   5  10   1   5  19   6   3   2   3   9   2   2   3  12   3   0   2   2  0.20 0.14
  163 S    -1   1   3   3  -2   1   1  -2   2  -3  -2   1  -2  -2   0   0  -1  -2  -1  -2    4   6  14  19   1   5   9   2   5   1   4   8   1   1   4   8   4   0   2   2  0.29 0.18
  164 G    -1  -1   0  -2   1  -2  -2   5  -2  -3  -2  -2   1  -2  -1   0  -2  -3  -1  -3    4   3   5   2   3   1   3  47   1   1   5   2   4   2   3   6   2   0   2   2  0.63 0.30
  165 H    -2   0   2   1  -1   0   1  -3   7  -3  -2   0  -1  -3   0  -1  -1  -3   1  -1    4   5  12   6   1   4   7   2  26   1   3   5   1   1   4   4   4   0   5   5  0.50 0.27
  166 V    -2  -3  -4  -4   1  -3  -4  -4  -4   5   3  -3  -1   0  -3  -3  -2  -3  -3   3    3   1   1   1   3   1   1   1   0  30  30   1   1   3   1   2   2   0   1  18  0.71 0.32
  167 T    -2   1  -3  -3  -3  -1  -2  -2  -1  -3  -2   7   2  -4  -3  -2  -3  -4  -2  -1    2   6   1   1   1   2   2   3   2   2   3  60   5   1   1   3   2   0   1   4  1.11 0.49
  168 L    -1  -3  -3  -4  -3  -3  -3  -3  -3   5   4  -3  -1  -1  -3  -3  -2  -3  -2   1    6   2   1   1   0   1   1   3   1  29  37   1   0   2   2   2   2   0   1   7  0.67 0.30
  169 T     3  -2  -2  -2   2  -2  -2   0  -2   1  -2  -2  -2  -3  -2   2   3  -3  -2  -1   24   2   2   2   4   1   2   6   1   9   3   1   1   1   2  14  19   0   1   4  0.32 0.22
  170 D    -4  -4  -1   8  -4  -3  -2  -4  -3  -4  -3  -3  -4  -4  -3  -3  -3  -4  -4  -4    2   1   3  76   0   1   2   2   1   1   3   1   0   1   1   2   2   0   1   1  1.91 0.67
  171 F    -4  -4  -4  -4  -4  -4  -4  -4  -4  -2   0  -4  -2   9  -4  -4  -4   0   0  -3    1   1   1   1   0   1   1   1   0   2   7   1   1  72   1   1   1   1   3   2  2.00 0.67
  172 D    -2  -3  -2   0  -1  -3  -3   6  -1  -4  -3  -2  -3  -4  -4  -2  -2  -4  -4  -4    2   2   2   6   2   1   2  67   2   1   3   2   1   1   1   2   3   0   1   1  1.32 0.51
  173 L    -2  -3  -4  -3  -3  -3  -4  -4  -2   0   5  -3   1   2  -3  -1  -1   2   0   0    3   1   1   1   0   1   1   1   1   3  53   1   3   7   1   4   3   3   2   7  0.70 0.33
  174 S     4  -3  -2  -3   3  -1  -2  -1  -1  -3  -3  -3  -3  -4  -3   5  -2  -4  -4  -3   32   1   1   1   6   3   2   3   1   1   3   1   1   1   1  38   2   0   1   1  0.81 0.43
  175 R     0   3   0  -1  -1  -1  -1  -2  -2  -2  -2   3   0  -2  -2   0   1  -2  -2   0    7  18   5   2   2   2   2   3   1   2   4  22   2   1   1   6   9   1   1   8  0.28 0.19
  176 S     0   0  -1   0  -1   1   0  -1   0   0   0   1   0   1  -1   0   0  -1   0   0    7   6   2   5   1   7   8   5   3   8   7   8   2   7   2   7   3   1   2   8  0.02 0.03
  177 L     0  -1  -2  -2  -1  -1  -1  -2  -2   1   2  -2   2   3  -2  -1  -1  -2   0   1    6   3   1   2   1   3   3   4   1   8  19   2   6  17   2   4   3   0   2  13  0.20 0.13
  178 K    -1   0   0   0  -2   1   0   1   2  -2  -1   2  -1  -1   0   0   0  -2   0  -1    3   4   4   6   1   6   6   9   6   2   6  15   1   3   5   8   6   0   3   4  0.09 0.08
  179 K    -1   1   0   1  -1   0   1  -1   1   0  -1   1   0  -1   2   1   0  -1  -1  -1    4   7   4   8   1   3   7   5   4   5   5   8   2   2  11  13   4   1   1   4  0.10 0.07
  180 P     0   0   0   0   2   0   0  -1   1   0  -1   0  -2   0   0   0   0   3   1  -1    5   5   5   5   5   5   5   5   5   5   5   5   0   5   5   5   5   5   5   5  0.06 0.08
  181 L    -2  -1   0   0  -1   1   1  -2   3  -1   0   1   1  -2  -1   1   0  -5  -1  -1    3   4   4   6   2   7  10   4   7   3  11   7   4   2   3  11   6   0   2   5  0.13 0.13
  182 R    -1   3   0   1   1   1   0  -2   0  -3  -2   1   0  -1   0  -2   0   2  -1   0    5  17   5   7   2   5   7   4   2   2   4  10   2   3   4   4   6   3   2   6  0.18 0.16
  183 P     0  -1  -1  -2   0  -1   0  -1  -1   0   0   0   1   1   1   0   2   0   0  -1    8   4   3   2   2   3   6   6   2   5   9   6   3   5   8   7  11   1   3   5  0.05 0.07
  184 H    -1   1   1  -1   0  -1   0  -2   3  -2  -2   1   0  -2  -1   0   3   0   2  -1    5   8   6   4   2   3   6   3   7   2   4  10   2   2   3   8  15   1   6   4  0.21 0.19
  185 F    -1  -1  -1   1   2  -2  -1  -2   0  -3  -1  -2   1   2  -1   1   3   0   2  -1    4   3   3   7   5   2   4   4   2   2   7   2   4   8   3  10  15   1   7   4  0.20 0.18
  186 Y     0   0   0  -2   2  -2  -3  -1   3   1  -2  -2   1   2  -3  -1   0   3   5   0    7   5   4   3   4   2   2   5   5   7   5   3   3   7   2   6   6   3  15   6  0.29 0.20
  187 Q     0   0   0  -1   4   0   0   0   0  -1  -1   0  -1   0  -3   0   1   1   2   1    7   6   4   3  10   4   7   7   2   3   5   6   1   4   1   6   7   2   7  10  0.14 0.12
  188 P     1   1  -1  -2   0  -1  -3   4  -2  -2  -2  -2   0  -2   1  -1   1  -6  -1   0   10   7   4   2   2   3   2  25   1   3   4   3   2   2   7   5   8   0   2   6  0.28 0.22
  189 D     1  -2  -1  -1   0   0   0  -1   0  -2  -2  -1  -2  -3  -1   2   3   0   0   0   11   2   3   4   2   4   6   5   3   3   4   4   1   1   3  15  18   1   3   6  0.22 0.21
  190 P    -1  -2   0  -1  -5  -3  -1  -1  -2  -1  -2  -2  -1  -1   6  -1   1  -1  -2  -2    5   3   5   4   0   2   5   5   1   4   5   3   2   3  34   5   9   1   2   3  0.59 0.41
  191 E    -1   0   1  -1  -2   1   4  -1   0  -2  -1  -2  -2  -4  -2  -1   0  -1   3  -2    5   5   8   4   1   6  24   5   2   2   7   3   1   1   3   6   5   1   9   3  0.33 0.25
  192 L    -2  -2   1  -1   1   1  -1  -2  -1   1   1  -2   2  -1  -1  -2  -1   3   4   1    4   2   7   3   3   7   5   4   1   7  12   2   4   2   4   3   4   4  13   8  0.22 0.16
  193 I    -1  -2  -1  -1   1  -1  -1  -2   0   3   2  -2   3   0  -1  -1  -2   2   1   1    6   2   3   3   3   3   4   3   2  15  17   2   7   4   4   5   2   3   4   8  0.22 0.14
  194 I     0   0   0  -2  -1   0  -1  -2   0   0   1  -1   1   0   1   0  -1   0   0   0   10   6   5   2   1   3   5   4   2   5  17   4   3   4   7   7   3   2   4   7  0.05 0.06
  195 D    -1  -1   2   2   0   1   0   0   0  -2  -1  -1  -1  -1   3   0  -1   0  -2  -2    6   4   9   9   2   5   7   7   2   2   6   4   1   2  15   7   4   1   2   3  0.18 0.18
  196 R     1   0   0  -1  -1  -1   2   1  -1  -1  -2   0   1   0   1   1  -1   1  -1  -1   10   6   4   4   1   2  11   9   2   4   4   7   3   4   8   9   4   2   2   4  0.09 0.11
  197 K    -1  -1   1  -1   1   0   0   0   1   0   0   0   0  -2   1   1   0  -4  -2   1    4   4   6   3   3   5   6   6   3   6  11   7   2   2   6   9   5   0   1   9  0.05 0.06
  198 K    -1   0   0   1   0   1   0   0   1   0   0   0   0  -1  -1  -1   1  -4   0   0    4   6   4   7   2   6   7   7   4   5  12   7   2   2   3   5   9   0   4   6  0.05 0.06
  199 S    -1   0   0   0   2   0   0  -1   2   0  -1   0   2   1   0  -1   0   4   1  -1    5   5   5   5   5   5   5   5   5   5   5   5   5   5   5   5   5   5   5   5  0.09 0.08
  200 R    -2   2   1   0   1   0  -1  -1   1   0   0   1   2   0  -1   0  -1   2   0  -1    4  10   6   4   3   3   4   6   3   5   9  10   6   3   3   8   4   2   3   4  0.08 0.09
  201 S    -1  -1   1  -1   2   0  -1   1   5  -2  -1   0  -2  -2   1   0   2  -5  -1  -2    5   4   5   4   4   4   4   9  11   3   6   5   1   2   8   8  11   0   2   3  0.22 0.18
  202 F    -1  -2   0  -1   0   0  -2   0   3  -2  -3  -1   1   3   0   0  -1   0   5   0    5   2   4   3   2   4   3   8   6   3   3   5   3  10   5   7   4   1  17   6  0.31 0.22
  203 S    -2  -2   1   0   3  -2  -1   1   2   0  -2   0   1  -5   0   2   2   0   0   0    3   2   8   5   5   2   4   9   5   5   5   5   3   0   5  13  11   1   4   6  0.17 0.16
  204 R    -1   1   0   3   0   0  -1   2   1  -3  -2   1   1  -2   0   0   0  -1  -1  -3    6   7   4  14   2   4   4  14   3   2   4   7   3   2   5   7   6   1   2   2  0.18 0.15
  205 L     0  -2   0  -3   4  -1  -1  -3  -1   2   0  -1   1   1  -1  -1   1   2   2  -1    7   2   4   1   8   2   5   2   2  10   9   4   4   6   3   4  10   3   7   5  0.21 0.14
  206 I     1  -3  -3  -1  -1  -2  -2   0   0   3  -1  -3   1   0   1   0  -2   5   0   1   11   1   2   3   1   2   3   8   2  16   6   2   3   4   7   7   3   7   3   9  0.25 0.18
  207 S     1  -2  -1   3  -1   0  -1  -2   2  -3  -2  -3  -2  -3  -1   2   2  -1   2  -2   11   3   4  16   1   4   5   3   5   2   5   1   1   1   3  14  10   1   7   3  0.29 0.24
  208 P    -1   2  -2   1   0  -3  -2   0  -2  -1  -1  -2  -1   0   4  -1  -3  -1   2   1    6  12   2   8   2   1   3   6   1   4   5   3   2   3  20   5   2   1   6   8  0.32 0.25
  209 T    -1  -4   1   2  -1  -3   1   0   0   0  -2  -2   1  -2  -2   0   1   7  -2   0    6   1   6  13   1   1   7   9   2   5   5   3   3   2   3   7   7  12   2   7  0.35 0.24
  210 A     1  -3  -1   0   3   0  -2  -2  -4   1   1  -2   0  -1  -2   2  -2   3   1   0   10   1   3   5   6   4   3   4   0   7  12   2   2   3   2  17   2   4   4   6  0.22 0.17
  211 E     0  -2  -1   0  -1  -2   0  -2  -3   2   0   2   0  -1   1   1  -1   0  -3   0    9   2   3   5   1   2   6   4   1  12   8  12   2   3   8  10   3   2   1   5  0.13 0.11
  212 K    -1   0   0  -1   1  -1   1   0  -3   0   1   1   1   1   0  -1   0   3   0  -1    5   5   4   3   3   2   9   8   0   4  13   9   4   5   5   5   5   4   3   4  0.07 0.07
  213 N     0   1   1   0  -2  -1   0   1  -1   0  -2  -1   1  -3   1   0  -1   2  -1   0    8   9   7   5   1   3   7  10   2   5   4   3   3   1   8   7   4   2   2   8  0.09 0.09
  214 K    -1   0   3  -1   1   0   2  -1  -2   1   0  -1   1   0  -1   0   0  -4  -1  -1    5   4  12   3   3   3  11   6   1   8  10   4   4   4   3   7   5   0   2   4  0.10 0.09
  215 T    -1  -1   0   0  -1   0  -1   0  -1   1   1  -1   1  -1  -1   0   1  -1   0   1    5   3   5   6   1   4   5   8   1   8  11   4   4   3   2   7   7   1   3  10  0.03 0.03
  216 G    -2  -2  -1  -2   4  -2  -2   3  -4   0   1  -1   3  -2  -1  -1  -2  -2   1  -2    4   3   3   3   8   2   3  22   0   6  13   4   6   2   4   5   3   1   5   3  0.30 0.19
  217 L    -2  -1   0  -2   0  -1  -1  -2  -2   2   2  -1   2   0  -1  -1   0  -4   0   1    3   3   5   3   2   3   4   4   1  10  22   5   5   5   3   6   5   0   3   9  0.16 0.10
  218 K     0   0   0   3   0  -1  -1   0  -1  -1   0   1   0   0  -1   0   0  -2  -1  -2    7   5   5  16   2   2   4   7   2   4  11   8   3   4   3   6   6   1   2   3  0.10 0.08
  219 K     0  -1  -1  -1  -3   0   0   0   2  -2  -1   3   0  -1  -1   1   0  -2   2  -1    8   3   3   4   1   4   6   6   4   3   6  16   3   3   4  11   5   1   6   4  0.13 0.12
  220 T    -1  -1   1   1   1   0   1   0  -2   0   0  -1  -1  -2   0   1   2   1  -2  -1    5   4   5   8   3   5   9   6   1   6   8   4   1   2   4  10  11   2   1   4  0.08 0.08
  221 R    -2   1  -1  -1  -1   0   0   2   1  -2  -1  -1   3   0   1   0   0   1   0  -2    3   8   3   4   2   3   7  17   4   3   6   4   6   4   7   6   6   2   3   3  0.14 0.12
  222 S     0   0   1  -1  -1  -1  -1  -1   3   0   0   1   1   0  -1   1  -1  -1   1   0    6   4   6   4   2   2   3   5   7   5  11   8   4   4   3  10   4   1   4   6  0.06 0.06
  223 A     1  -2  -1  -2   0  -1  -2  -1  -1   2   1  -1  -1   0   1  -1   0   1   0   1   11   2   3   2   2   2   3   6   1  13  12   4   2   4   8   5   5   2   4  11  0.13 0.09
  224 R    -1   1   0   1  -3   0  -1   1   1  -2  -2   3   1  -1   1  -1  -1  -1   1  -2    5   8   4   7   1   4   5   9   3   2   5  17   4   2   7   5   4   1   4   4  0.18 0.14
  225 V    -1  -1  -2  -2  -2  -1  -2   0  -2   2   2  -1   0   1  -1   0  -1   1  -1   1    6   4   2   2   1   3   3   7   1  13  17   4   2   6   4   6   5   2   2  10  0.14 0.09
  226 N     2  -1   2   0  -1   0  -1  -2  -2  -3  -3   0  -4  -1   0   0   2   6  -1  -2   16   3  10   6   2   4   5   4   1   2   3   6   0   3   4   7  12   9   2   3  0.33 0.24
  227 P     0  -1  -3   5  -3  -1  -1  -1  -1  -2  -3  -1  -2  -3   4   1  -2   0   0  -3    8   3   2  24   1   3   4   5   2   3   3   4   1   1  18   9   2   1   3   2  0.51 0.33
  228 I    -3  -3  -2  -2  -3   0   1  -2  -1   1   2  -2   0   5  -1  -2  -3   2   0   0    2   2   2   3   1   5   9   3   2   7  15   3   2  23   3   4   2   3   4   5  0.46 0.25
  229 N    -2  -1   2   1  -1  -1  -1   4   0  -2  -1  -1  -1   1  -1  -1  -1  -1  -1  -1    4   3   9   7   1   3   4  26   3   3   6   3   1   5   4   5   5   1   2   5  0.25 0.17
  230 R    -2   1  -2   0  -3   1  -1  -1   1   0   1  -1   3   2   1  -1  -1  -2  -1   0    3   9   2   5   0   6   4   5   3   5  14   4   8   9   7   5   4   1   2   6  0.15 0.11
  231 R     2   2  -2   0   3   1   1   1  -2  -2   0  -1  -1  -2  -2   1  -2   2  -1  -2   14  10   2   5   6   7   7   9   1   2   8   3   2   2   2   9   3   3   2   3  0.17 0.13
  232 K    -1   3  -1  -1   2   0  -1  -1  -2  -3  -1   4  -1  -1  -2   0   0  -4  -4  -1    6  13   3   4   4   4   4   6   1   2   6  23   1   3   3   6   6   0   1   5  0.32 0.20
  233 T     0  -1  -1   0  -1  -1   2  -2   0   0   1   0   1   0  -1   0   0   1   0   1    6   3   2   6   1   3  12   3   2   5  12   6   3   4   3   6   6   2   4  10  0.06 0.05
  234 S     0   0   0   0  -2   0   1   1  -1   0   0   0  -1   0   0   0  -1  -2   0  -1    8   4   5   4   1   5  11  10   2   5   9   6   2   5   4   7   4   1   3   4  0.04 0.04
  235 F    -2  -2   0  -1   0  -2   0  -2  -1   2   0  -1   3   2  -1  -1   0  -1   3   0    3   2   4   4   2   2   7   3   2  13  10   4   6   7   3   5   5   1   9   6  0.17 0.10
  236 S    -1  -1   0   3  -3   0   1   0   1  -2  -2   0  -1   0   2   1   0   3  -1  -2    5   3   4  13   1   4   8   6   3   2   5   5   2   3  11  10   5   4   2   3  0.19 0.14
  237 S    -1   1   0  -1  -2   1   0   1  -1  -1  -2   0   0  -2   0   1   2  -2   0  -1    6   7   5   3   1   7   5  11   2   4   5   5   3   2   5   8  13   1   3   5  0.09 0.09
  238 G     0   1   0   0   0   0   0   1   0  -1   0   0   0  -1   0   0   1  -1   0  -1    7   8   5   6   2   3   7  10   2   3  10   5   2   2   5   6   8   1   3   5  0.03 0.03
  239 E     0   1   0   0  -1   0   1  -1  -1   0  -1   1   0   0  -2   0   0  -3  -1   0    9   8   5   6   1   3  11   4   1   5   6  10   2   5   2   7   5   0   2   8  0.07 0.06
  240 R     1   1  -1  -1   0   0  -1  -1   0   0   1   1   1   0  -1  -1   0   0   0   0   14   7   2   4   2   3   3   4   3   5  13   8   5   4   3   3   4   1   3   8  0.04 0.06
  241 S     1   0  -2   1  -1  -1  -2  -2   0   1   0  -1   0   0   1   0   1   3   2  -1   11   5   2   8   1   3   2   3   2   8   9   3   3   4   7   6   8   4   7   5  0.09 0.09
  242 N     0   0   0  -1  -1   0   0  -2   2   0  -1   1   2   1   0   0   0   2   1   0    6   4   5   3   2   4   8   2   5   5   5   7   5   6   5   7   5   3   6   6  0.06 0.07
  243 S    -1  -1  -1   1  -3   0   0  -2  -1  -1   0   0   0  -2  -2   2   3   3  -1  -1    4   4   3   8   0   3   6   4   1   4   9   5   2   1   2  15  17   5   3   5  0.19 0.17
  244 F    -2  -2  -1  -2   1  -2  -2  -2  -2   1   3  -1   3   2   0  -1  -1   0   0   0    3   2   2   2   3   2   3   3   1   9  28   4   8   9   4   5   3   1   2   7  0.22 0.16
  245 V    -2  -3  -3  -3   7  -2  -3  -5  -4   1   0  -3   2   0  -4  -3  -2  -1   0   4    4   1   2   2  22   2   2   1   0   8  10   2   5   4   1   2   3   1   3  27  0.76 0.39
  246 G    -4  -2  -1  -2  -5  -2  -2   6  -5  -5  -4  -2  -5  -1  -1  -2  -2  -5  -5  -3    1   2   3   2   0   2   3  66   0   1   2   3   0   2   3   3   3   0   0   3  1.37 0.66
  247 T    -2  -2  -1  -1  -1  -1  -3  -1  -1  -2  -1  -2  -1  -2  -4   2   5  -4   0   0    2   2   3   4   1   3   2   4   2   2   6   2   1   2   1  17  37   0   3   6  0.55 0.39
  248 D    -2  -1  -2  -3  -1  -4  -3  -4  -1  -1  -1  -1  -2  -1   7  -3  -2  -5   1  -1    3   4   2   2   1   0   2   2   2   4   6   3   1   3  51   2   3   0   4   4  1.15 0.60
  249 E    -1  -1   1   2  -1   0   2  -1   0  -2  -1  -1  -1  -1   3   0  -2   1   0  -2    5   3   8  13   1   5  14   4   2   2   8   3   1   2  14   6   2   2   3   2  0.22 0.18
  250 Y    -4  -5  -5  -5  -5  -2  -1  -3  -3  -2  -2  -5  -4   3  -5  -2  -4   3   9  -2    1   1   1   1   0   2   4   2   0   2   4   1   0  12   1   3   1   4  57   3  1.81 0.77
  251 V     0   0  -2  -2  -1  -1  -2  -2  -1   1   1  -2   4   0  -1   0   0   0  -1   2    8   6   2   3   1   2   3   3   1   8  12   1  13   5   3   6   5   1   2  14  0.15 0.13
  252 S     4  -2  -2  -2   1  -2  -1   0  -2  -1  -3  -2  -1  -3   1   2   0   3   0  -2   32   2   1   2   3   1   3   6   1   3   3   2   2   1   7  18   4   4   3   3  0.41 0.25
  253 P    -3  -2  -1   0  -3  -1  -1  -3  -3  -3  -1  -2   0  -3   7  -1  -3  -3  -3  -2    2   2   3   5   1   2   3   2   1   2   6   3   2   1  54   4   2   0   1   3  1.20 0.44
  254 E    -2  -2  -2   0  -3   1   6  -2  -2  -3  -2  -1  -3  -3  -2  -1  -1  -3  -3  -3    3   2   1   4   1   5  56   4   1   2   5   3   1   1   2   4   4   0   1   2  0.96 0.39
  255 V    -1  -2  -2  -2  -2  -2  -2  -2  -1   3   1  -2   2   1   0  -1  -1  -2  -1   3    3   2   1   3   1   2   3   2   1  18  12   2   6   5   5   4   3   0   2  23  0.26 0.14
  256 I    -1  -1  -2  -2   0  -1   0  -2  -2   2   2   0   0   0  -1  -1   0   1  -2   1    5   3   1   2   2   2   5   2   1  15  25   8   2   3   3   3   5   2   1  10  0.15 0.10
  257 R    -1   1   1   0  -1   1   1  -1   0  -1   0   1   0  -1  -1   0   0   0  -1  -1    5   8   8   4   1   8   7   3   2   3  12   9   3   2   3   8   5   1   2   4  0.06 0.06
  258 G    -1   1   0   0  -2   0   0   3   0  -2  -1   0  -1  -2  -1   0  -1   1   2  -2    3   8   5   5   1   3   7  23   2   1   9   7   1   1   2   7   2   2   7   2  0.17 0.13
  259 D     0   1   1   0  -1   2   1  -1   0  -1  -1   2  -1  -2   1   0   0  -2  -2  -1    6   7   6   4   1  12   8   5   2   3   8  13   1   1   6   7   5   0   1   4  0.11 0.09
  260 G     0   0   0   1  -1   0   0   3   0  -2  -2   1  -2  -2   2   0  -1  -2  -1  -2    6   4   5   7   1   4   6  21   2   3   4  10   1   2  12   4   3   0   2   3  0.20 0.12
  261 H    -1  -2  -2  -2  -1  -1  -2  -2   4  -1  -1  -1  -2   0   0  -1  -1   1   7  -1    6   2   2   2   1   3   3   4   9   3   6   4   1   2   4   5   3   2  36   5  0.66 0.29
  262 D    -1   0   1   3  -1  -1   0   2  -2  -2  -2   0  -1  -1  -2   1   1  -2  -1  -2    5   4   8  17   1   1   5  17   1   2   4   4   2   3   2  12   8   0   2   2  0.22 0.14
  263 F     0   0   0  -1  -1   1   0   0   0  -1  -1   1   0   1   1   0   0  -1   1  -1    8   4   4   3   1   6   6   6   2   3   6  12   3   7   7   7   6   1   6   3  0.06 0.05
  264 A     1   0   0   0   0   1   1  -1  -1  -2  -1   1   0  -2   0   1   1  -2   0  -1   17   4   3   4   2   5  10   4   1   2   7   9   2   1   5  10   8   0   3   3  0.10 0.08
  265 V     1  -1  -2  -2   3  -2  -2  -2  -2   1  -1  -1  -1  -1  -1   1   0  -2  -2   3   12   3   2   2   7   1   2   3   1   6   4   3   1   2   4  13   4   0   1  27  0.25 0.17
  266 D    -3  -3   0   7  -3  -2  -2  -2  -2  -3  -3  -1  -3  -3  -1  -2  -2  -3  -3  -3    3   2   3  62   1   1   2   3   1   2   3   3   1   1   3   3   2   0   1   2  1.31 0.45
  267 W    -2  -2  -2  -3  -2  -2  -2  -2   0   2   0  -2   2  -1  -1  -2  -1   7   2   1    3   2   2   2   1   2   2   2   2  15  10   3   6   2   3   3   3  19   6  12  0.50 0.20
  268 W    -2  -3  -3  -3  -3  -3  -3  -3   0  -3  -3  -3  -3   0  -3  -3  -1  11  -1  -2    3   2   2   2   1   1   2   2   2   2   3   2   1   4   2   2   4  60   2   3  2.36 0.62
  269 A     2  -1  -1  -1   0  -2  -2  -1  -2  -1  -2  -1  -2  -2   0   4   0  -2  -2  -2   18   2   2   2   2   2   2   5   1   3   3   3   1   1   4  40   4   0   1   2  0.45 0.23
  270 L    -1  -2  -2  -2   2  -1  -2  -2  -2   1   3  -2   2   1  -1  -1  -1  -2  -1   1    5   2   2   2   4   2   2   3   1   7  32   2   5   7   3   3   3   1   2  11  0.19 0.10
  271 G    -1  -1  -2  -2  -2  -2  -2   6  -2  -3  -3  -2  -2  -2  -2  -1  -2  -2  -2  -2    5   3   2   2   1   2   2  60   1   2   3   2   1   1   2   4   2   1   1   2  0.95 0.30
  272 V     0  -2  -2  -2   6  -2  -2  -2  -2   2  -1  -2  -1  -2  -2  -1   0  -2  -2   4    7   2   2   2  16   1   2   2   1  13   4   2   1   1   2   4   6   0   1  30  0.48 0.21
  273 L    -2  -2  -2  -2   0  -2  -2  -3  -2   4   2  -2   1   0  -2  -1   1  -2  -2   2    3   2   2   2   2   1   2   2   1  27  18   2   4   4   2   5   8   0   1  13  0.30 0.16
  274 T     0  -2  -2  -2   0  -2  -2  -2  -2   1   3  -2   3   2  -2  -1   0  -2  -1   1    7   2   2   2   2   1   2   2   1   8  34   2   9   8   2   3   5   0   1   7  0.27 0.15
  275 Y     0  -2  -3  -3   0  -2  -2  -2  -1  -1  -2  -2  -2   4  -2  -2  -2   0   7  -2    8   2   1   2   2   1   2   3   1   4   4   2   1  17   3   2   3   1  39   3  0.87 0.33
  276 E    -1  -2  -2  -1  -1   1   5  -2   0   0  -2  -1  -1  -2  -2  -2   0  -3  -2   0    6   2   1   3   1   6  43   2   2   7   3   3   2   2   2   2   5   0   1   7  0.52 0.26
  277 M    -2  -3  -3  -3   2  -2  -3  -3  -3   0   3  -2   7   1  -2  -2  -2  -2  -2  -1    3   1   1   2   4   2   2   2   1   5  29   2  30   5   3   2   2   0   1   3  0.71 0.31
  278 M     0  -3  -2  -3   1  -2  -3  -3  -3   2   4  -2   2  -1  -2  -2  -1  -2  -2   1    7   1   2   1   3   1   2   2   1  10  42   3   4   2   2   2   3   0   1  11  0.41 0.21
  279 Y     1  -1  -1  -2   4  -1  -1  -2  -1  -1  -2  -1  -1   1  -1   1   2  -2   1   1   12   3   3   2   8   2   4   2   1   4   3   3   1   7   3   9  16   0   5  11  0.19 0.15
  280 G    -2  -2  -1  -2  -2   0  -3   6  -2  -3  -2  -2  -3  -4  -2  -2  -2  -3  -3  -3    4   3   2   2   1   4   2  60   1   2   5   3   1   1   2   3   3   0   1   2  1.11 0.44
  281 E    -1   2  -1  -1  -1   1   0  -2   0  -1  -1   2  -1   0  -2   0   0   2   2  -1    6  11   3   4   2   6   7   2   3   3   6  14   1   4   2   6   6   3   9   5  0.14 0.11
  282 T    -1  -1  -3  -3  -2  -3  -3  -3  -2  -2   1  -3  -1  -2   6   0   1  -4   0  -1    5   4   2   1   1   1   1   2   1   2  14   2   2   2  37   8   8   0   3   4  0.71 0.37
  283 P    -3  -3  -5  -3  -5  -3  -4  -5  -2  -5   0  -2  -4  -5   8  -3  -3  -5  -5  -5    2   2   1   2   0   1   1   1   1   1   9   2   0   1  70   2   2   0   1   1  2.00 0.83
  284 F    -4  -4  -3  -4  -4  -4  -4  -4  -1  -4  -3  -3  -1   8  -4  -4  -3   4   2  -3    2   1   1   1   0   1   1   1   1   1   2   2   1  66   1   2   2   5   6   2  2.03 0.73
  285 K    -1   1   0   2   0   0   1  -3   1  -2  -2   1  -2   0   2   0  -1   2   2  -2    5   7   3  10   2   4  10   2   4   2   4   7   1   4  12   6   3   3   8   3  0.19 0.15
  286 G     2  -1   0   3  -4  -1   0   3   0  -3  -3  -1  -2  -4  -2   1  -1  -4  -4  -3   15   4   4  14   0   3   5  25   2   2   2   3   1   1   2  11   3   0   1   2  0.38 0.24
  287 K    -1   1   1   2  -3   0   3  -2   0  -2  -2   1  -2  -2   1   1  -1   0  -1  -2    3   6   5  12   1   4  20   3   2   2   5   8   1   1   7   9   3   1   2   3  0.23 0.18
  288 S    -2  -2   4   3  -1  -1  -2  -2   2  -3  -3  -1  -3  -2  -2   3   2  -3  -4  -4    3   2  21  13   1   3   2   3   5   1   2   3   1   2   2  20  13   0   0   1  0.54 0.34
  289 K    -1  -1   0   0  -4   1   2  -3   2   0   0   0  -1   0   3  -2  -1  -2  -2   0    5   4   4   4   0   6  17   2   5   6  11   5   1   4  13   2   3   1   1   6  0.19 0.16
  290 K    -1   0   1   1  -3   2   1  -3   0  -1  -2   2   2  -2   0   0   0  -2   0   0    6   5   5   8   0  10   9   2   3   4   4  12   7   1   5   6   5   1   3   6  0.14 0.14
  291 E     0   0   0   2  -4   1   4  -1  -1  -3  -2   1  -2  -3  -2  -1  -1   0  -2  -2    7   5   4  13   0   7  26   4   1   2   4   9   1   1   2   4   4   1   1   3  0.34 0.25
  292 T    -3  -3  -2  -2  -3   0  -3  -4  -4   2   3  -2   3  -2  -2  -3   3  -4  -2   1    1   1   2   2   0   4   2   1   0  11  32   2   6   1   2   1  21   0   1   8  0.54 0.33
  293 F    -3  -1  -4  -3  -2  -3  -2  -4  -2   0   2  -1   1   5  -5  -3  -3   2   5  -1    2   3   1   2   1   1   3   2   1   5  18   3   4  25   1   1   1   3  18   4  0.73 0.37
  294 R    -2   3   0   1  -4   2   2  -3   0  -3  -2   2  -2   0  -1   0  -1  -2  -1  -3    3  19   5   7   0  10  11   2   2   1   5  12   1   5   2   7   4   0   2   2  0.31 0.23
  295 N    -1   3   3  -2  -1   1  -1  -4  -2  -2  -1   5   0  -3  -3   0  -3  -3  -3  -2    6  13  13   2   1   5   3   1   1   2   5  31   3   1   1   6   1   0   1   3  0.54 0.34
  296 V    -3  -3  -3  -4  -4  -4  -5  -4  -3   7  -1  -3  -1  -1  -5  -3  -2  -3  -3   3    2   2   2   1   0   1   1   2   1  54   5   2   1   3   1   2   3   1   1  17  1.22 0.52
  297 L    -1  -1  -1  -2   0  -1  -1  -3  -1   1   2   0   2   0  -1  -1   0  -3  -1   1    4   4   2   2   2   3   4   2   1   9  25   7   5   4   3   5   5   0   2  11  0.13 0.12
  298 M    -1   2   3   0  -2   1   1  -2   0  -2  -2   3  -1  -1  -2   1   0  -3  -1  -2    5   9  13   4   1   6   8   3   2   2   4  18   2   3   1   9   5   0   2   3  0.22 0.17
  299 K     0   1   1   1   1   0   0   2   1  -3  -2   1  -2  -2  -2   0  -1   2  -1  -1    7   8   6   8   3   5   6  19   4   1   4   7   1   1   2   5   3   4   1   5  0.15 0.12
  300 E    -1   1   1   2  -2   1   3  -3   0  -1  -3   2  -2  -1   2  -1  -1  -3  -2  -1    4   6   7  12   1   5  17   2   2   4   3  12   1   3   9   5   4   0   1   4  0.24 0.17
  301 P    -3  -3  -2  -3  -3  -2  -1  -3  -3   1   1  -3  -2   2   5  -2  -2   0   3   1    2   1   2   1   1   2   5   2   0   9  13   2   1   7  28   3   2   1  10   8  0.58 0.32
  302 E    -1   2   0   1  -2   0   2  -2   1  -2  -2   2  -1  -3   2   0   1  -2   0  -2    4   9   5   9   1   4  12   2   3   3   4  11   1   1   9   7   8   0   3   3  0.17 0.14
  303 F    -3  -3  -3  -2   1  -3  -2  -4   0   1   1  -3   1   5  -1  -3  -2   6   3  -1    2   1   1   3   3   1   3   2   2   7  11   2   3  27   3   2   2  10  10   3  0.66 0.33
  304 A    -3  -2  -3   0  -3  -3  -1  -4  -5  -2  -1   0  -4  -4   7  -1  -1   0  -2  -2    2   3   1   6   1   1   3   1   0   2   6   5   0   1  50   5   4   2   1   3  1.12 0.57
  305 G    -1   0   1   1  -3   0   1   0   3  -3  -3   1  -3  -1   0   2   0   3  -2  -2    4   5   6   8   0   3   9   8   7   1   3   7   0   2   4  19   5   4   1   3  0.23 0.20
  306 K    -1  -2  -2  -3   0  -2  -1  -3   1   3   1   0   1   2   0  -2  -1   1   1   2    4   2   1   1   2   1   4   1   4  15  14   6   3   9   5   3   3   2   5  15  0.19 0.15
  307 P    -2  -4   0   0  -3  -4  -2  -4  -3  -4  -3  -3  -2  -1   3   6  -1  -1  -4  -3    2   1   3   5   1   1   3   1   1   1   3   1   1   3  14  52   4   1   1   2  0.99 0.59
  308 N    -1   0   1   2  -4   0   2  -3  -2  -3  -2   1  -3  -3   3   2  -1   0  -1  -2    5   5   6  11   0   4  13   1   1   1   3   8   0   1  14  15   3   1   3   3  0.30 0.25
  309 D    -1  -2   0   4  -4   1   4  -1  -1  -4  -2  -1  -5  -5  -1   0  -1  -4  -3  -3    5   2   4  22   0   5  28   5   1   1   4   3   0   0   3   8   3   0   1   2  0.56 0.37
  310 L     5  -5  -5  -5   3  -4  -5   0  -5  -1   1  -4   0   1  -3  -2  -2  -3  -5  -1   51   0   0   0   6   1   0   7   0   3  12   1   2   6   1   2   2   0   0   4  0.90 0.51
  311 T    -2   4  -3  -4  -1   1  -1  -5  -1   1  -1   5  -1  -3  -5  -1  -1   1  -2   1    3  19   1   0   1   6   4   0   1   7   5  30   1   1   0   4   4   2   1   9  0.57 0.37
  312 D    -2  -1   1   7  -5  -1  -1  -2   1  -5  -5  -2  -5  -5  -5   2  -3  -7  -6  -6    4   3   7  53   0   3   4   3   4   1   1   3   0   1   1  13   1   0   0   1  1.25 0.64
  313 L    -4  -6  -7  -7  -4  -5  -7  -7  -6   1   6  -5  -1   4  -7  -6  -4  -4  -3  -2    2   0   0   0   0   1   0   0   0   8  65   1   1  17   0   0   1   0   1   2  1.55 0.71
  314 I    -3  -6  -7  -7   2  -6  -7  -7  -7   6   4  -6   0  -2  -6  -5  -4  -6  -5   2    2   0   0   0   3   0   0   0   0  40  35   0   1   1   0   1   1   0   0  14  1.38 0.63
  315 R    -2   3   0   0  -1   2   1  -3   0  -3  -2   3   0  -4  -3   2   0  -5  -3  -4    3  16   3   5   1   8   9   2   3   1   4  17   2   0   1  17   5   0   1   1  0.39 0.31
  316 R    -1   4  -1  -4  -2   2  -3   1   0  -4  -3   5  -1  -6  -4   0  -3  -2  -5  -5    5  19   2   1   1  10   1  11   2   1   3  32   2   0   1   6   1   1   0   1  0.74 0.47
  317 L    -3  -7  -7  -8   4  -6  -7  -7  -7   1   5  -7   7   1  -7  -6  -5  -6  -5  -3    2   0   0   0   9   0   0   0   0   7  51   0  23   6   0   1   0   0   0   1  1.61 0.75
  318 L    -6  -7  -8  -8   1  -7  -7  -8  -7   0   6  -7   1   2  -7  -6  -6  -2  -5  -3    0   0   0   0   3   0   0   0   0   5  78   0   3   7   0   1   0   1   0   1  1.86 0.83
  319 V    -2   1   0   1   3   3   0  -5  -1   0  -3   1  -1  -5  -5  -2   2  -6  -4   3    3   8   4   7   6  11   6   0   2   6   1   9   1   0   0   2  14   0   0  20  0.37 0.31
  320 K    -2   2  -3  -3   0  -1  -2  -4  -1  -1   0   4  -1  -1   1  -3  -2  -2   3   1    3  12   1   1   2   2   2   1   1   4   8  26   2   3   8   2   2   1   9  11  0.41 0.31
  321 D    -5  -4   5   6  -5  -2   1  -5  -1  -6  -7  -2  -7  -5  -5  -1  -4  -8  -6  -6    1   1  28  47   0   2  10   0   1   0   0   2   0   1   1   4   1   0   0   1  1.60 0.77
  322 P    -1  -2  -6  -5  -5  -5  -4  -6  -3  -3  -4  -5  -5  -8   8  -2  -4  -5  -4  -3    5   2   0   0   0   0   1   0   1   2   2   1   0   0  77   3   1   0   1   2  2.35 1.06
  323 N     1   0   1   1  -1   0   2  -2   0  -3  -3   2  -1  -4  -3   2   1  -4  -3  -1   12   5   8   6   1   4  15   2   2   1   2  12   2   0   1  13   8   0   1   4  0.24 0.22
  324 R    -2   1   1   0  -3   3   2  -4   1  -5  -3   5  -1  -3  -5  -2   0  -4  -4  -4    2   8   6   5   1  13  11   1   4   0   3  34   1   1   0   3   6   0   0   1  0.69 0.45
  325 R    -8   9  -7  -8  -9  -5  -7  -8  -7  -9  -8  -4  -8  -9  -8  -7  -7  -9  -8  -9    0  99   0   0   0   0   0   0   0   0   0   0   0   0   0   0   0   0   0   0  3.51 1.41
  326 L    -3  -4  -4  -5  -2  -4  -4  -5  -4   5   4  -4   2   0  -2  -4  -4  -2   0  -1    2   1   1   1   1   1   1   1   1  32  39   1   4   4   2   1   1   0   3   3  0.93 0.42
  327 G    -2  -2  -1  -3  -2  -3  -3   4  -4  -4  -3  -2  -4  -3  -2   3   4  -2  -4  -4    3   2   2   2   1   1   1  28   0   1   2   2   0   1   2  23  25   1   1   1  0.76 0.41
  328 C     3  -1  -1  -2   3  -1  -2  -1  -1   1   0  -2   0   0  -1   1   0  -2  -1   0   23   3   2   2   7   2   2   4   2   9   7   2   2   5   2  12   5   0   2   5  0.17 0.11
  329 H    -1   2  -1  -1  -2   1   0   1   2  -2  -2   2  -1  -1   1  -1  -1  -2  -1  -2    5  13   3   3   1   8   6  11   6   3   4  16   1   2   6   4   4   1   2   3  0.17 0.10
  330 R     0   1   1   1  -2   2   1   0  -2  -2  -2   1  -1  -3   2   0  -1   0  -2  -2   10   6   8   8   1  10  10   7   1   2   3   8   2   1  12   5   3   1   1   2  0.20 0.13
  331 G     2  -2  -1   1  -2  -2  -1   3  -2  -2  -2  -1  -2  -1  -2   1   1  -1  -2  -2   18   2   3   8   1   2   3  23   1   2   4   4   1   3   2  10  10   1   2   2  0.27 0.16
  332 A     3  -4  -4  -3  -2  -3  -2  -3  -4   1   3  -3  -1   1  -3  -1  -1   0  -2   1   29   1   1   1   1   1   2   1   0   9  25   1   1   7   1   4   3   1   1   8  0.43 0.28
  333 A     2  -1   0   2  -1   1   2  -1  -1  -2  -2   1  -1  -3  -1   0   0  -3  -2  -2   16   3   4  11   1   7  15   4   2   2   4   8   1   1   2   7   6   0   1   3  0.18 0.14
  334 E    -2  -2  -1   4  -4   3   5  -2  -1  -4  -4  -2  -3  -4  -3  -2  -2  -4  -3  -3    4   2   2  22   0  13  37   3   2   1   2   2   1   1   1   3   2   0   1   2  0.87 0.42
  335 I     0  -4  -4  -4   0  -4  -4  -4  -4   5   2  -4  -1  -1  -2  -3  -2  -2  -3   3    9   1   1   1   2   1   1   1   0  34  17   1   1   3   2   1   2   0   1  21  0.73 0.33
  336 K    -2   2  -3  -3  -1   0  -2  -4  -2  -2   3   4   3  -2  -3  -3  -2  -4  -3  -2    3   9   1   1   1   5   2   1   1   2  28  29   8   1   1   2   2   0   1   2  0.63 0.35
  337 E     0   2   3   0   0   3   2  -2  -1  -4  -3   2  -1  -5  -4   0  -1  -5  -3  -3    7  10  13   4   2  14  14   2   2   1   2  14   1   0   0   7   3   0   1   2  0.40 0.29
  338 L    -6  -5  -3  -1  -5  -2  -5  -8  11  -5  -8  -7  -3  -4  -8  -4  -5  -8  -4  -6    1   1   1   4   0   1   0   0  85   1   0   0   1   1   0   2   1   0   0   1  3.57 1.35
  339 A    -1  -1  -5  -2  -5  -3  -1  -6  -3  -4  -6   0  -4  -5   8  -2  -3  -2  -4  -4    5   4   1   3   0   1   5   1   1   1   1   5   0   1  64   4   1   1   1   1  1.71 0.84
  340 F    -7  -8  -9  -9  -8  -8  -8  -9  -3  -4  -3  -8  -6   7  -9  -8  -8  10   5  -6    0   0   0   0   0   0   0   0   1   1   2   0   0  40   0   0   0  39  15   1  2.95 1.16
  341 F    -6  -6  -6  -7  -6  -6  -6  -6  -5   1   0  -6   0   8  -6  -6  -5  -2   0   0    0   0   0   0   0   0   0   0   0   7  10   0   2  69   0   0   1   0   2   5  2.11 0.82
  342 A     0   4   1  -1  -2   2   0  -3  -1  -4  -3   4  -2  -4  -4   1  -1  -1  -4  -3    8  20   6   3   1   8   6   1   1   0   2  24   1   1   0  11   4   1   0   2  0.50 0.33
  343 G    -2  -1   2   3  -4  -2   0   3  -1  -4  -4   0  -4  -4   0   2   1  -2  -2  -4    2   2   9  19   0   1   5  24   1   1   2   5   0   0   5  13   7   1   1   1  0.46 0.29
  344 V    -2  -4  -3  -2  -3  -3  -2  -4  -2   5   2  -3   1   0  -3  -3   0  -1  -2   3    2   1   1   3   0   1   2   1   1  33  15   2   4   3   1   1   5   1   1  23  0.60 0.30
  345 R    -3  -1   5   5  -2   0  -1  -3  -2  -3  -4  -1  -4  -4  -1  -1  -2  -4  -3  -2    1   3  30  36   1   3   2   1   1   2   2   4   0   1   3   4   2   0   1   3  0.93 0.43
  346 W    -3  -4  -4  -3  -4  -3  -4  -4  -4  -3  -3  -4  -4   3  -2  -2  -4  11  -1  -2    3   1   1   2   0   1   1   1   0   1   3   1   0  11   3   3   1  60   1   3  2.51 0.76
  347 D     0  -1   2   4  -4   1   3   0  -2  -3  -3   1  -3  -4  -1  -1  -1  -2  -3  -3    8   3  10  21   0   6  18   7   0   1   2  10   1   0   3   4   3   0   0   2  0.38 0.23
  348 L    -1   1   2  -1  -3  -1  -1  -1   1   0   2   0   0  -1  -1   0   0  -3  -1  -1    5   7  11   3   0   1   4   5   4   6  23   6   1   1   2   6   7   0   2   3  0.07 0.10
  349 L    -2  -3  -4  -3  -3  -4  -1  -5  -4   3   4  -3   1  -1  -3  -2  -2  -3   2   1    3   1   1   2   0   0   4   1   0  18  43   1   3   2   1   3   1   0   7  10  0.59 0.32
  350 T     0   4   0  -1  -4   2   3  -3   2  -2  -1   0  -2  -3  -1  -1  -1   0  -2  -3   10  23   5   2   0   8  18   1   5   2   7   3   1   1   3   5   4   1   1   1  0.33 0.24
  351 E    -1   3   2   0  -2   1   1   0   0  -4  -3   3  -3  -4  -3   0  -1  -2  -3  -3    3  19  11   5   1   6   7   7   2   0   2  24   0   0   1   7   3   1   1   1  0.43 0.26
  352 V    -1   1   0   0   1   2   2  -2  -1  -2  -1   2   2  -3  -2   0   1  -3  -1  -1    5   8   3   4   3  11  14   3   1   2   5  13   6   0   1   5   8   0   3   4  0.16 0.15
  353 L    -1  -2  -2  -2  -2  -1  -1  -2  -1   2   2  -1   1  -1  -3  -1   0   0   1   2    6   2   1   3   0   2   3   3   1  16  22   3   2   1   1   3   7   1   6  16  0.17 0.14
  354 R    -2   0  -1   1  -4   2   2  -3  -2  -2  -2   2   0  -3   3   0   1  -4  -3  -1    2   4   2   7   0   8  17   1   0   2   3  12   3   1  17   6  10   0   1   3  0.35 0.24
  355 P     2  -4  -4  -4  -5  -4  -1  -3  -5  -5  -4  -3  -2  -6   7  -3  -2  -6  -5  -4   17   1   1   1   0   1   4   2   0   0   2   1   1   0  64   1   2   0   0   1  1.78 0.71
  356 P    -2  -5  -5  -3  -6  -4  -1  -2  -4  -3  -4  -3  -2  -5   8  -2  -3  -3  -1  -3    3   0   0   1   0   0   5   3   0   2   2   1   1   0  71   3   1   0   2   2  1.90 0.75
  357 F    -2  -4  -3  -2  -5  -3  -1  -5  -1   1  -1  -2  -2   7  -4  -3  -2   2   4  -2    3   0   1   3   0   1   4   0   1   9   5   3   1  46   1   1   2   3  13   2  1.01 0.47
  358 I    -2   0  -1  -3  -1   0   0  -5  -1   4   0   3  -1  -3  -4  -3  -1  -5  -2   3    1   4   3   1   1   5   6   0   1  22   7  21   1   0   0   0   3   0   1  23  0.43 0.31
  359 P    -2  -5  -3  -6  -7  -3  -2  -6  -6  -4  -5  -4  -6  -7   8  -2  -3  -7  -7  -6    3   1   1   0   0   1   2   0   0   1   1   0   0   0  84   3   1   0   0   0  2.60 0.96
  360 L     0   0   1   1  -2   2   0  -2  -1  -1  -1   1   0  -1   2   0   0  -3  -1  -1    8   4   7   9   1  12   6   1   1   3   7   9   2   2   9   5   7   0   2   5  0.12 0.10
  361 R    -1   1  -2  -1  -3   0   0  -2  -2   1   1   1  -1  -1   2   0  -1  -3  -1   1    2   9   1   4   0   2   8   3   1  11  14  10   0   2   9   7   2   0   2  12  0.11 0.13
  362 D    -1   0   0   1  -1   1   1   0  -1   0  -1   0  -1   0   0   0   0  -2   0   0    4   4   3  12   2   8   9   6   1   6   7   4   1   4   4   8   6   0   3   8  0.05 0.05
  363 D     0   0   2   3  -1   0   1  -1  -2  -2  -2   2  -1  -3  -2   2   0  -4  -3  -3    7   4   9  15   1   3   9   3   1   2   3  14   1   1   1  19   5   0   0   1  0.28 0.21
  364 G     0  -1   1   1  -2  -1   0   2   1  -2  -1  -1  -2  -3   1   2  -1  -2   0   0    4   2   7   9   1   1   6  17   4   2   6   2   0   1   6  17   3   1   3   7  0.14 0.13
  365 E    -1   0  -1   3  -4   0   4  -3  -2   0  -2  -1   0  -2   3  -1  -2  -4  -2  -3    4   5   2  16   0   3  26   2   0   7   3   3   3   2  16   4   1   0   1   1  0.43 0.28
  366 L    -1   0  -1   1  -2   0   0   0   0   1   0   0   0  -1  -1   0   1  -1   0   0    3   5   2  12   1   3   5   7   2  10   8   5   3   3   2   9  13   1   4   5  0.04 0.07
  367 T    -2   0   1   7  -2  -2  -1  -2  -4  -4  -5   0  -5  -5  -2  -1   0  -6  -4  -4    3   4   5  61   1   1   2   3   0   1   1   5   0   0   2   4   6   0   1   1  1.23 0.54
  368 V     0  -3  -3  -2  -2  -3  -3  -4   0   2   0  -3   0  -2  -3  -1   5  -4   0   2    8   1   1   2   1   0   1   0   2  10  10   1   2   1   1   3  37   0   3  15  0.51 0.34
  369 G     0   0   0   0  -1   0   0   1   0  -3  -3   0  -2  -2   0   4   0  -4  -3  -2    6   6   4   6   1   4   4   9   2   1   3   6   1   1   3  35   5   0   0   2  0.31 0.24
  370 G    -2  -1   6  -1  -5   2  -1  -2   1  -4  -1  -2  -4  -1  -3  -1  -2  -3   5  -3    4   4  36   3   0   9   3   3   3   0   6   1   0   2   1   4   1   0  20   1  0.74 0.41
  371 F    -4  -3  -5  -3  -1  -2  -5  -5  -4  -1  -2  -4  -2   8  -1  -2  -3   0   0  -2    1   2   0   2   1   2   0   0   0   4   3   1   1  68   4   3   1   1   2   2  1.63 0.63
  372 D    -3  -2   0   7  -5  -3   2  -4  -4  -4  -4  -2  -3  -1  -1   1  -3  -3  -5  -4    2   2   3  58   0   0  10   1   0   1   2   2   0   3   3  10   1   0   0   1  1.18 0.53
  373 I     0  -1   0   3  -3   0   1  -2   0   0  -2   0  -1  -3   2   1   1  -4  -3   0    9   3   3  18   0   3  10   2   3   5   3   6   2   0   9   9   7   0   0   6  0.20 0.15
  374 R    -1   2  -2   1  -3   1   3  -3  -2  -2  -3   0   0   2   0  -1   0  -3   2  -1    3  15   1   9   0   5  20   1   0   2   1   3   3   9   4   5   6   0   9   4  0.26 0.22
  375 E    -2  -2   2   1  -3  -2   2  -3  -1  -3  -3  -1  -3   5   0   0  -1   2  -1  -2    3   1  10   7   0   1  17   1   1   0   1   3   0  30   4   9   3   3   1   2  0.48 0.31
  376 H    -2  -1   1   0  -3  -1   3  -2   1  -2  -1   0  -1  -2  -3   0   4  -4   0   0    1   2   8   5   0   2  20   2   3   2   5   6   1   2   1   4  28   0   3   5  0.33 0.26
  377 F     0   0   1   0  -3   0   2  -2   0  -1  -1   0  -1   3  -2   1  -2   0   0  -2    8   5   7   5   0   2  15   2   2   3   7   6   1  17   1  11   1   1   2   2  0.15 0.15
  378 E    -1   0   0   3  -5   2   4  -4   0  -3  -3   1   0  -4  -2  -1  -2  -4  -1  -2    4   5   4  16   0  10  34   0   1   1   3   6   3   0   2   3   2   0   2   4  0.53 0.32
  379 K    -1   0   1   1  -2   0   1  -1   1  -1  -2   1  -1   0   2   0   0   1  -1  -2    5   5   6   8   1   2  11   3   5   3   2  12   2   4  11   9   7   2   2   2  0.14 0.11
  380 L    -1  -1  -1  -1  -1  -1  -1  -2   0   1   1  -2   2   1   3  -1   0   0   0   1    4   2   2   4   1   1   4   2   3   7  16   2   6   5  13   3   5   1   4  15  0.13 0.11
  381 R    -1   2  -1   1  -3   1   2  -2  -1  -1  -1   1  -1  -2   2   0   1  -3   0   0    3  13   2   7   0   8  12   1   1   4   4   6   1   1   9   8   8   0   4   8  0.15 0.13
  382 T    -1  -1   1   1  -3  -1   0  -1  -2   1   1  -1  -1  -1   0   0   1  -3   0   0    4   3   6  10   0   1   6   3   0  11  20   4   0   2   3   8   9   0   5   6  0.07 0.10
  383 T     0  -1  -1   1  -3  -1   0  -2  -3  -2  -4  -1  -2  -4  -2   4   4  -5  -2   1    4   4   2   7   0   3   5   2   0   2   0   2   0   0   1  30  25   0   1  10  0.45 0.33
  384 P    -1  -4  -1   0  -5  -1   1   0  -4  -2  -3   0  -4  -3   7   0  -2  -5  -2  -3    4   0   2   6   0   3   8   6   0   2   3   5   0   1  48   6   2   0   1   2  1.00 0.44
  385 S     0   0   0   1   2  -1   1   0  -1  -1  -2   1  -1  -3   1   1   1  -3  -2   0    8   4   4  10   6   1  10   7   1   4   3   8   1   0   8   9   8   0   1   8  0.11 0.09
  386 S     0  -2   1   3  -2   0   1  -1   0  -2  -1  -1   0  -1   0   0   0  -4  -2   0    9   1   6  24   1   3   8   4   3   0   8   2   3   4   5   6   6   0   1   7  0.17 0.15
  387 A     0  -1   0  -1  -2   0   0  -2   0   0   0   0   1  -2   1   2   1  -1  -2  -1    6   3   3   3   0   5   4   2   2   5  13   7   4   0   7  23   9   1   0   2  0.13 0.14
  388 P     1  -1   2  -2  -3   1   0  -2   1  -3  -2   0  -2  -4   5   0  -1  -4  -1  -2   11   2  10   2   0   6   6   2   3   1   3   4   1   0  35   5   3   0   2   3  0.61 0.28
  389 P     1  -2  -1   1  -3   0  -2   0  -2  -3  -3  -1  -2  -2   5   1   0  -3   0  -3   11   1   2   8   0   4   2   8   1   1   2   4   1   2  31  10   7   0   3   1  0.52 0.25
  390 S     0   0   1   1  -2   1   0  -1  -2   0  -1   0  -1  -1  -1   2   0  -3  -1   0    8   5   6   8   1   7   5   3   0   5   5   5   2   3   2  24   4   0   1   7  0.11 0.12
  391 P    -1  -1  -2   2  -4   0   1  -2  -2  -2  -1   0  -1  -4   5   0   0  -4  -4   0    4   3   1  11   0   5   8   2   1   2   6   6   1   0  31   6   5   0   0   8  0.49 0.25
  392 L     1  -2  -2  -2  -3   0  -1  -3   0   2   2  -1   1   0   1   0  -1  -3  -2   0   12   0   1   2   0   5   4   1   3  18  23   3   2   5   8   6   2   0   0   4  0.17 0.16
  393 R     0   3   0   0  -3   1   0  -2   0   0  -2   1  -1  -3  -1   2   0  -4  -3  -1    5  21   5   3   0   5   6   2   2   7   2   9   1   1   3  21   4   0   0   4  0.23 0.18
  394 S     2   1   2   0  -2   1   0  -2  -2  -1  -1   0  -1  -2  -1   2   0  -3  -2  -1   17   6  11   3   0   7   7   1   0   4   7   6   1   1   2  18   5   0   1   2  0.16 0.14
  395 P     0   0   2   0  -3   0  -1   1   1   1  -1  -1   0  -3   3   0   0  -3  -2  -1    7   5  11   3   0   3   3  14   4  11   6   2   2   0  15   5   4   0   0   3  0.17 0.12
  396 P     1   0   0   2  -3   0   0  -1  -2  -2  -2   1   1  -2   4   0  -1  -3  -1  -2   14   5   3  11   0   5   3   4   0   2   2   8   6   2  21   7   3   0   2   2  0.30 0.17
  397 H     0  -2   2  -1  -3   4   0  -2   4  -2  -2  -1   0  -2   1   1   0  -4  -1  -1    6   0   9   3   0  24   6   2  12   2   3   1   2   2   7  10   5   0   1   4  0.32 0.23
  398 V     0   0   0   0  -1   1   1  -2   2  -1   0  -1   0   1  -1   0   0  -3  -1   0    6   3   3   6   1   9  12   1   8   3   8   2   3   7   2   8   7   0   1   9  0.07 0.09
  399 C     0  -1   1   0   2  -1   1  -2  -2   0   1  -1   0  -1   0   0   1  -3  -2   0   10   1   7   6   6   1  13   2   0   4  17   2   1   1   4   8   8   0   1   7  0.08 0.10
  400 R    -1  -1  -1   0  -4   0   0   1   0  -2  -2   0  -2   6  -4   0  -3  -2   1  -3    4   4   3   5   0   6   5  12   2   1   3   5   0  39   0   7   0   0   3   1  0.48 0.29
  401 K    -1   3   1   1  -4   2   2  -1  -1  -4  -2   2  -3  -1  -3   0  -1  -4  -2  -3    5  20   6   7   0   8  17   5   0   0   4  12   0   3   0   7   3   0   1   1  0.30 0.19
  402 N    -2  -1   4   2  -4   2   0   4   2  -5  -5  -2  -2  -5  -1  -1  -3  -5  -2  -5    2   2  25  12   0   9   4  33   5   0   0   0   1   0   2   3   0   0   1   0  0.68 0.32
  403 D    -2  -2   1   0  -4  -3  -2  -2  -3  -1   2  -1  -2   6  -3  -2  -1   0   1  -3    2   2   8   7   0   1   2   2   0   2  18   4   0  41   1   2   3   1   4   0  0.57 0.31
  404 P     0  -2  -1   1   1  -2   0  -3  -3  -4  -3  -2  -1  -5   5   3   1  -5  -4  -3    7   2   2   7   3   1   7   0   0   0   2   0   1   0  27  32   9   0   0   1  0.68 0.34
  405 F    -5  -6  -6  -7  -6  -6  -6  -6  -2  -3  -1  -6  -3   8  -7  -6  -5   0   5  -4    0   0   0   0   0   0   0   0   1   0   4   0   0  77   0   0   0   1  17   0  2.27 0.68
  406 I    -2  -2  -3  -1  -3  -3  -2  -5  -2   5   0  -3  -1  -2  -4  -4  -2  -5  -3   5    1   2   1   4   0   1   2   0   1  33   5   2   1   1   0   0   0   0   0  46  0.80 0.35
  407 E    -2  -2  -1   3  -4  -1  -1   5  -3  -5  -5  -1  -4  -5  -4   2  -3  -5  -5  -5    0   2   2  18   0   2   3  54   0   0   0   4   0   0   0  16   0   0   0   0  0.94 0.34
  408 F    -4  -5  -5  -6  -5  -5  -5  -5  -2  -3  -2  -5  -2   8  -6  -4  -4  -1   5  -3    0   0   0   0   0   0   0   0   0   0   0   0   0  79   0   0   0   0  21   0  1.97 0.46

                      K         Lambda
Standard Ungapped    0.1361     0.3185
Standard Gapped      0.0439     0.2670
PSI Ungapped         0.1439     0.3125
PSI Gapped           0.0439     0.2670
