
Last position-specific scoring matrix computed, weighted observed percentages rounded down, information per position, and relative weight of gapless real matches to pseudocounts
            A   R   N   D   C   Q   E   G   H   I   L   K   M   F   P   S   T   W   Y   V   A   R   N   D   C   Q   E   G   H   I   L   K   M   F   P   S   T   W   Y   V
    1 M    -3  -4  -5  -5  -4  -3  -5  -5  -4   2   2  -4   8  -2  -5  -4  -3  -4  -3   2    0   0   0   0   0   0   0   0   0  10  17   0  60   0   0   0   0   0   0  12  1.41 0.44
    2 D    -3  -2   1   6  -6  -1   3  -2   1  -6  -6  -3  -5  -6  -4  -1  -1  -6  -2  -5    1   1   7  58   0   2  17   3   3   0   0   0   0   0   0   3   4   0   1   0  1.22 0.44
    3 H    -2   1   2   2  -4   0  -2  -2   5  -1  -1  -1  -1  -1   2  -1  -1  -4   1   0    1   9   9  14   0   4   0   3  19   3   5   2   1   2  11   4   2   0   4   7  0.33 0.21
    4 V    -1   2  -1  -3  -1  -2  -2  -4   1   2   1  -1   3  -1  -1  -2  -1  -4  -3   3    3  14   4   1   1   0   1   0   4  11  13   3  10   3   2   2   3   0   0  26  0.30 0.22
    5 I    -2  -4  -1  -4  -4  -3  -3  -4  -4   3   2  -2  -1   3  -4  -1   1  -4  -3   3    2   0   3   1   0   1   1   1   0  18  23   2   0  12   0   5  11   0   0  21  0.49 0.28
    6 G     0   0  -1  -1  -4  -1   0   2   1  -1   0   1   4   0  -2   0   0  -4  -2  -2    9   6   2   2   0   1   6  19   3   3   7   8  15   3   2   7   5   0   1   2  0.19 0.18
    7 G    -1  -2   2   4  -3  -1   1   3  -1  -5  -5   0  -5  -4  -2   1  -3  -6  -2  -4    6   2  10  25   1   2  11  21   1   0   1   5   0   1   2  10   0   0   2   1  0.55 0.32
    8 K    -4   4   2   3  -6   2   0  -4   2  -6  -4   3  -4  -1  -2  -2  -2  -6  -5  -3    0  20   8  19   0   8   6   1   5   0   2  21   0   3   2   1   2   0   0   1  0.71 0.40
    9 F    -8  -8  -8  -9  -8  -8  -8  -9  -5  -4  -6  -8  -6   6  -9  -8  -8   6   9  -6    0   0   0   0   0   0   0   0   0   1   0   0   0  26   0   0   0  10  63   0  2.96 1.07
   10 K    -3   2  -1   1  -3   2   4  -5   0   0  -2   3  -2  -4  -5  -2   0  -6  -3  -2    1  10   2   9   1   9  30   0   2   5   4  15   1   0   0   2   6   0   1   2  0.57 0.36
   11 L    -4  -1  -3  -4  -3  -4  -5  -5  -6   4   4   0   2   2  -5  -5  -2  -5  -2   2    0   4   1   1   0   1   0   1   0  21  34   7   4   7   0   0   2   0   1  15  0.72 0.38
   12 G    -3  -3  -3  -1  -1   0  -1   4  -2   1   2  -1  -1  -2  -5  -2  -3  -5  -3   0    0   1   0   3   1   4   4  38   1   9  20   4   1   1   0   2   1   0   1   8  0.56 0.34
   13 R    -3   5  -1   0  -6   1   3  -2  -1  -5  -5   4  -4  -5  -3  -2  -3  -7  -5  -5    2  27   3   5   0   4  20   3   1   1   1  26   0   0   1   3   1   0   0   0  0.91 0.48
   14 K    -2   0  -2  -2  -2  -1   2  -5  -3   0   1   4   0  -2   0  -2   2  -5  -4   1    2   5   1   1   1   2  12   0   0   5  12  23   2   1   4   1  14   0   0  11  0.36 0.29
   15 I    -6  -7  -8  -8  -6  -7  -8  -9  -8   6   5  -7  -3  -3  -8  -7  -6  -7  -4   0    0   0   0   0   0   0   0   0   0  42  51   0   0   0   0   0   0   0   0   5  1.82 0.73
   16 G    -4  -8  -5  -7  -8  -7  -6   8  -8 -10  -9  -7  -8  -9  -8  -3  -7  -8  -4  -9    1   0   0   0   0   0   0  96   0   0   0   0   0   0   0   1   0   0   1   0  2.87 1.06
   17 S    -2   2  -1  -1  -1   3   3  -3   2  -5  -5   4  -3  -5  -5   1   0  -4  -5  -2    2  11   2   4   2  11  18   2   5   1   0  24   0   0   0  12   5   0   0   2  0.60 0.38
   18 G    -6  -8  -6  -7  -9  -8  -8   8  -8 -10 -10  -8  -9  -9  -8  -6  -8  -9  -9  -9    0   0   0   0   0   0   0 100   0   0   0   0   0   0   0   0   0   0   0   0  3.13 1.14
   19 S     2  -3   1  -4  -1   2  -2   2  -1  -5  -6  -1  -5  -6  -3   4   3  -6  -5  -5   18   1   7   0   1   8   2  12   2   0   0   4   0   0   1  28  16   0   0   0  0.67 0.44
   20 F    -6  -8  -6  -9   0  -8  -7  -8  -3  -6  -5  -8  -1   9  -9  -2  -2  -4   5  -6    0   0   0   0   2   0   0   0   1   0   1   0   1  70   0   3   3   0  19   0  2.59 0.97
   21 G     3  -7  -6  -6  -7  -6  -7   7  -7  -8  -8  -6  -7  -8  -7   2  -5  -8  -8  -7   20   0   0   0   0   0   0  68   0   0   0   0   0   0   0  12   0   0   0   0  1.96 0.83
   22 E    -2   1  -2   0   0   1   2  -3  -1   0  -3   3  -2  -4  -4  -1   1  -5  -2   2    2   7   2   4   2   5  12   1   2   6   2  23   1   0   0   5   8   0   1  17  0.34 0.27
   23 L    -3  -8  -8  -8   2  -7  -8  -8  -8   1  -2  -7  -5  -6  -8  -7   0  -8  -7   7    2   0   0   0   3   0   0   0   0   7   3   0   0   0   0   0   6   0   0  79  2.12 0.87
   24 Y    -5   1  -5  -7   1  -1  -5  -7   1  -2  -3   2   0   3  -7  -5  -5   4   7  -2    1   8   0   0   3   3   0   0   3   2   2  12   2  11   0   0   0   6  43   3  1.38 0.64
   25 I    -2   2  -5  -4  -2  -1   1  -4  -1  -1   4   3   0  -1  -5  -3  -2  -4  -2  -1    3  10   0   0   1   3   8   1   1   3  36  21   2   2   0   1   2   0   1   4  0.54 0.35
   26 G     5  -7  -6  -7   6  -6  -6   3  -7  -3  -5  -5  -2  -7  -6  -4  -5  -7  -6   2   47   0   0   0  14   0   0  23   0   1   1   0   1   0   0   0   0   0   0  12  1.38 0.67
   27 I    -3   4  -3  -4  -1   0   0  -5  -3   1  -1   2   1  -1  -5  -3   2  -3   1   0    1  26   1   0   1   4   5   0   0   8   6  13   3   2   0   1  15   0   6   7  0.47 0.32
   28 N    -4  -2   4   4   1  -1   2  -4   6  -6  -6   0  -5  -5  -6   0  -4   2  -2  -5    1   2  19  22   3   3  11   1  20   0   0   6   0   0   0   6   1   3   1   1  0.99 0.51
   29 V    -2   3   1  -4  -2  -3  -2  -5   0   2   0   4  -1  -4  -4  -2   0  -1  -4   1    3  16   7   0   1   0   1   0   2  11  10  28   1   0   0   2   7   1   0   9  0.50 0.34
   30 Q     0   0   0   1  -3   1   2   0   1  -1  -1   1  -2  -2  -1   0   0  -2  -1  -1    8   6   4   8   0   6  13   5   3   3   7  11   0   1   2   8   6   0   2   5  0.11 0.11
   31 T    -3  -4   2  -2  -4  -5  -3  -4  -3  -5  -3  -1  -4  -5  -6   2   7  -7  -3  -4    1   1   9   3   0   0   1   1   1   0   3   4   0   0   0  16  58   0   1   1  1.37 0.69
   32 G    -3   0   3  -1  -3   0  -2   6   1  -6  -6   1  -5  -5  -5  -2  -4  -4  -5  -6    1   5  15   3   1   4   3  51   4   0   0   9   0   0   0   3   1   0   0   0  1.11 0.53
   33 E    -2   1  -1   0  -4   4   4  -4   1  -3  -3   2  -3   0  -5  -3   0  -4  -1  -2    3   8   3   5   0  17  27   1   3   1   2  12   0   4   0   1   7   0   2   3  0.56 0.37
   34 E    -1   0  -1   0  -3   0   2  -4   1   1   0   1   0   0   0  -1   0  -3   1   0    3   4   2   4   0   4  13   0   4   9  11  11   2   4   5   4   5   0   4   8  0.10 0.12
   35 V    -2  -7  -7  -8   0  -7  -7  -8  -5   0  -2  -6  -1   3  -7  -5  -5  -2   5   6    3   0   0   0   2   0   0   0   0   3   3   0   1  11   0   1   0   1  19  56  1.58 0.70
   36 A     7  -7  -7  -7  -3  -6  -7  -5  -7  -5  -7  -6  -6  -8  -6  -5  -6  -8  -7  -2   96   0   0   0   0   0   0   0   0   1   0   0   0   0   0   0   0   0   0   2  2.60 1.07
   37 L    -2  -7  -7  -8   3  -6  -7  -5  -7   6   2  -7   4  -5  -7  -5  -5  -7  -6   4    4   0   0   0   6   0   0   1   0  39  17   0   9   0   0   0   0   0   0  24  1.32 0.58
   38 K    -7  -4  -6  -7  -9  -5  -5  -8  -7  -9  -9   8  -7  -9  -7  -6  -7  -9  -8  -8    0   0   0   0   0   0   0   0   0   0   0  99   0   0   0   0   0   0   0   0  3.24 1.23
   39 L    -3  -2  -5  -5   1   0  -2  -6  -5   4   0   1   2   0  -5   0   0  -5  -3   3    1   2   0   0   3   5   2   0   0  27   8   9   6   3   0   6   4   0   1  23  0.58 0.35
   40 E    -5  -4  -6  -4  -6  -4   2  -7  -4   6   2  -3   4  -2  -6  -5  -4  -6  -5   2    0   1   0   1   0   0  15   0   0  41  17   2  10   1   0   1   0   0   0  12  1.10 0.53
   41 P    -2   2   2   4  -3  -1   1  -5  -1  -5  -4   3  -4  -3   3   1  -3  -7  -4  -5    3   9  11  20   1   2   7   0   1   1   1  18   0   1  13  10   0   0   0   0  0.62 0.39
   42 V    -2   1  -2  -2  -2  -1  -1  -3  -1  -1   0   5   0  -3  -1  -1  -1  -6  -3   0    3   6   2   2   1   2   3   1   1   4  11  43   2   1   3   3   4   0   1   6  0.57 0.36
   43 K    -2   3   0   1  -6   1   2  -1  -2  -5  -5   4  -3  -3  -3   0  -1  -6  -5  -4    4  14   3   7   0   5  15   5   1   0   1  31   0   1   1   7   4   0   0   1  0.62 0.38
   44 T     0   1   1  -1  -4   1   1  -1  -3  -2  -1   3   0  -2  -2   1   1  -5  -3  -1    6   6   6   3   0   6   7   4   0   1   5  23   2   2   2  12  10   0   1   3  0.26 0.23
   45 K    -1   1  -2   3  -3   1   1  -2  -1   0   0   2   4  -1  -3  -1  -3  -4  -2  -2    6   7   1  15   0   6  11   3   1   5   9  14  11   2   1   5   1   0   1   2  0.25 0.22
   46 H    -1   1   1   1  -3   1   2  -2   3   0  -1   1   0  -2  -1  -1  -1  -2  -1   0    5   7   6   7   0   7  13   1  10   6   4   9   2   1   2   5   3   1   1   9  0.16 0.15
   47 P    -2   0  -1   2  -1   2   4  -1   0  -4  -5   2  -3  -5   3  -1  -3  -6  -5  -4    2   4   3   9   2   9  25   5   2   1   0  15   1   0  14   4   1   0   0   1  0.58 0.37
   48 Q    -2   2   1   2  -2   4   2  -2   0  -2  -2   2  -1  -5  -2  -1  -2  -5  -2  -2    3  11   6  12   1  20  11   3   2   2   4  11   2   0   2   4   1   0   1   3  0.38 0.28
   49 L     0  -5  -4  -5  -3  -5  -2  -6  -6   3   3  -3   0   2  -6  -3  -2  -5  -2   4    7   0   1   0   0   0   3   0   0  18  29   1   2   9   0   1   3   0   1  24  0.73 0.39
   50 H    -2   3  -2  -1  -3   1   2  -4   2   1   1   3   0   1  -3  -3  -3  -3  -1  -2    3  16   1   4   0   6  12   1   5   8  13  17   2   6   1   1   1   0   2   1  0.33 0.25
   51 Y    -2   6   1  -1  -4   1  -1  -5   1  -1  -2   1   1  -3  -4  -1  -1  -3   1  -2    3  40   7   3   0   5   4   0   3   3   3   8   3   1   0   4   4   0   5   3  0.67 0.39
   52 E    -7  -6  -6  -3  -9  -3   8  -8  -6  -3  -7  -4  -3  -9  -7  -6  -2  -5  -8  -4    0   0   0   1   0   0  91   0   0   2   0   0   1   0   0   0   2   0   0   1  2.68 1.11
   53 S     0  -1  -2  -6  -2  -3  -5  -5  -6   6   0  -1  -2  -2  -5  -1  -3  -2   0   3    8   4   2   0   1   1   0   0   0  42   6   3   0   1   0   5   1   1   3  21  0.85 0.44
   54 K     0   2   1   1  -2   3   2  -3  -1  -2  -4   2  -2  -5  -4   1  -1  -6  -4  -3    7  12   5   7   1  14  16   2   1   3   1  13   1   0   0  12   2   0   0   2  0.43 0.31
   55 V    -1  -4  -2  -6  -3  -5  -1  -7  -5   6   1  -6   0   1  -6  -4  -1  -6  -4   2    4   1   2   0   0   0   5   0   0  48  13   0   2   5   0   1   4   0   0  14  1.04 0.49
   56 Y    -5  -4  -2  -7   0   0  -5  -7   3   0   4  -4   7  -4  -7  -5  -5  -6   3  -3    0   1   2   0   2   5   0   0   6   4  44   1  25   0   0   1   0   0   9   1  1.29 0.62
   57 M    -1   3  -2  -3  -2   2  -1  -5   2  -4  -3   5   1  -5  -5   1  -2  -6  -2  -3    6  18   2   1   1   9   3   0   4   1   2  35   4   0   0  10   2   0   1   2  0.75 0.45
   58 L    -1   2   1  -2  -4   2   1  -3   3   0   1   1   2  -2  -4   0  -1  -5  -3  -2    3  11   6   2   0  10   8   2   7   5  14  10   6   1   0   8   3   0   1   2  0.22 0.20
   59 L    -2  -6  -6  -7   3  -6  -6  -7  -6   1   5  -5   2  -1  -6  -3  -3  -6  -1   1    3   0   0   0   6   0   0   0   0   7  63   1   4   2   0   2   1   0   2   9  1.25 0.57
   60 Q    -2   3   3   1  -5   3  -1  -3   1  -3  -4   3  -3  -5  -3   1  -2  -5  -4  -5    3  17  12   7   0  14   3   2   3   1   1  19   1   0   1  13   1   0   0   0  0.59 0.38
   61 G    -5  -4   0  -3  -3  -2  -3   2  10  -7  -7  -1  -7  -6  -6  -2  -6  -8  -3  -7    1   1   5   2   1   2   1  15  63   0   0   4   0   0   0   4   0   0   0   0  2.39 0.94
   62 G    -3  -2  -1  -2   1  -1  -1  -1   4  -4  -2  -1  -5  -2   6  -3  -3  -1  -3  -4    1   2   3   2   3   3   4   6  10   1   4   4   0   2  47   2   2   1   1   1  1.12 0.56
   63 T    -4   0   6   0  -2  -2  -1  -2   3  -2  -4   1  -3   0   2   0  -2  -6   0  -3    1   4  39   4   1   1   3   2   8   3   2   7   0   4   9   5   2   0   3   2  0.74 0.42
   64 G    -4  -3   3  -5  -6  -5  -6   1   4   6   0  -5  -4  -1  -6  -3  -3  -3  -3   1    1   1  14   0   0   0   0  10   8  42   7   0   0   3   0   2   1   0   1  10  0.96 0.49
   65 V    -5  -6  -4  -6  -3  -4  -5  -7  -2   5   0  -6  -1  -3  -1  -4  -2  -6  -5   6    0   0   1   0   1   1   1   0   1  30   8   0   1   1   4   1   3   0   0  47  1.32 0.57
   66 P    -1   2   1  -2  -1   2   0  -3   0  -1  -2   2  -1  -1   2  -1  -1  -4  -2   2    4  12   8   1   2  10   5   1   2   4   3  13   1   2  10   4   3   0   1  14  0.22 0.19
   67 H    -2   0   0  -3  -2   1  -1  -3   1   0   3   0   1   1  -3  -1  -1  -2   2  -1    2   6   4   1   1   6   4   2   4   4  32   5   3   6   1   4   4   0   8   3  0.25 0.18
   68 I    -4  -4  -5  -6  -2  -3  -3  -6   2   3   3  -3   1   3  -5  -4  -3  -1   5   1    1   0   0   0   1   1   2   0   4  17  26   2   3  10   0   1   1   1  20   9  0.79 0.39
   69 K    -1   2   0   2  -1   0   1   0   3  -2  -3   3  -3  -2  -4  -1  -2  -3   2  -2    5   9   3  13   1   4  11   8   7   3   2  17   0   1   0   3   2   0   8   3  0.30 0.23
   70 W     0  -4  -2   1  -1  -3   1   0  -1   0   0  -3   0  -1  -4   1  -1   3   3   2    6   0   2   7   1   0   9   7   1   4  10   0   2   2   0  13   2   5  13  15  0.23 0.21
   71 F     0  -6  -3  -6   3  -6  -4  -6   2   1  -1  -5  -1   6  -6  -2  -3  -1   4   2    7   0   1   0   6   0   1   0   4   7   5   1   1  32   0   3   1   1  16  14  0.94 0.46
   72 G    -3  -2  -3  -1  -1   0   3   2   2  -2  -2  -1  -1   3  -4  -1  -1  -2   3  -2    1   1   0   3   2   4  20  18   5   2   4   3   1  15   0   4   4   0  10   2  0.41 0.29
   73 V    -1   0  -2   1  -2   1   2  -4   0  -1  -1  -1  -2  -3  -2   0   2  -1  -1   2    5   5   1   7   1   8  16   0   2   2   5   3   1   1   2   8  16   1   2  15  0.23 0.22
   74 E    -2  -1   0   4   0  -1   3  -3  -2  -1  -3   2   0   0  -1  -1   1  -3  -2  -4    2   3   4  20   2   2  21   2   1   3   2  12   2   5   3   4   9   0   1   1  0.39 0.28
   75 G    -1   1   1   3  -4   0   2   2  -1  -4  -4   1  -2  -5   1   0  -1  -5  -4  -4    6   6   8  16   0   5  13  15   1   0   2   9   1   0   7   6   4   0   0   1  0.35 0.24
   76 N    -2   1   3   3  -3  -1   0  -2   1  -2  -3   2  -2  -4  -3   1   1  -5  -2  -2    2   9  15  17   0   2   6   3   4   2   3  12   1   0   1   9  11   0   1   2  0.36 0.26
   77 Y    -1   0   0  -2  -2  -1   0  -3   3   0   1   1  -1   1  -2  -1  -1  -3   4  -1    4   5   4   2   1   2   5   2   8   5  13  11   1   5   2   5   3   0  17   4  0.22 0.18
   78 N    -2  -1   2  -3  -2  -3  -3  -4   0   2   2  -2  -1   1  -4  -1   0   4   3   2    2   4  11   1   1   1   1   0   2  10  18   2   1   6   0   5   4   5  11  14  0.32 0.23
   79 C    -2  -3  -2  -3   3  -4  -4  -5   3   2   0  -1   1   2  -6  -3  -2   4   6   0    4   1   2   2   6   0   1   1   6  11   8   4   3   8   0   2   2   5  28   8  0.69 0.37
   80 M    -4  -5  -7  -7  -2  -5  -6  -8  -7   5   4  -6   5   1  -7  -6  -2  -6  -4   2    1   1   0   0   1   0   0   0   0  28  37   0  13   5   0   0   2   0   0  12  1.21 0.54
   81 A    -3  -7  -7  -5  -5  -6  -3  -6  -6   2   0  -6   4   0  -7  -5  -1  -6   3   6    2   0   0   1   0   0   2   0   0   9   8   0   8   3   0   0   4   0  10  51  1.21 0.58
   82 I    -6  -6  -7  -3  -7  -4   3  -8  -6   0   2  -5   8   4  -7  -5  -2  -6  -3  -3    0   0   0   2   0   1  18   0   0   6  16   1  39  14   0   0   2   0   1   1  1.48 0.70
   83 D    -4  -5  -4   2  -5  -1   6  -6  -4  -1  -2  -3  -1   1  -3  -5  -4  -4   3   0    1   0   0  10   0   2  48   0   0   3   4   1   2   7   1   0   1   0  11   8  1.07 0.58
   84 L    -3  -2  -6  -7   3  -6  -6  -7  -2  -2   4  -6   4   1  -7  -4  -4  -3   5  -1    2   2   0   0   5   0   0   0   1   1  46   0  11   6   0   1   1   0  19   4  1.16 0.56
   85 L     0  -2  -3  -1   6  -1   3  -4  -1  -1   1  -2   2  -2  -1  -2  -3  -5  -2   1    7   2   1   3  17   2  20   1   2   2  15   3   4   1   4   3   1   0   1  12  0.46 0.30
   86 G    -1  -2   0   0  -3  -2   0   5   2  -4  -2  -2  -4  -1  -2  -1  -3  -4   3  -4    5   3   5   5   1   1   5  44   4   1   4   2   0   2   2   4   1   0  10   1  0.70 0.36
   87 P     0  -2  -3  -3   1  -1  -1   5   0  -2  -4  -2  -1  -5   1  -1  -3  -5  -3  -1    8   3   1   1   3   2   4  46   2   3   2   3   2   0   8   4   1   0   1   5  0.67 0.36
   88 S    -2  -2   2   3  -2  -2   2  -2  -3  -4  -2  -2  -1  -5  -1   4   1  -5  -4  -3    3   1   8  15   1   1  12   3   0   1   4   2   1   0   3  33   8   0   0   1  0.57 0.36
   89 L    -2  -3  -2  -2  -1  -4  -4   3  -3   0   5  -4   1  -2  -5  -3  -3  -4  -3   0    3   1   2   2   2   1   1  20   1   4  49   1   4   1   1   1   1   0   1   5  0.74 0.37
   90 E    -1  -1  -2   0  -4  -1   1   4   0  -4   0   0  -2   1  -5   0  -1  -2   2  -4    5   3   2   4   0   3   8  34   2   0   9   6   1   6   0   5   4   1   8   1  0.41 0.28
   91 D    -3   0  -1   5  -7  -1   5  -4  -1  -7  -6   1   0  -2  -5   0  -3  -7  -3  -6    2   5   2  29   0   3  36   1   1   0   0   8   2   2   0   6   1   0   1   0  1.04 0.55
   92 L    -4  -2  -7  -5  -5  -3  -3  -7   2   3   5  -5   1   1  -7  -5  -5  -3   2   0    1   2   0   1   0   1   2   0   4  13  55   1   3   5   0   0   0   0   7   6  1.04 0.50
   93 F    -4  -3  -5  -6  -5  -5  -6  -7  -1   3   3  -2   4   6  -7  -5  -4  -2   1   0    1   2   1   0   0   0   0   0   2  14  25   2   9  34   0   1   0   1   4   5  1.10 0.50
   94 N    -2   1   1   4  -3   1   1  -3   0  -2  -2   3  -4  -4  -4  -1   0  -3  -1  -3    3   6   7  27   1   5  10   2   2   2   3  17   0   1   0   4   5   0   2   1  0.49 0.31
   95 Y    -1   4   0  -1  -5   1   0  -3   3  -3  -2   2  -2   0  -3   0  -1  -1   3  -2    4  22   4   4   0   5   6   2   7   1   4  13   1   4   1   7   3   1   9   3  0.33 0.23
   96 C    -2   0   2  -2   4  -2  -1  -3   1   4   1  -1   0  -1  -2  -2  -1  -4  -1   0    2   6   9   1   9   2   4   1   4  25  12   3   3   3   2   3   3   0   2   6  0.29 0.21
   97 T     0   2   1   0  -1   1  -1   2  -1  -2  -3   2  -2  -4  -1   0  -1  -3  -4   0    5  10   6   5   1   7   3  19   1   2   1  15   1   0   3   8   3   0   0   6  0.24 0.20
   98 R    -3   4   0  -2  -5   1   0   3  -1  -3  -5   4  -4  -4  -2  -1  -3  -5  -4  -4    2  24   4   1   0   6   6  20   1   1   1  24   0   1   2   3   1   0   0   1  0.70 0.38
   99 S    -1   3  -2  -3  -2  -1  -1   0   4  -3  -3   2  -3  -1   2   0   0  -4   1  -3    5  20   1   1   1   2   3   9  11   1   3  13   0   3   9   6   6   0   4   1  0.36 0.25
  100 F    -6  -5  -7  -8  -6  -6  -7  -4  -6   0   4  -6   3   6  -8  -7  -6  -4   3  -2    0   1   0   0   0   0   0   2   0   4  36   0   6  37   0   0   0   0  11   2  1.53 0.65
  101 S    -3  -1   1   1  -5  -1  -1  -4  -2  -6  -4   1  -3  -5   3   4   3  -7  -4  -4    1   3   7   7   0   3   4   1   1   0   2   7   1   0  13  30  19   0   0   0  0.66 0.44
  102 L    -4  -3  -3  -2  -8  -2   7  -6  -5  -3   1  -3  -2  -5  -2  -4  -5  -3  -4  -2    1   1   1   2   0   1  70   0   0   1  12   1   1   0   2   1   0   0   0   3  1.65 0.79
  103 K    -1   2   0   3  -4   1   1  -2   0  -3  -4   3  -2  -5   2   1  -1  -6  -3  -2    6  10   4  15   0   5   9   3   3   1   1  17   1   0  11  10   3   0   0   3  0.37 0.26
  104 T    -1   0  -2   2  -2   2   3  -5   0  -2   0  -1   0  -4  -5  -2   3  -3  -3   0    5   5   1  10   1  10  24   0   3   2   8   2   2   0   0   1  17   0   1   7  0.42 0.33
  105 V     5  -5  -6  -6  -1  -3  -6  -3  -6   3  -2  -5  -3  -6  -6  -2   0  -7  -5   3   45   0   0   0   1   1   0   2   0  16   3   0   0   0   0   3   6   0   0  21  1.02 0.54
  106 L     2   5  -4  -5  -1   0  -4  -4  -4  -2   0   2  -2  -5  -5   1  -2  -1  -3   0   19  30   0   0   1   4   0   1   0   2  11  12   1   0   0   9   2   1   1   6  0.59 0.39
  107 M     0   2   0   0   0   0  -1  -3   2  -2  -1   1   2   2  -3   0   0  -2   1  -1    7  12   5   5   2   4   3   1   6   2   5  10   6  11   0   6   6   0   5   6  0.14 0.15
  108 L    -4  -6  -7  -7  -1  -6  -7  -7  -5   4   2  -3   2   4  -7  -6  -4   0   6   1    1   0   0   0   1   0   0   0   0  21  17   2   5  14   0   0   1   1  27  11  1.15 0.53
  109 A     2  -5  -5  -6   3  -5  -6  -1  -5   2   1  -5   4   4  -6  -2   0  -5  -3   0   18   0   0   0   5   0   0   4   0  12  15   0  10  20   0   3   7   0   0   5  0.65 0.38
  110 D     1   4  -2  -1  -3   3  -2  -3   2  -1  -2   2  -1  -1  -5  -2  -2   0   2  -1   14  21   1   4   0  13   2   1   4   4   4  12   1   2   0   2   2   1   7   3  0.37 0.28
  111 Q    -5  -1  -4  -1  -3   8   3  -4  -3  -5  -7  -3  -2  -8  -6  -1  -2  -8  -7  -6    1   2   1   3   1  66  15   1   1   1   0   1   1   0   0   4   2   0   0   1  1.96 0.91
  112 L    -3  -7  -7  -7  -2  -6  -7  -8  -7   6   3  -7   4  -4  -7  -6   0  -7  -6   2    2   0   0   0   1   0   0   0   0  41  26   0   9   0   0   0   6   0   0  15  1.34 0.59
  113 I     1  -6  -7  -7   1  -6  -6  -5  -7   3   4  -6  -1  -2  -6  -2  -3  -6  -5   3   14   0   0   0   3   0   0   1   0  17  41   0   1   1   0   3   1   0   0  18  0.96 0.48
  114 N    -1   0   1   2   1   1   1  -1  -1  -2  -1   1  -2  -4  -4   3  -1  -5  -3  -3    4   5   7  10   3   7  11   3   1   2   8   8   1   1   0  25   3   0   0   1  0.31 0.26
  115 R     5   0  -4  -6  -1  -6  -6   4  -6  -2  -5  -5  -6  -7  -6  -2  -4  -7  -7   0   44   6   0   0   1   0   0  35   0   2   0   0   0   0   0   3   1   0   0   7  1.24 0.62
  116 V    -4  -7  -8  -8  -3  -6  -7  -8  -7   3   5  -7   3  -3  -7  -6  -3  -6  -4   4    1   0   0   0   0   0   0   0   0  14  46   0   8   0   0   0   1   0   1  29  1.37 0.61
  117 E     1   0   1   2  -2   2   3  -1   2  -3  -2   1  -3  -4  -4   0  -2  -5  -2  -2   13   5   7  10   1   7  23   3   4   1   4   8   1   0   0   7   1   0   1   2  0.35 0.27
  118 Y    -2  -7  -5  -5  -5  -4  -5  -7   4  -3  -5  -5  -2   4  -8  -4  -5  -4   9  -4    4   0   1   1   0   1   1   0   9   1   1   1   1  17   0   1   1   0  61   1  2.29 0.92
  119 M    -4  -6  -8  -8   8  -7  -8  -8  -8   2   5  -7   3  -3  -8  -5  -6  -7  -6   0    1   0   0   0  28   0   0   0   0   9  48   0   6   1   0   1   0   0   0   5  1.73 0.71
  120 H    -7  -4  -4  -8 -10  -4  -2  -9  11 -10  -9  -6  -8  -8  -9  -6  -8  -9  -3 -10    0   1   1   0   0   1   3   0  93   0   0   0   0   0   0   0   0   0   0   0  4.21 1.42
  121 S    -1   1   1   1  -3   0   1  -1  -1  -4  -3   1  -5  -2  -5   4  -1  -6  -3  -4    5   7   6   8   1   5  10   4   1   1   3   7   0   2   0  36   3   0   1   1  0.50 0.36
  122 R    -4   3   3  -3   0   2  -2  -4   5  -3   0   3   3  -4  -6  -3  -4  -6  -2  -3    1  14  14   1   2   9   2   1  14   2  10  20   8   0   0   1   0   0   1   1  0.72 0.43
  123 G    -4   2   4   0  -3   0  -2   5   1  -7  -6   0  -1  -6  -6  -1  -5  -2  -6  -7    0   9  20   4   1   4   2  43   3   0   1   7   1   0   0   4   0   1   0   0  1.02 0.52
  124 F    -5  -3  -7  -8  -2  -5  -7  -8  -6   6  -1  -2  -2   1  -7  -6  -4  -2   3   4    0   1   0   0   1   1   0   0   0  43   5   2   0   5   0   0   1   1   8  32  1.38 0.61
  125 L    -1  -7  -7  -7   1  -6  -7  -7  -7   5   1  -6   3  -1  -7  -4  -2  -6   0   4    4   0   0   0   3   0   0   0   0  37  11   0   6   2   0   1   2   0   3  31  1.20 0.54
  126 H    -8  -7  -6  -8  -3  -6  -7  -9  11 -10  -8  -7  -8  -7  -9  -7  -8  -8   3 -10    0   0   0   0   1   0   0   0  91   0   0   0   0   0   0   0   0   0   9   0  4.19 1.42
  127 R    -5   9  -7  -8   1  -4  -6  -4  -6  -9  -5  -4  -7  -5  -8  -7  -7  -9  -4  -8    1  92   0   0   3   0   0   2   0   0   1   0   0   0   0   0   0   0   1   0  3.01 1.16
  128 D    -8  -8  -4   9 -10  -7  -5  -8  -7 -10 -10  -7  -9 -10  -8  -6  -7 -11  -9 -10    0   0   0 100   0   0   0   0   0   0   0   0   0   0   0   0   0   0   0   0  3.48 1.27
  129 I    -6  -7  -8  -8  -6  -4  -8  -9  -8   5   5  -7   1  -5  -8  -7  -6  -7  -6   0    0   0   0   0   0   1   0   0   0  31  60   0   2   0   0   0   0   0   0   6  1.75 0.72
  130 K    -4  -1  -6  -7  -9  -5  -5  -8  -7  -9  -9   8  -7  -9  -7  -4  -4  -9  -8  -8    1   2   0   0   0   0   0   0   0   0   0  95   0   0   0   1   1   0   0   0  2.95 1.15
  131 P     1  -7  -7  -7  -1  -6  -6  -1  -5  -5   0  -6  -4  -8   8  -1  -4  -8  -8  -6   13   0   0   0   1   0   0   4   0   1   9   0   0   0  64   5   1   0   0   0  1.93 0.86
  132 D     1  -3  -3   3  -7   2   6   0  -2  -7  -7  -3  -6  -8  -3   0  -5  -7  -7  -7   11   1   1  13   0   9  50   7   1   0   0   1   0   0   1   6   0   0   0   0  1.20 0.63
  133 N    -8  -7   9  -5  -4  -6  -6  -7  -6  -9  -9  -6  -8  -9  -8  -4  -6 -10  -8  -9    0   0  98   0   1   0   0   0   0   0   0   0   0   0   0   1   0   0   0   0  3.55 1.31
  134 F    -5  -7  -7  -8  -6  -7  -7  -8  -7   5   4  -7  -3   4  -7  -7  -3  -6  -4   2    0   0   0   0   0   0   0   0   0  36  35   0   0  16   0   0   1   0   0  10  1.43 0.61
  135 L    -4  -7  -8  -9  -3  -7  -8  -8  -8  -3   7  -7   2   0  -8  -6  -6  -7  -6  -3    2   0   0   0   1   0   0   0   0   0  87   0   5   3   0   0   0   0   0   1  2.13 0.86
  136 M    -5  -4  -5  -7   0  -6  -7  -7  -6   3   5  -6   3   2  -7  -6  -5  -5   0   2    0   1   1   0   2   0   0   0   0  16  51   0   6   8   0   0   0   0   4  12  1.18 0.53
  137 G     0  -3   2   5  -2  -2  -1   2  -3  -4  -3  -1  -3  -4  -3   1  -1  -4  -1  -2    7   1   8  32   1   1   4  18   0   1   3   3   1   1   1  10   4   0   3   3  0.56 0.30
  138 L     0   0   1   0   0   0   0   0   1  -1   0   0   0   0  -1   1   0  -1   0  -1    8   5   6   5   2   3   4   6   5   3  11   4   2   4   3  15   6   1   4   4  0.04 0.03
  139 G     0   0   1   0  -1   0   0   1   0  -1  -1   2  -1  -1   2   0   0  -1  -1  -1    5   3   9   5   1   4   5  11   2   3   6  14   2   2  10   5   7   1   2   4  0.11 0.05
  140 R    -1   1   0   1  -1   0   1   1   0  -2  -1   1  -1  -2  -1   1   2  -1  -1  -1    4   7   5   9   1   2  10   9   2   2   6   8   1   2   3   9  14   1   2   3  0.10 0.06
  141 K    -2   1   1   2  -4   0   3  -2   0  -3  -3   2  -2  -3   1   1   0  -4  -3  -3    2   8   7  10   0   4  21   3   2   1   2  14   1   1   6   9   6   0   1   1  0.37 0.23
  142 A     0  -1   3   3   0   1   2   0   1  -3  -3   0  -2  -3  -1   0  -1  -3  -2  -3    8   4  13  19   2   6  12   6   4   1   2   4   1   1   3   7   3   0   2   2  0.31 0.21
  143 N     0  -3   2  -1   0  -2  -3   5  -2  -4  -2  -2   3  -2  -1   1  -2  -5  -4  -4    8   1   9   3   2   1   1  39   1   1   5   3   7   2   3  11   1   0   1   1  0.60 0.34
  144 Q    -1   1   3   0  -2   2   1  -3   4   0  -1   0  -1  -4   0  -1  -1  -4  -2   0    4   6  15   5   1   9   8   1  11   5   5   6   1   0   5   4   4   0   1   8  0.24 0.19
  145 V    -3  -5  -7  -7   2  -6  -7  -7  -7   5   3  -7  -3  -4  -6  -6  -4  -6  -4   4    2   1   0   0   4   0   0   0   0  31  28   0   0   0   0   0   0   0   0  32  1.35 0.59
  146 Y    -6  -2  -5  -6  -4  -2  -5  -7   0  -5  -6   8  -1  -2  -7  -6  -6  -7   2  -4    0   2   0   0   0   2   0   0   3   1   1  80   2   2   0   0   0   0   7   1  2.22 0.94
  147 I    -1  -7  -6  -8  -6  -7  -7  -8  -7   6   4  -7   0  -5  -7  -6  -4  -7  -6   2    5   0   0   0   0   0   0   0   0  40  39   0   2   0   0   0   0   0   0  13  1.47 0.63
  148 I     4  -6  -5  -6   4  -5  -5   0  -6   3  -3  -5  -3  -5  -5   1   3  -6  -6   0   32   0   0   0   8   0   0   7   0  17   2   0   0   0   0   9  19   0   0   5  0.84 0.49
  149 D    -8  -8  -5   9 -10  -7  -5  -6  -7 -10 -10  -7  -9 -10  -8  -6  -7 -11  -9 -10    0   0   0  99   0   0   0   1   0   0   0   0   0   0   0   0   0   0   0   0  3.47 1.27
  150 Y    -8  -9  -9 -10  -9  -9  -9  -9  -7  -6  -4  -9  -4  10 -10  -9  -8  -5   0  -7    0   0   0   0   0   0   0   0   0   0   1   0   0  96   0   0   0   0   3   0  3.66 1.25
  151 G    -6  -8  -5  -4  -9  -8  -8   8  -8 -10 -10  -7  -9  -9  -8  -5  -8  -9  -9  -9    0   0   0   1   0   0   0  98   0   0   0   0   0   0   0   0   0   0   0   0  3.02 1.12
  152 L    -4  -6  -7  -7  -2  -6  -7  -7  -5   0   5  -6   2   4  -7  -2  -2   3  -1   1    1   0   0   0   1   0   0   0   0   4  56   0   4  14   0   3   2   3   2   8  1.18 0.54
  153 A     5  -6  -5  -6   3  -6  -6  -1  -6  -7  -7  -6  -6  -7  -6   5  -4  -8  -7  -4   50   0   0   0   6   0   0   4   0   0   0   0   0   0   0  39   0   0   0   1  1.64 0.80
  154 K     2   4   0  -2  -1  -2  -3  -2  -3  -1  -4   4  -3  -5  -4   0   0  -5  -2   0   15  19   5   2   2   1   0   2   0   3   0  27   1   0   0   7   7   0   2   6  0.54 0.35
  155 K    -1   1  -3  -3   0   3   1  -3   1   1   0   1   0   2  -3  -1  -2  -1   0   0    5   7   1   0   2  13  11   2   3   7  11  11   3  11   1   3   2   1   3   5  0.19 0.17
  156 Y    -1  -3  -3  -4  -2  -3  -3  -4  -3   2   2  -3   2   4  -2  -2  -2  -1   4   1    4   1   2   1   1   1   2   1   0  12  23   2   5  15   2   3   2   1  13  11  0.46 0.24
  157 R    -1   2   0   1   0   1   2   0   0  -1  -2   2  -2  -3  -1   1   1  -3  -2  -1    5  10   4   7   2   5  13   6   2   4   2  13   1   1   3   9   8   0   1   3  0.15 0.11
  158 D    -1  -1   1   4  -1   0   2   0   1  -2  -2   0  -2  -2   1   0  -1  -2  -1  -2    3   3   5  23   1   4  13   7   4   2   5   5   1   2   6   9   4   0   2   3  0.25 0.13
  159 L     0   0   1   1  -1   0   1   1   0  -1  -1   0  -1  -1   1   0   0  -2  -1  -1    6   3   8   8   1   4   8  10   2   4   8   7   1   3   6   8   7   1   1   4  0.06 0.03
  160 Q     0   1   0   0  -1   1   1   1   0  -1  -1   0   0  -2   0   1   0  -2  -1  -1    5   8   5   5   1   7  11   9   3   3   4   6   3   2   4  12   5   1   2   4  0.09 0.05
  161 T     0   0   0   0   0   0   0   0   0   0   0   0   0   0   0   1   1  -1   0   0    6   3   4   5   2   4   6   7   2   5   7   4   2   5   4   9  13   1   2   8  0.03 0.02
  162 H     0   0   0   1   1   0   0   0   2  -1  -1   1  -1  -1   0   0   0  -1   1  -1    5   5   4   8   3   3   6   9   7   4   8   9   2   3   3   6   4   1   5   4  0.04 0.02
  163 K     0   1   0   0  -1   1   0   0   0  -1  -1   1   0  -1   0   0   0  -1  -1   0    6   9   4   4   1   8   4   9   2   4   6  12   2   2   4   7   7   1   2   7  0.06 0.03
  164 H    -1   0   1   0  -1   0   0   0   4   0   0   0   0  -1   0   0  -1  -1   1  -1    5   5   6   4   2   3   6   9  13   5   9   5   2   3   5   6   4   1   4   5  0.07 0.04
  165 I     0   0   0   0   0   0   0  -1  -1   1   0   0   0   0   0   0   0   0   0   0    9   6   4   4   2   3   4   5   1  16  10   5   3   3   3   5   6   1   4   7  0.01 0.02
  166 P    -1  -1  -1   0  -2   1  -1  -1  -2  -2  -1   0  -1  -2   5   0   0  -2  -1  -2    5   4   2   6   1   5   4   6   1   3   6   5   1   2  31   6   6   1   2   3  0.45 0.16
  167 Y    -1  -1   0   1  -1  -1   0   2   0  -1  -1  -1   0  -1   0   0  -1   0   3   0    4   3   4   7   1   2   6  18   3   4   6   3   2   2   5   8   4   1  11   7  0.10 0.07
  168 R    -1   3   1   1  -2   1   1  -1  -1  -2  -2   0  -2  -2   0   0   1  -1  -1  -2    4  17   6   9   1   8  10   5   1   2   4   6   1   2   4   6   9   1   2   3  0.19 0.12
  169 E     0   2  -1  -1  -2   0   2  -1  -1  -1   0   2  -1   0   1  -1   0  -2  -1  -1    8  11   2   2   1   4  13   3   1   2  10  13   2   4   6   3   8   0   2   5  0.11 0.09
  170 N     0   2   0  -1  -2  -1  -2  -2   1  -1   1   0   2   1  -1  -1   1   0   1  -1    9  12   4   3   1   1   1   2   4   2  18   6   6   7   3   4   8   1   5   2  0.13 0.12
  171 K    -1   1   1  -1  -2   1   0  -2   2  -3  -3   3   0  -1  -2   0   2   0   0  -3    4   7   7   3   1   5   5   3   6   1   2  23   3   2   1   8  14   1   4   1  0.30 0.22
  172 N    -2  -4   0   1  -1  -1  -1   0   1  -5  -4  -2  -2  -6  -4   2   6  -6  -3  -3    2   0   5   8   1   2   3   7   3   0   1   2   1   0   1  16  45   0   1   1  0.89 0.51
  173 L    -1  -3  -3  -5  -1  -3  -1  -4   0   1   2  -3   3   4  -2  -1   0  -1   1   2    5   1   1   0   1   1   4   1   3   7  18   1   7  21   2   4   6   1   3  12  0.38 0.24
  174 T    -1  -1  -4  -4   9  -4  -6  -6  -7   0  -3  -1  -1  -4  -6  -3   0  -7  -6   4    5   3   1   1  40   1   0   0   0   5   1   5   2   1   0   1   6   0   0  28  1.57 0.65
  175 G    -3  -7  -6  -6  -7  -6  -7   7  -7  -6  -8  -6  -7   0  -7  -4  -6  -7  -5  -1    2   0   0   0   0   0   0  87   0   1   0   0   0   4   0   1   0   0   0   4  2.37 0.92
  176 T    -5  -6  -5  -6  -6  -6  -6  -6  -7  -6  -7  -6  -6  -7  -1   3   7  -7  -7  -6    0   0   0   0   0   0   0   0   0   0   0   0   0   0   3  22  73   0   0   0  2.24 0.99
  177 A     2  -1  -6  -5  -6  -4  -6  -6  -6   0   0  -4  -3  -4   7  -5  -4  -7  -1  -2   16   3   0   1   0   0   0   0   0   6  11   1   1   1  54   0   1   0   2   3  1.47 0.69
  178 R     0   1   1   0  -1  -1   2  -2   1  -4  -2  -1  -3   1  -1  -3  -2   5   5  -4   10   9   7   5   2   3  13   3   3   1   3   3   1   5   4   1   1   8  19   0  0.45 0.31
  179 Y    -8  -8  -9 -10  -4  -8  -9  -9  -4  -8  -7  -8  -7   2  -9  -8  -8   8   9  -8    0   0   0   0   1   0   0   0   0   0   0   0   0   6   0   0   0  17  77   0  3.48 1.26
  180 A     2   1  -6  -7   0  -4  -6  -5  -6   2   1  -5   7  -3  -6  -3   0  -6  -5   3   15   9   0   0   2   0   0   0   0  10  12   0  26   1   0   1   6   0   0  17  0.89 0.48
  181 S     6  -7  -6  -7  -3  -6  -6  -5  -7  -7  -7  -6  -6  -8   0   3  -5  -8  -7  -6   72   0   0   0   1   0   0   0   0   0   0   0   0   0   5  23   0   0   0   0  1.96 0.90
  182 V    -6  -6  -8  -8  -5  -8  -7  -8  -8   0  -5  -7  -5  -9   9  -7  -7 -10  -9  -2    0   1   0   0   0   0   0   0   0   6   1   0   0   0  88   0   0   0   0   3  3.10 1.21
  183 N    -5  -5   1   0  -9  -3   8  -8  -3  -9  -9  -5  -8  -9  -7  -4  -7  -9  -8  -8    1   0   7   4   0   1  86   0   1   0   0   0   0   0   0   1   0   0   0   0  2.56 1.07
  184 T     0  -4  -7  -7  -4  -3  -6  -7  -7   3   1  -6   2  -5  -7  -4   0  -7  -6   6    8   1   0   0   0   2   0   0   0  15  11   0   6   0   0   1   6   0   0  51  1.21 0.57
  185 H    -1  -5  -6  -6  -2  -5  -6  -6   4   4   4  -6   0   0  -6  -5  -4  -3  -3   2    6   0   0   0   1   0   0   0  11  26  36   0   1   4   0   0   0   0   0  12  1.00 0.47
  186 L    -1   1   1  -2  -2   2   1  -4  -1  -2   3   1   1  -3  -4   1   0  -5  -4  -2    4   6   8   2   1   8  10   1   1   1  29   9   4   1   0  10   4   0   0   2  0.30 0.26
  187 G    -2   3   0  -2   0   1  -1   4   1  -5  -4   1  -2  -3  -5   0  -3  -3   0  -5    3  17   4   2   2   6   4  35   3   0   1   7   1   1   0   7   1   0   3   0  0.62 0.37
  188 I    -2   3   0  -1  -1   2   0  -2   0   1  -3   4  -1  -4  -3   0   0  -5  -2  -1    2  15   5   2   1   7   6   3   2   7   2  24   2   0   1   7   7   0   1   4  0.34 0.26
  189 E    -1   0   0   0  -4   0   2   3   0  -4  -3   0  -2  -3   3   0  -2  -2  -2  -4    5   4   4   4   0   4  15  23   2   1   2   7   1   1  16   7   2   1   1   1  0.41 0.28
  190 Q    -3  -6  -7  -8  -4   2  -6  -6   5  -5  -5  -7  -3   0  -2  -7  -5  -4   9  -3    2   0   0   0   0   8   0   1  12   1   1   0   1   4   2   0   1   0  66   2  2.39 0.96
  191 S    -3  -4   2   4  -1  -4  -5   4  -6  -7  -7  -5  -5  -7  -6   3   1  -7  -7  -7    1   1   8  21   1   1   0  34   0   0   0   0   0   0   0  23   9   0   0   0  1.13 0.59
  192 R     0   3  -1  -2   0   0   0  -2  -1  -1  -2   2  -1   0   3  -1   1  -4   1  -3    7  17   3   1   2   3   6   3   1   3   4  13   2   5  13   4   8   0   5   1  0.25 0.21
  193 R     2   3  -4  -4  -2  -1   2  -2  -2  -6  -5   4  -4  -6   2   0  -2  -7  -4  -4   16  14   0   0   1   2  15   2   1   0   0  29   0   0   8   7   3   0   1   1  0.71 0.44
  194 D     3  -6  -4   1   3  -5  -5  -3  -6   1  -3  -5  -4  -6  -6   1  -2  -7  -5   5   22   0   0   9   6   0   0   1   0   7   1   0   0   0   0  12   2   0   0  38  0.90 0.51
  195 D    -8  -8  -5   9 -10  -7  -5  -8  -7 -10 -10  -7  -9 -10  -8  -6  -7 -11  -9 -10    0   0   0 100   0   0   0   0   0   0   0   0   0   0   0   0   0   0   0   0  3.51 1.28
  196 L    -4  -7  -7  -8  -2  -6  -7  -8  -7   5   2  -7   4  -4  -7  -5  -4   5  -5   4    1   0   0   0   1   0   0   0   0  31  21   0  10   0   0   0   0   8   0  27  1.37 0.60
  197 E    -9  -9 -10 -10  -9  -8   1  -9  -9  -9  -8  -9  -8  -4 -10  -9  -9  13   0 -10    0   0   0   0   0   0  10   0   0   0   0   0   0   1   0   0   0  87   3   0  4.73 1.57
  198 S     2  -6  -5  -6   0  -6  -6  -3  -7  -3  -8  -6  -7  -8  -6   7  -2  -8  -7  -7   16   0   0   0   2   0   0   2   0   2   0   0   0   0   0  76   1   0   0   0  2.00 0.94
  199 L     0  -6  -7  -7   5  -6  -7  -7  -6   2   4  -6   1   2  -7  -5  -4  -1  -2   1    8   0   0   0  12   0   0   0   0  10  45   0   3   7   0   1   1   1   1  11  1.04 0.49
  200 G    -4  -8  -6  -7  -8  -8  -8   8  -8  -9  -9  -7  -8  -2  -8  -6  -7  -8  -9  -6    1   0   0   0   0   0   0  97   0   0   0   0   0   2   0   0   0   0   0   1  2.92 1.10
  201 Y    -3  -7  -7  -8   7  -7  -7  -8   0   4  -4  -7  -3  -4  -7  -5  -3  -6   3   5    2   0   0   0  20   0   0   0   2  22   0   0   0   1   0   1   1   0   9  41  1.59 0.68
  202 V    -5  -7  -4  -7   0  -6  -7  -8  -7   6   2  -6   3  -4  -7  -5   2  -7  -6   3    0   0   1   0   2   0   0   0   0  42  16   0   8   0   0   0  12   0   0  18  1.29 0.58
  203 L     0  -6  -7  -7   2  -6  -7  -5  -6   1   5  -6   4   2  -7  -3   0  -6  -5   0    7   0   0   0   4   0   0   1   0   7  52   0  10   8   0   1   5   0   0   5  1.05 0.51
  204 M     0  -6  -7  -8  -7  -7  -7  -4  -4   3  -2  -7   2   3  -8  -5  -2  -1   8  -2    7   0   0   0   0   0   0   2   0  15   3   0   5  10   0   0   3   1  51   2  1.73 0.75
  205 Y    -1  -5  -5  -3  -7   0   6  -7  -3   3  -4  -4  -2  -1  -6  -4   0  -6   2   1    5   0   0   1   0   4  47   0   0  16   1   0   1   2   0   0   6   0   7  10  1.05 0.59
  206 F    -5  -7  -8  -8   0  -6  -8  -8  -7   0   5  -7   8   3  -8  -5  -6   1  -5  -3    1   0   0   0   2   0   0   0   0   3  45   0  33  11   0   1   0   2   0   1  1.77 0.76
  207 I     1  -6  -2  -7  -1  -6  -6  -6  -5   1   5  -6   1  -2  -6  -5  -3  -6  -1   2   13   0   2   0   1   0   0   0   0   7  58   0   3   1   0   0   1   0   2  11  1.12 0.54
  208 R     1   1  -2  -3   6  -2   0  -4  -3  -2  -3  -2  -2  -2  -5   1   4  -6  -2   1   10   7   2   1  15   1   6   1   0   2   1   2   1   2   0  12  23   0   2  12  0.54 0.36
  209 G    -3  -2  -5  -7  -2  -3  -6   7  -7  -5  -3  -5  -8  -7  -8  -3  -5  -8  -8  -8    2   3   0   0   1   1   0  86   0   1   3   1   0   0   0   2   0   0   0   0  2.28 0.91
  210 S    -1   3  -2  -4   1   1   1  -4   0  -3  -3   3  -3   0  -3   1   0  -4   3  -1    5  15   2   0   3   5   9   0   2   1   2  17   0   4   1  10   5   0  12   6  0.38 0.29
  211 L    -2  -1  -7  -7  -7  -6  -5  -7  -3  -2   3  -3   0  -2   7  -2  -3  -7  -2  -1    3   3   0   0   0   0   0   0   1   2  27   1   2   1  49   3   2   0   2   4  1.38 0.66
  212 P    -4  -8  -8  -7  -9  -7  -7  -8  -8  -7   0  -7  -8  -9   9  -7  -7  -9  -9  -8    1   0   0   0   0   0   0   0   0   0   9   0   0   0  88   0   0   0   0   0  3.13 1.22
  213 W    -7  -8  -6  -6  -7  -8  -8  -7  -2  -5  -3  -8  -6   8  -8  -7  -7   7   4  -6    0   0   0   1   0   0   0   0   1   0   2   0   0  66   0   0   0  16  12   0  2.74 0.99
  214 Q    -1  -1  -1   2  -2   3   2  -3   2  -3  -3  -2  -2   0   2  -1  -1   4   3  -2    4   3   3  14   1  12  11   2   5   1   2   1   1   4  11   5   3   7   9   3  0.38 0.26
  215 G    -1  -2   1   4  -3  -2   0   4  -1  -3  -3  -1  -3  -3  -2  -1  -1  -3  -3  -3    5   2   6  21   1   2   7  36   1   1   2   3   1   1   2   3   3   0   1   2  0.62 0.27
  216 L    -1  -1   0   1  -1   0   1  -1   1   0   1   0   2   0   0   0   0  -1   0   0    4   3   5  10   1   3   9   4   3   6  17   4   7   3   4   5   4   1   3   4  0.04 0.04
  217 K    -1   0   2   1  -1   1   1  -1   1  -2  -1   1  -1  -1   1   1   0  -2  -1  -2    4   4  10   9   1   5   7   4   5   2   6  11   1   3   7  12   5   1   1   3  0.12 0.07
  218 A     2  -2   0   1  -1   0   2   0  -1  -2  -2  -1  -2  -2   2   1   0  -3  -2  -1   21   2   3   8   1   3  13   6   1   2   4   3   1   2  12   8   6   0   1   4  0.21 0.14
  219 G     0   0   1   2  -3   0   2   0  -2  -1  -1   0   2  -2   0   1  -1  -3  -1  -1    8   3   6  13   0   4  13   6   0   5   4   7   6   1   5   9   4   0   2   4  0.13 0.12
  220 T    -1  -2   4   3  -2   0  -2  -3  -1  -3  -3  -2  -4  -4   0   2   3  -2  -3  -2    4   2  22  15   1   4   2   2   1   2   2   2   0   0   5  12  20   1   1   3  0.53 0.32
  221 K    -1  -1   1  -1  -3   2   1  -3   1   0   1   1  -1  -1   1  -1  -1  -1  -2   0    4   3   6   3   0  13  11   1   4   6  14   8   1   3   6   3   4   1   1   8  0.12 0.12
  222 K     0   1  -1  -1  -1   1   0  -2   1   0   0   2   2  -1   0   0  -1  -2  -1  -1    6  10   3   3   1   7   7   1   3   6  11  13   7   2   4   5   3   1   2   5  0.09 0.09
  223 Q     0   0   0   0  -3   3   3   0  -1  -1  -1   1   1  -1  -1  -1  -2  -4  -1  -1    9   6   4   4   0  12  20   7   1   3   6   9   3   3   3   3   1   0   2   3  0.20 0.17
  224 K    -1   0  -2  -3  -2  -1  -1  -4  -2   2   3   2   3  -2  -4  -3   2  -4  -3   0    6   6   2   1   1   2   3   1   1  11  25  13   8   1   1   0  12   0   0   6  0.32 0.23
  225 Y    -3  -3  -5  -3  -4  -4  -3  -6   1   3   1  -4   3   4  -5  -4  -3  -1   6  -1    2   2   0   2   0   1   1   0   3  16  12   1   6  17   0   1   1   1  27   4  0.93 0.43
  226 E    -1   2   0   1   0   2   2  -3   0  -2  -1   1  -1   1  -2   0  -1  -4  -2  -3    4  11   5   8   2   9  17   2   2   2   7   9   2   8   2   5   3   0   1   1  0.21 0.18
  227 K     0   3   0  -3  -2   3  -1  -4  -1  -2  -1   5   0  -5  -5  -2  -2  -5  -5  -4    7  17   5   1   1  14   3   1   1   3   6  32   3   0   0   3   2   0   0   1  0.67 0.40
  228 I    -2  -6  -3  -5  -1  -5  -5  -5  -5   7  -1  -5   0  -3  -6  -4  -3  -1  -5   3    4   0   1   1   1   0   1   1   0  60   5   1   2   1   0   1   1   1   0  18  1.53 0.63
  229 S    -1   0  -2  -1   1   0  -1   0  -2   0   1   1   1  -1  -1   0   0  -3  -1   0    4   5   1   3   3   5   2   9   1   6  20   9   4   2   2   7   7   0   2   7  0.06 0.08
  230 E     0   1   2   0  -3   1   3  -2  -1  -4  -2   3   0   0   0   1  -1  -4   0  -3    6   7   9   5   1   6  17   2   1   1   3  17   2   4   4   9   3   0   3   1  0.27 0.22
  231 K     1   1   1  -1   0  -2  -1   3  -1  -1  -2   2   0  -3   0  -1   0  -4  -2  -1   11   7   6   3   2   1   2  25   1   3   4  12   2   0   4   4   4   0   1   5  0.22 0.17
  232 K    -2   0   1   2  -3   0   2  -1   1  -1  -3   4  -3  -2   0  -1   0  -4  -3  -2    3   4   6  11   0   4  15   5   3   3   2  26   0   2   4   3   5   0   1   3  0.35 0.24
  233 M    -3   0  -1  -2  -4  -2  -1  -2  -2   1   2  -3   2   3  -1  -2  -1  -1   5   0    1   5   3   2   0   2   4   3   1   7  17   1   5  11   4   2   3   1  22   7  0.39 0.25
  234 L     0   2   0   1  -2   1   0  -1   1  -1  -2   1   0  -2   0   1   0  -3  -1  -1    5  13   5   7   1   5   6   4   3   3   4   9   2   1   5  14   6   0   2   4  0.12 0.11
  235 T    -2  -2  -1  -3   1  -3  -1  -3  -2   1  -1  -3   3   4   2  -2   2   2   2  -1    3   2   4   1   3   0   4   2   1  10   6   1   8  19  11   3  14   3   6   3  0.39 0.26
  236 P    -3  -2  -1  -2  -5  -2  -2  -4   0  -3  -3  -1  -3  -5   7   0  -2  -5  -4  -4    2   2   3   2   0   2   2   1   2   2   2   4   1   0  62   7   2   0   1   1  1.61 0.68
  237 V    -1  -1   0   0   1  -1   0  -1   0   1   0   0  -1   0   3   0   0  -2  -1   0    5   3   4   7   3   3   5   5   3  10   8   4   1   4  14   8   6   0   2   5  0.09 0.07
  238 E    -2   0  -1   1  -2   0   3  -2   1  -2  -1   0  -1   1   3   0  -2   0   1  -2    3   4   3   8   1   3  19   2   3   2   6   7   2   7  14   7   2   1   5   3  0.25 0.16
  239 V     0  -1  -1   0  -2   0   1  -2  -1   0   0   0   0   1   2   0   0  -1  -1   1    6   3   3   5   1   3  10   2   1   4  12   6   3   6   9   5   6   1   2  13  0.07 0.06
  240 L    -1  -1   0   1  -2   0   0  -1  -1   0   1   0   0   0   0   0   0   0  -1   0    4   4   5   9   1   3   6   5   1   6  22   5   2   4   5   6   4   2   2   4  0.04 0.04
  241 C    -1  -1  -1   0   5  -1  -1  -2  -2  -1  -1  -1  -1   0   2   1  -1   5  -1  -1    4   4   2   6  13   3   4   3   1   4   7   3   2   5  10  11   4   9   2   4  0.30 0.15
  242 K    -1   1   0   1  -2   1   1  -1   0  -3  -2   3  -2  -3   2   1  -1  -3  -1  -2    4   6   5   9   1   5   9   6   2   1   3  17   1   1  10  11   4   0   2   3  0.22 0.15
  243 S     0  -1   2   1  -3  -1   0   1   3  -3  -3   1  -3  -1   1   1  -1   3  -2  -2    6   3  12   6   0   2   5  13   9   2   3   8   0   2   8  10   4   4   1   2  0.23 0.17
  244 Y    -2  -3  -4  -4   0  -3  -4  -4  -2   2   2  -2   0   3  -4  -2  -1   7   2   1    3   1   1   1   2   1   1   1   1  12  18   2   2  11   1   3   3  17   7  11  0.67 0.31
  245 P    -2  -4  -3  -3  -2  -4  -4  -3  -5  -4  -5  -3  -5  -5   6   5   0  -6  -6  -5    3   1   1   2   1   1   1   2   0   1   1   2   0   1  35  45   4   0   0   0  1.45 0.71
  246 S     0   0   0   1  -3   0   1  -2   0  -2  -2   1  -3  -3   3   2  -1  -3  -1  -2    8   5   4   7   0   3  11   3   2   2   3  11   0   1  14  17   4   0   2   3  0.25 0.20
  247 E    -1  -3  -1   2  -1   1   4  -2  -1   1  -3  -1  -2  -4   0   1  -2  -3  -3  -1    5   1   2  11   1   5  33   3   1   8   2   4   1   1   4  10   1   0   1   4  0.47 0.32
  248 F     3  -4  -4  -3   2  -4  -4  -3  -4   0   2  -4   0   4  -5   1  -3  -1  -3  -1   27   1   0   1   5   0   1   2   0   5  19   1   2  19   0  11   1   1   0   3  0.58 0.35
  249 T     0   2   0  -1  -1   1   0  -2   1   0  -1   3  -2  -3  -2   0  -1  -1   0  -1    7  14   4   3   1   7   6   2   3   5   6  21   1   1   2   6   3   1   3   4  0.21 0.18
  250 S    -2  -1   1   5  -4   1   1  -1   2  -4  -3   1  -2  -5  -3   2   0  -6  -4  -5    2   4   7  31   0   5   7   4   5   1   2   7   1   0   1  16   4   0   0   0  0.61 0.37
  251 Y     1  -3  -5  -6  -4  -5  -4  -5  -3   0   4  -4   0   5  -5  -5  -4  -3   3  -1   12   1   1   0   0   0   1   1   1   4  39   1   2  24   0   0   1   0   9   3  0.94 0.47
  252 F    -3  -3  -6  -6  -1  -4  -5  -6  -6   5   3   1   4   0  -4  -4  -4  -5  -4   1    1   2   0   0   1   0   0   0   0  32  29  10   9   3   1   1   0   0   0   9  0.93 0.46
  253 H    -1   2   1   3  -2   0   1  -3   1  -3  -1   2   0  -3  -2   1  -1  -5  -2  -3    4  12   6  18   1   4   7   1   3   1   6  13   3   1   1  11   3   0   1   2  0.29 0.23
  254 Y    -2   3  -1  -2  -3   2  -2  -1   1  -2   1   2   0   0  -4  -1  -1   1   2  -3    3  16   3   2   1   8   1   5   4   2  18  14   2   3   0   5   3   2   8   1  0.27 0.23
  255 C    -2  -5  -6  -6   7  -6  -6  -7  -6   2   3  -6   4  -3  -6  -5  -2  -4  -5   2    4   0   0   0  25   0   0   0   0  12  30   0   9   1   0   1   2   0   0  14  1.25 0.56
  256 R    -4   3  -3  -3   0  -3  -4  -5  -2  -1   5   0   1   1  -5  -1  -2   4  -4  -3    1  14   1   1   2   1   0   1   1   2  49   6   3   5   0   4   2   5   0   1  0.80 0.45
  257 S    -2   2   1   0  -2   3   0  -3   0  -2  -3   3  -2  -4  -3   0   1  -5  -4   1    3  10   7   6   1  12   6   1   2   2   2  19   1   1   1   8   8   0   0   9  0.34 0.27
  258 L    -3   1  -3  -4  -5  -2  -2  -4  -1  -1   3   3   4  -2   1  -3  -1   0  -1   2    2   6   1   0   0   1   2   1   2   3  24  21  10   1   6   1   4   1   2  12  0.45 0.32
  259 R    -4   0   4   5  -5  -2   0  -4  -2  -2   1  -2  -4  -6  -4  -2  -2  -7  -5  -4    1   5  19  35   0   2   6   1   1   3  17   3   0   0   1   3   2   0   0   1  0.83 0.48
  260 F    -3  -2  -3  -3  -2  -4  -3  -7  -1  -2  -2  -4  -2   2   7  -4  -3  -7   2   1    2   3   1   1   1   1   2   0   1   2   4   1   1   9  54   1   2   0   6   8  1.38 0.69
  261 E     0   1   1   2  -3   0   2  -2   0  -3  -2   1  -1  -1  -1   1   0  -3  -1  -2    9   6   8  10   0   4  17   2   2   1   4   9   1   3   3  10   6   0   2   3  0.20 0.18
  262 D    -3   0   1   4  -4   2   2  -5   1  -4  -2   3   0  -4  -1  -2  -1  -6  -3  -4    2   5   6  22   0   9  15   0   3   1   4  21   2   1   3   2   5   0   1   1  0.60 0.38
  263 K    -3   8  -3  -5  -6  -3  -3  -6  -1  -8  -6   0  -4  -8   3  -4  -4  -8  -6  -6    3  69   2   1   0   1   2   0   1   0   0   6   0   0  13   1   1   0   0   1  1.99 0.88
  264 P    -1  -1  -1  -3  -2  -2  -3  -2  -2   0  -1   1  -2  -3   6  -1  -2   1  -3  -2    4   4   3   1   1   2   2   3   1   6   7   9   1   1  42   5   2   2   1   3  0.82 0.35
  265 D    -1   0   1   3  -3   0   0  -1  -1  -3  -2   0  -2  -3   0   1   3  -3  -2  -2    4   6   6  17   1   3   6   4   1   1   4   7   1   1   4  12  19   0   1   2  0.29 0.18
  266 Y     0   4  -2  -2  -2  -1  -2  -2  -1   0  -1  -1   0   2  -2  -1  -1   0   4  -1    7  22   2   3   1   2   2   4   1   5   5   2   2   9   2   5   4   1  17   4  0.33 0.16
  267 S     0  -1  -1   0  -1   0   1  -1  -2   2   1  -1   1  -1   0   0   0  -1  -1  -1   10   3   2   5   1   4  10   5   1  14  15   3   5   3   4   8   4   1   2   2  0.06 0.08
  268 Y    -1  -2   0  -1  -3  -1   0   0   0  -3  -2   0  -1  -1  -2   2   4  -2   3  -3    3   2   5   4   0   2   6   6   2   1   3   7   1   3   1  15  27   0   9   1  0.37 0.25
  269 L     4  -5  -4  -5   1  -4  -4  -4  -4   3   3  -5  -2  -2  -3  -3  -1  -5  -3   0   31   0   1   0   3   0   1   1   0  18  30   0   1   1   1   1   3   0   1   6  0.75 0.41
  270 K     1   3  -1   0  -4   2   2  -1   2  -2  -3   3  -1  -2  -2   0  -1  -4  -2  -2   13  15   2   5   0   8  12   4   5   2   2  16   2   2   2   6   3   0   1   2  0.30 0.23
  271 R    -2   0   0   2  -5   5   4  -2  -2  -6  -6   1  -3  -6  -4   0  -2  -1  -5  -5    3   5   4   9   0  25  29   3   1   0   0   9   1   0   0   6   2   1   0   0  0.87 0.51
  272 L     1  -3  -5  -4  -1  -4  -4  -3  -4   3   3  -3  -1   1  -4  -3  -3  -1  -3   3   12   1   0   1   1   0   1   2   0  17  33   1   1   6   1   2   1   1   0  19  0.62 0.35
  273 F    -3  -3  -6  -6  -2  -4  -4  -6  -4  -1   5   0   3   3  -4  -5  -4  -2  -4  -2    2   2   0   0   1   1   1   0   0   3  60   7   6  12   1   1   1   1   0   2  1.13 0.55
  274 R    -1   3   2   1   0   2   3  -2   0  -5  -3   2  -2  -5  -4   1  -1  -3  -3  -4    4  17   8   8   2   9  16   3   2   0   2  11   1   0   0   9   3   0   1   1  0.42 0.30
  275 D    -5  -4   0   4  -6   0  -3  -5  10  -4  -6  -4  -6  -6  -6  -2  -5  -8  -2  -7    1   1   5  19   0   4   2   1  59   1   1   1   0   0   0   4   1   0   1   0  2.30 0.95
  276 L    -1  -2  -4  -1  -1  -3  -1  -3  -5  -1   1  -1  -1  -2   6  -1  -4  -2   0  -1    5   2   0   4   1   1   5   2   0   3  12   4   1   2  44   4   1   1   4   4  0.89 0.50
  277 F    -4  -7  -7  -8  -5  -5  -5  -5  -3  -3   0  -7   1   6  -7  -5  -6  10   1  -5    2   0   0   0   0   1   1   1   1   2   8   0   3  35   0   1   0  39   4   1  2.37 0.93
  278 I    -3  -2  -4  -2  -3  -4  -2  -5  -1   3   2  -1   2   4  -4  -3   0  -4  -2   3    1   2   0   3   0   0   2   0   1  19  15   5   4  20   1   2   5   0   1  18  0.56 0.33
  279 R    -1   3   1   0   1   3  -1  -3  -2  -3  -3   3  -2  -5  -2   1   1  -2  -3  -2    5  17   6   5   3  12   3   1   1   1   3  19   1   0   2   8  10   1   0   3  0.39 0.29
  280 E    -1   1   0   1  -1   2   2   0   0  -1  -1   2   0  -3  -1   0   0  -1  -2  -1    4   6   4  10   1   9  12   6   2   4   7  14   3   1   2   5   4   1   1   3  0.14 0.12
  281 G     0  -1   3   1  -4   0   0   4  -2  -4  -4   0  -3  -2  -1   0  -1  -4  -3  -3    8   4  13   7   0   4   7  32   1   1   2   4   1   2   3   6   3   0   1   1  0.45 0.26
  282 Y    -1   0   0  -1  -3  -1   1  -1   3  -1  -1   0  -2   1   2   1  -1  -2   3   0    4   5   4   2   0   2   9   3   7   3   5   4   0   8   9  11   3   0  12   6  0.16 0.15
  283 Q     1   1   0   0  -1   2   1  -1  -1  -1  -2   2   0  -3   1   0   1  -2  -2  -2   12   6   3   5   1  11   7   3   1   3   2  14   3   1   6   6  11   0   2   3  0.18 0.16
  284 F    -1  -1   0   0  -2  -1   0  -3  -1  -1  -1  -1  -2   3   3   0  -1   3   3  -1    6   3   4   5   1   2   7   2   1   3   7   3   1  12  17   7   3   4  10   4  0.25 0.18
  285 D    -1  -1   1   5  -4  -1   0  -2  -3  -2  -3   1  -1   0  -1   2  -1  -4  -3  -3    4   3   5  33   0   2   4   2   0   3   3   7   2   4   3  17   4   0   1   2  0.50 0.29
  286 Y    -1   1   0   1  -2   0   0   0   0  -2  -1   1  -1   0   0   0   0  -2   2  -1    4  10   3   7   1   4   7   9   1   2   5   9   1   4   4   8   6   0  11   4  0.09 0.10
  287 V     0  -1  -1  -1  -3  -1   0  -3  -1   0   0   1   0  -2   4   0  -1  -4  -2   1    8   3   3   3   0   2   5   1   2   7  11   9   2   2  22   5   4   0   1   9  0.27 0.18
  288 F    -2  -1  -2  -2  -2  -1  -3  -3  -1   3   2  -2   2   2   0  -1  -1  -3   3   1    2   4   2   3   1   3   1   1   1  18  19   2   5  10   5   4   4   0  10   7  0.25 0.18
  289 D    -3  -1   1   6  -4   1   1  -3   2  -4  -3  -1  -4  -3   0   0  -1  -5  -4  -3    2   3   6  42   0   6   9   2   6   1   3   3   0   1   4   7   3   0   1   1  0.77 0.40
  290 W     0  -1  -2  -3  -3  -2  -1   0  -2   0  -1   0  -2   0   0   1  -1   9  -1  -2    7   3   2   1   1   1   5   7   1   5   8   6   1   3   4  10   4  27   1   2  0.71 0.37
  291 T     1  -1   1   0  -1   0   1  -1  -1   0  -1   0   1  -2  -1   1   2  -3  -2   0   12   2   6   5   1   5  11   3   1   6   6   4   4   2   3  11  13   0   1   5  0.11 0.12
  292 I    -1  -1  -1  -1  -1   0  -1  -2  -1   2   1   0   1   0   0  -1  -1  -1  -2   2    5   2   2   4   1   4   4   3   2  10  11   7   5   5   5   4   4   1   0  22  0.09 0.11
  293 L    -1  -1  -2  -2  -3   0  -1  -2  -3   1   3  -1   1  -2   1  -1  -1  -1  -1   1    3   3   2   2   0   4   4   3   0   9  34   4   4   1   8   4   3   1   2   9  0.23 0.18
  294 K     0   2   1   1  -3   1   2  -1  -1  -2  -2   3  -1  -2   0  -1  -1  -4   0  -2    6  13   6   7   0   4  12   4   1   2   4  22   1   1   4   3   4   0   3   2  0.26 0.19
  295 Y     0   1   1   0   0   1   0  -1   0   0   0   0   0   0   0   0   0  -2   1  -1    8   7   7   6   2   7   5   3   2   5  11   5   2   3   4   5   7   0   7   4  0.03 0.05
  296 P    -1   1   0   0   0   0   0   0   0  -1  -1   1   1  -2   3   0   0  -4  -1  -2    5   6   4   5   3   4   6   8   2   4   4  10   4   1  17   7   5   0   2   1  0.18 0.14
  297 Q     0   2   1   0  -4   2   2  -1  -1  -2  -2   2  -1  -2  -1   0  -1  -4  -2  -1   10  10   8   5   0  10  12   3   1   2   3  14   1   2   3   8   3   0   1   4  0.20 0.17
  298 S     0  -1   1   0  -3   0   1   0  -1   0  -1  -1  -1  -1   1   1   0  -2  -1   0    6   2   6   6   0   5  12   6   1   8   6   3   1   2   6  15   3   0   2   9  0.09 0.11
  299 G     0   1   1   0  -3   2   0   1  -1  -2  -1   0  -1  -2   0   1   0   3  -1  -2    6   9   8   3   0  10   7  10   1   2   7   5   1   2   5  11   7   4   2   2  0.12 0.12
  300 S     1  -1   1   1   0   0   1  -2  -1  -1  -1   0  -1  -2   2   2   0  -3  -2  -1   11   2   6  10   2   5  10   2   1   4   5   6   2   1   9  15   4   0   1   3  0.14 0.13
  301 I     0   0   0  -1  -3   0   0  -2  -1   0   1  -1  -1  -1   3   1   0  -3  -1   0    7   6   3   4   0   5   4   2   1   6  16   2   1   3  16  10   6   0   2   6  0.15 0.13
  302 S     0   0   0   1  -2   0  -1   1  -1  -2  -1  -1  -2   2   1   2   1  -3  -1  -2    9   4   5   9   0   5   3  10   1   3   5   3   0   9   6  18   7   0   2   1  0.13 0.14
  303 K     0   1   0   0  -2   0   0  -2   0   1  -1   3  -2  -2   0   1   0  -3  -1  -1    6   6   5   4   1   5   4   2   2   9   5  20   1   1   5  12   6   0   2   4  0.14 0.14
  304 P    -1  -1  -1  -1  -4   0   0  -1  -2  -2  -2  -1  -2  -1   6   1   0  -1  -2  -2    5   3   3   3   0   3   5   5   1   3   5   3   1   3  38   9   7   1   1   3  0.63 0.34
  305 R    -1   2   1   1  -3   1   0  -2   0  -1   0   1  -2   0  -1   1   0  -2  -2  -1    5  10   6  10   0   5   6   2   2   3   9  12   0   4   3  11   7   0   1   4  0.11 0.11
  306 P     0   0  -1   0  -3   0   1   0   0  -2  -2   0  -1  -2   4   0   1  -1  -1  -1    7   5   2   4   0   3  10   7   2   3   5   4   2   1  21   6  11   1   2   4  0.25 0.18
  307 N     1   0   1   1  -1   1   0  -1  -1  -2  -2   0  -2  -3   0   2   2  -4  -2  -1   13   6   5   7   1   6   7   3   2   2   3   5   0   1   4  15  14   0   1   4  0.16 0.16
  308 P     0   1  -2   0  -2  -1   0   0  -1   0  -1   0   0  -2   3   1   0  -4  -1  -1    7  10   1   5   0   2   4   6   1   5   4   7   3   2  15  15   7   0   2   5  0.17 0.15
  309 K     0   2   1   0  -2   0   1  -1   0  -2  -1   2  -1  -2   0   0   0  -2  -1  -1    6  12   8   5   1   4   8   5   2   2   7  14   2   1   4   7   5   1   1   6  0.11 0.10
  310 P    -1   0   1  -1  -3   0   0   0   0  -1  -2   2  -2  -1   4   0  -1  -1  -2  -2    6   4   7   3   0   4   6   7   2   3   4  13   1   3  23   6   2   1   1   3  0.30 0.21
  311 A     2   1   1   0  -1   1   0   0   0  -1  -2   0  -1  -2  -1   1   0  -4  -1  -1   18   8   7   6   1   5   6   5   2   4   4   7   1   1   3  11   5   0   2   5  0.11 0.11
  312 L    -1  -1   0   0  -3   2   0  -1  -3  -1   2  -1   3   0  -2   0  -1  -3  -2   0    4   3   6   4   0  11   6   4   0   3  21   3   8   5   1   9   4   0   1   8  0.13 0.16
  313 D     0   0   2   1  -2   1   1  -1   3  -2  -2   0  -1  -1  -1   1   0  -2  -1  -1    6   4   9   7   0   6  11   4   9   2   4   4   2   2   3  14   7   0   1   4  0.15 0.14
  314 P     0  -1  -1   1  -3   0   0   1   1  -1  -2   0  -2   1   3   1   0  -4  -1  -1    6   3   2   8   0   4   5   9   4   3   2   6   1   6  18   9   7   0   2   3  0.21 0.16
  315 P     0  -1   0  -1  -3   0   0   0  -2  -1  -1  -1   2   1   3   1   0  -3  -1  -1    7   2   4   4   0   4   5   9   1   3   6   3   6   6  16  12   5   0   2   3  0.17 0.15
  316 G     1   0   1   1  -3  -1  -1   3  -3  -1  -1   0  -1  -1  -2   1  -1   0  -2  -1   12   6   8   8   0   3   3  24   0   3   5   4   1   3   1   9   2   2   1   4  0.20 0.16
  317 P     0  -2  -1   1  -1   0   0  -2   1  -2  -1   0  -1  -1   4   0   1  -1  -1  -1    6   2   2  10   1   3   7   2   3   2   6   7   1   3  19   8  11   1   2   3  0.24 0.18
  318 S     0  -1   0   2  -3   0   1  -2  -2  -1  -1   0  -1  -1   1   3   0  -4  -1  -1    8   3   4  11   0   4  10   2   1   4   7   4   2   2   6  23   4   0   2   3  0.17 0.17
  319 A     1   2   0   0  -2   0   1  -1   0  -2  -2   2   0  -2   0   1   0  -2  -3  -1   12  13   3   4   1   4   7   5   3   2   4  11   2   1   4  14   6   1   0   3  0.15 0.14
  320 E     0   0  -1   1  -2   2   3  -1  -2  -1  -1   0  -2  -1   1   1   0  -4  -3  -1    6   5   2   8   1   9  19   4   0   5   5   5   1   2   7  12   6   0   0   3  0.19 0.18
  321 R     0   2  -1   0  -4   0   1  -1   1  -3  -1   1   0  -1   1   0   0  -4  -1  -1   10  15   2   5   0   2  10   5   4   1   6  10   2   4   8   6   4   0   2   4  0.15 0.14
  322 N     0   1   2  -1  -2   0   1  -1   1  -1  -2   1  -1  -2   1   0   2  -3  -2  -1    6  10  11   2   0   4  11   3   4   4   3   8   1   2   6   6  14   0   1   4  0.16 0.16
  323 E    -1   0   0   2  -3   1   3   0   1  -2  -2   1   0  -3  -1   0  -1  -4  -2  -2    5   5   4  14   0   7  19   8   3   2   4   8   3   1   2   8   3   0   1   3  0.21 0.17
  324 K     0   3  -1  -1  -2   1   1  -2   0  -3  -2   2  -1  -1   0   1   1  -2  -1  -2    8  16   2   3   1   5  11   3   3   1   4  11   2   2   5  14   8   0   2   2  0.20 0.18
  325 P     0  -1  -1  -1  -2   0   0  -2  -2  -1  -1  -1  -3  -3   5   3  -1  -5  -3   0    6   4   2   3   1   3   6   2   1   4   5   3   0   1  26  22   3   0   1   6  0.46 0.32
  326 I     0   0  -1  -1  -2   0   0  -1  -1   0   1   0   0  -1   1   0   0  -1  -1   1    8   5   3   3   0   3   5   3   1   6  14   7   3   2   8   9   6   1   2  13  0.05 0.07
  327 V     0   1   0   0   0   1   0   0   0   0   0   1   0  -2   1   0   0  -3  -2   0    7   7   5   3   2   7   4   7   2   5  10  11   3   1   9   6   4   0   0   7  0.07 0.07
  328 G     0   0   2   0  -2   1   1   2   2  -3  -2   0   0  -3  -1   0   0  -4  -1  -2    9   4  13   4   1   6   8  15   6   1   3   4   3   0   3   8   6   0   2   3  0.18 0.15
  329 Q     0   1   1   2  -4   2   2  -2   0  -3  -3   0  -2  -4   0   2   0  -5  -2  -2    6   9   6  10   0  11  17   3   2   1   3   5   1   0   4  14   4   0   1   3  0.28 0.22
  330 D     0  -1   1   2  -3   2   1  -2   0  -2  -1   0  -2  -3   2   2   0  -2  -3  -2    6   2   7  12   0   8  11   2   2   2   7   7   1   1  10  14   5   1   0   2  0.22 0.19
  331 L     0  -1  -1   0   0  -1   0  -1  -1   0   2   1   1  -1   0   1   0  -2  -1  -1    6   3   1   4   2   2   6   4   2   5  22   9   4   1   4  15   4   0   2   4  0.07 0.11
  332 R    -2   4   1   1  -2   1   2  -2   1  -2  -1   1  -3   0   0  -1  -1  -2  -1  -3    3  25   6   7   1   6  11   2   3   2   6   9   0   4   5   5   2   1   2   1  0.30 0.22
  333 E    -1   0   2   2   1   1   3  -2  -1  -3  -2   0  -2  -2   0   1  -1  -2  -2  -2    3   4  13  14   3   5  19   2   1   1   3   6   1   2   5   9   3   1   1   3  0.27 0.21
  334 R    -1   2   1   0  -1   2   2   0   0  -2  -3   2  -1  -3   0   1   0  -4  -2  -2    4  12   5   6   1   9  12   6   2   2   2  11   2   1   5  11   5   0   1   3  0.19 0.16
  335 F    -1  -2   1   1  -3  -1   0  -3  -1   1   0  -2   1   3  -2   1   0  -3   0   1    5   1   6   9   0   2   6   1   1   9   6   2   5  13   1  10   7   0   4  12  0.13 0.14
  336 S     0  -2  -1   0  -3   1   0  -1  -2  -3  -3   0  -1  -4   2   3   2  -2  -2  -2    8   2   2   5   0   5   6   5   1   1   1   6   2   0  12  29  12   1   1   2  0.37 0.29
  337 G     1  -1   0   0  -1   1   0   2  -1  -2  -2   0  -2  -1   0   1   0  -4  -2  -1   12   3   5   5   1   9   6  18   1   2   4   5   1   2   4  14   4   0   1   4  0.15 0.14
  338 A     0  -1  -1  -2  -1  -1   0  -1   2   0   1  -1   0  -1  -1   2   0   0   0   1    9   2   2   1   1   2   5   4   6   6  13   4   2   2   3  18   6   1   3   9  0.07 0.10
  339 V    -1   1  -1  -1  -2   1   1  -2  -1   1   0   0   0   0   0   0   1   0   0   0    4   8   2   2   1   7   8   2   1   8  11   6   2   4   4   8   8   1   5   9  0.05 0.07
  340 E     0   0   1   2  -2   1   3  -1   1  -2  -2   0  -2  -3  -1   1   1  -4  -1  -3    7   5   8  11   1   5  19   3   3   2   4   6   1   1   2  11   8   0   2   1  0.23 0.19
  341 A     2   0   1   1  -1   0  -1   1  -1  -1   0  -1   1  -3   1   1  -1  -4  -3  -1   18   4   7   7   1   3   4  11   2   2  11   3   4   0   7  10   1   0   0   4  0.12 0.13
  342 F     0  -1  -1  -2  -3   1   0   0  -1   0   1  -1   0   2  -1   1  -1   1   1  -1    8   3   2   1   0   9   5   6   1   6  18   3   1  11   2  11   4   2   4   4  0.07 0.11
  343 A    -1  -1   0   1  -1   1   1  -1  -1  -1   0   0   1  -1   1   1   0  -3  -2   0    4   1   5   7   1   7   8   5   1   2  11   6   5   3   8  11   6   0   1   8  0.07 0.09
  344 R     0   3   0  -1  -3   1   1   0  -1  -2  -2   1  -1  -1   0   1   0   0  -1  -1    6  16   4   2   0   6   9   8   1   2   2   9   1   3   4  13   7   1   2   4  0.16 0.14
  345 R    -1   3  -1   0  -2   2   1  -2  -2  -2  -2   1   0  -2   0   1   1  -4  -3  -1    5  20   3   4   1   8   8   2   0   2   4  10   3   2   3   9   9   0   1   4  0.22 0.19
  346 N     0   0   2   1  -4   2   0  -1   2  -2  -2  -1  -2  -2   1   3   0  -4  -2  -3    6   4  12   7   0   9   5   5   5   3   3   3   1   2   7  21   5   0   1   1  0.25 0.22
  347 V     1  -1  -1  -1  -1   0  -1   1  -1   0   0   0  -1  -1   1   1   0   0  -1   1   12   3   2   3   1   3   2  11   1   5   8   8   1   3   8  10   7   2   1  10  0.06 0.07
  348 P    -1   0   0   0  -2   0   1   1  -1  -2  -2   1  -2  -1   2   2  -1  -4  -3  -1    5   6   5   4   1   3  12  10   2   2   5   7   1   3  13  18   2   0   0   3  0.19 0.17
  349 S     0  -2   0   0  -2  -1   0   1   2  -3  -2  -1  -3  -1   3   2   1  -4  -1  -2    6   2   3   4   1   3   5  10   6   1   4   3   0   3  17  20   8   0   2   3  0.29 0.22
  350 H    -1   2   0   0  -3   3   1  -1   1  -3  -3   1  -3  -2   0   2   0  -4  -2  -2    5  11   3   4   0  14  10   3   4   1   2  10   0   2   5  15   6   0   1   3  0.24 0.20
  351 G     0  -1   1   2   0   1   0   2   2  -2  -2   0  -1  -3   0   0   0  -2   0  -2    7   1   7  11   2   6   6  18   5   2   3   7   2   1   4   8   6   1   3   2  0.16 0.13
  352 I     0  -1   0   0  -1   0  -1  -1  -2  -1   1   0   0  -2  -1   2   1  -4  -1   0    9   2   4   5   1   5   3   4   1   3  18   5   2   1   2  16  12   0   2   6  0.10 0.13
  353 R    -1   3   1  -1  -1   2   0  -1   0  -2  -1   1  -2  -2   2   1  -1  -4  -2  -1    5  16   8   3   1   9   5   3   3   3   5  10   1   2  10  10   3   0   1   3  0.21 0.17
  354 P     0  -1   0  -2  -2   0  -2  -2   1  -2  -2   0  -4  -3   5   2   0  -1  -3  -2    8   3   5   2   1   4   2   3   3   2   4   5   0   1  33  15   6   1   0   2  0.58 0.34
  355 K     0   3  -1   1  -4   1   1  -1   1  -3  -2   1  -3  -3   0   2   0  -4  -3  -1    7  16   3   6   0   5  10   3   3   1   4   9   0   1   5  17   5   0   0   4  0.24 0.20
  356 H    -1   0   1   0  -1   1  -1   0   3  -2  -2   0  -2  -2   1   2  -1  -4  -1  -1    4   5   8   4   1   6   3   7  10   2   4   7   1   1   7  18   3   0   2   6  0.16 0.15
  357 I     0   1  -2   0  -2  -1   0  -1   0   0   2   0   1   0   1   0   0  -3  -1   0    6  11   1   5   0   1   6   5   2   6  21   4   3   4   6   7   4   0   1   5  0.06 0.09
  358 F     1   0   0  -1  -2   0   0   0   0  -1   0   0  -1   0   1   1   1  -3  -1   0   13   5   3   3   0   5   5   5   2   3  10   4   1   5   6  14   8   0   1   6  0.06 0.07
  359 S     2   1   0   0   1   1   0  -1  -1  -2  -1   0  -1  -2   0   2   0  -4  -2  -1   20   6   4   5   4   6   6   3   1   1   6   4   2   1   5  16   5   0   1   4  0.14 0.15
  360 D    -1  -1   1   2  -3   2   1  -3  -2  -3  -2   0  -2  -4   4   1  -1  -5  -2  -3    3   3   6  13   0  10   8   1   1   1   4   6   1   1  25  11   4   0   1   1  0.49 0.32
  361 D     1   2   0   0  -1   1   1  -1   0  -1  -1   0  -1  -3   1   1   0  -4  -2  -1   13  13   5   4   1   5   8   4   2   4   6   5   2   0   6  14   7   0   1   3  0.13 0.13
  362 A     0  -1   0   0  -2   1   0   0   2   0   0   0   0  -1   0   1   1  -2  -2   0    9   2   3   3   0   6   7   6   6   4   9   5   2   2   4  13  11   1   0   7  0.06 0.09
  363 S     1   0   1  -1  -4   0   0   2   0  -2  -2  -1  -2  -4   2   2   0  -5  -4  -1   10   5   7   3   0   5   7  15   2   3   3   3   0   0  12  15   7   0   0   3  0.23 0.19
  364 K     0  -1   0  -1  -1  -1  -1   3  -1  -2  -2  -1  -2  -2   2   2   0  -4  -4  -2    8   4   5   3   1   2   4  25   1   2   5   3   1   2  10  16   6   0   0   2  0.28 0.21
  365 E    -1  -1   1  -1  -3  -1   0  -1  -1  -2  -1   0  -1  -4   4   2   1  -2  -3  -2    4   3   6   3   0   2   6   4   2   2   7   6   2   0  22  19   8   1   1   3  0.35 0.26
  366 V     1  -1  -1  -1  -3   0   0  -2   1   0   0   0   0   0   2   0   0  -1  -1   1   15   4   3   3   0   4   5   2   4   6  11   4   2   3  12   5   5   1   1  11  0.09 0.09
  367 Q     0   1  -2  -1  -4   3   1  -2  -1  -1  -1   1   0  -4   4  -1   0  -4  -4  -1    7   6   1   3   0  15   8   3   1   3   6  10   2   0  20   4   6   0   0   4  0.35 0.25
  368 V     0   0   0   0  -2   1   0  -2  -1   1  -1   0   0  -1   1   0   0  -3  -1   2    7   5   3   5   0   8   6   2   1   7   6   6   2   2   7   6   6   0   2  18  0.07 0.09
  369 S     0  -1   0   0  -3   0   0  -1   1  -1   0   0   1  -1   0   2   1   1  -1   0    8   3   3   4   0   3   4   3   5   2   9   6   5   3   5  19   7   2   1   7  0.07 0.11
  370 E     0  -1  -1   0  -2  -1   2  -1   1  -1  -2   0  -2  -2   1   2   1   0  -3   1    8   3   3   4   1   2  13   4   4   4   4   5   0   1   6  19   8   1   0  10  0.14 0.16
  371 K     0   0   0   1  -2   0   3  -1   0  -3  -3   0  -1  -2   0   2   0  -1  -3  -1    7   6   3   9   1   4  21   4   2   1   1   6   2   2   4  18   5   1   0   4  0.26 0.21
  372 T    -1   1  -1   0  -3  -1   1   0  -1  -1  -2   0  -1  -2  -2   1   3  -2  -3  -1    4   6   3   4   0   2  10   8   2   4   3   5   2   1   2  13  25   1   1   4  0.22 0.21
  373 R    -1   3   2   0  -4   0   1  -1   1  -2  -1   0   0  -3   0   1  -1  -1  -2  -1    4  20  12   4   0   3   8   5   3   2   6   5   2   0   4  12   2   1   1   4  0.20 0.17
  374 N    -1   0   3  -2  -4   0  -1   1  -1  -3  -2   0  -1  -3   4   1  -1  -1  -4  -2    5   6  14   2   0   5   3  12   2   1   5   4   1   1  25   9   3   1   0   2  0.44 0.28
  375 E     0   1   0   0  -4   3   2   1   2  -3  -3   1  -3  -3   1   0   0  -2  -2  -2    7   7   4   4   0  13  16  10   6   1   2   7   0   1   6   6   5   0   1   4  0.24 0.19
  376 I     0  -1   0   2  -1   0   0  -2  -3   0   0   0   0  -2   0   2   0  -4  -2  -1    6   3   4  14   1   5   5   2   0   5  10   5   2   2   5  22   4   0   1   3  0.16 0.17
  377 A     1   2   2   0  -1   0  -1   0   0  -2  -2   0  -3  -3   0   2   1  -4  -2  -1   12  10  12   4   1   5   3   5   2   1   3   4   0   1   5  20   7   0   1   4  0.22 0.20
  378 T     0   1   1   0  -2   1   0  -1  -1  -2  -1   0  -1  -1  -1   2   2  -1   0  -1    6   8   5   4   0   6   5   4   1   1   5   6   1   3   3  20  13   1   3   6  0.13 0.15
  379 K    -2   3   0  -2  -1   0   0   0  -1  -3  -2   2  -1  -4   4  -1   0  -3  -3  -2    1  18   6   1   1   3   7   8   1   1   5  12   2   1  20   4   4   0   1   2  0.40 0.26
  380 M     1   3  -1  -1  -2   0   0  -1  -1  -1  -1   2   0  -3  -1   0   1   0  -1   0   12  21   2   3   1   4   5   4   1   3   4  11   3   1   3   6   8   1   2   6  0.17 0.15
  381 A     1   0   0  -1  -1   0   0   2   0  -2  -1   0   0  -2   0   0   0  -3  -1  -1   13   4   4   3   1   4   6  21   2   2   5   4   4   1   5   8   5   0   2   4  0.13 0.11
  382 V     0  -1  -1  -1  -1   0  -1  -2  -1   1   1  -1   1   0  -2   1   2  -3  -1   1    9   3   3   3   1   3   2   1   2  10  14   3   4   3   1  10  15   0   2  11  0.10 0.11
  383 M    -1   2  -1   0  -3   1   0  -1  -1   1   2  -1   1  -2   1   0  -1  -3  -2   0    5  12   2   4   0   6   5   4   1   7  24   2   3   1   7   7   4   0   1   5  0.11 0.13
  384 S     1   0   1   0  -3   0  -1   0   2  -2  -3   0  -1  -1   0   3  -1  -4  -1  -2   14   5   5   4   0   4   3   5   5   2   2   6   2   3   4  28   3   0   2   3  0.24 0.21
  385 S     1   0   1  -2  -2   1  -1   0  -1  -2  -1   0   0  -3   0   4   0  -4  -3  -2   10   4   5   1   1   5   3   6   1   3   7   6   2   1   4  34   5   0   1   1  0.29 0.25
  386 S     0  -1   1   0  -1   0   0  -2  -2  -2  -2   0  -2  -3   3   3   1  -2  -2  -1    6   3   5   4   2   3   4   2   1   2   3   5   1   1  15  28  10   1   1   5  0.32 0.25
  387 Q    -1   3   1  -1  -1   0   0   1  -1  -1  -2   1  -1  -3  -1   0   0  -2  -2   0    5  21   7   2   1   5   4  13   1   3   2   9   1   1   3   6   7   1   1   7  0.19 0.16
  388 P     0  -2   0   1  -2   0   0  -2   0   0  -1   0  -3  -3   5   1   0  -5  -3  -1    6   2   4   8   1   4   6   3   2   5   7   5   0   1  27   9   6   0   1   4  0.38 0.24
  389 G     0   0   0  -1  -1   0  -1   2  -2  -2  -2  -1  -3  -3   0   2   2  -4   0   0    8   4   4   2   1   5   4  17   1   2   2   3   0   1   5  16  15   0   3   6  0.20 0.18
  390 S     1   0   0  -2  -2   0  -1  -2   0  -3  -3   0  -2   0  -1   4   2  -4   0  -1   12   4   5   2   1   5   3   2   2   1   1   4   1   4   3  31  12   0   3   5  0.31 0.26
  391 S     1  -1  -2   1  -1   0   0   0  -1  -3  -2   0  -1  -3   3   3   0   0  -3  -2    9   3   0   7   1   4   5   7   1   1   4   5   1   1  13  26   6   1   0   3  0.27 0.22
  392 G     1  -1   0   0   0   1   1   2  -2  -1  -1   0  -2  -2  -1   1   0  -3  -2  -1   10   2   4   6   2   5  10  18   0   3   8   6   0   1   3  12   4   0   1   4  0.13 0.11
  393 E    -1  -1   0   2  -2   1   1   1  -1  -1  -1   0  -2  -2   3   0   0  -2  -1  -2    4   3   4  10   1   6  12  14   1   3   6   5   0   2  14   6   6   1   2   3  0.19 0.14
  394 L     0   0  -1  -1  -1   1   0  -2  -1   0   1   0  -1   1   3   0  -1   2  -1   0    7   5   2   3   1   6   4   3   2   5  13   4   1   8  18   5   3   3   1   5  0.16 0.13
  395 S     0   2   0   0  -3   1   0  -1   1  -3  -1   1  -3  -2   0   2   2   1  -3  -2    6  14   3   5   0   5   6   4   4   1   6  10   0   1   3  16  12   2   0   2  0.19 0.18
  396 E     0   0  -1   0  -4   1   3  -1   1  -3  -1   0  -2  -3   3   1   0  -1  -2  -2    8   4   3   5   0   7  19   3   3   1   6   5   1   1  15  10   5   1   1   1  0.26 0.20
  397 N     0   0   3   2  -2   0   0   0   2  -3  -3   1  -2  -4   0   2   1  -5  -2  -2    6   4  18  10   1   4   5   7   5   1   1   7   1   0   4  14   8   0   1   3  0.27 0.21
  398 R     0   4   1   1  -4   2   0  -1   1  -3  -3   1  -3  -3   0   1  -1  -2  -1  -2    7  27   6   6   0  11   5   4   3   1   2   6   0   1   5  10   2   0   2   2  0.36 0.25
  399 S     0   0   1   1  -3   1   0   0  -2  -2   0   1  -2  -2  -2   2   1  -4  -2  -2    5   3   6   8   0   9   7   8   0   2   9  10   0   1   1  17   9   0   1   2  0.15 0.16
  400 S     0   1   2   1  -2   1   0   0  -1  -4  -3   0   0  -3   0   3   0  -1  -1  -2    7   9   9   7   0   5   6   5   1   0   1   5   2   1   4  25   6   1   2   2  0.24 0.21
  401 K     0   3  -1  -1  -4   0   1   0  -2  -2   0   2  -2  -3  -1   2  -1  -2  -3  -1    7  19   2   2   0   4   8   6   1   1   9  11   1   1   3  16   3   1   0   6  0.19 0.18
  402 L    -1   2  -1   0  -3   0   0  -2   2   1   0   0   0  -1   1   0  -1  -3  -1   1    3  15   2   5   0   3   5   3   6   9  12   6   3   1   6   6   2   0   2  10  0.09 0.11
  403 F     0  -2  -3  -4  -1  -3  -2  -2  -1   1   1  -1   2   1   4   0  -1  -4   0   0    8   1   1   0   1   0   2   3   2  11  11   3   5   6  24   7   3   0   4   8  0.33 0.21
  404 S     1   0   0   0  -2   1   0  -1   0  -1  -1   0  -2  -3   0   3   1  -1  -1  -1   10   3   3   4   1   7   4   4   2   3   7   6   0   0   5  25  10   1   2   4  0.17 0.17
  405 S     1  -1   0  -1  -3   0  -1  -1  -1  -2  -1   0  -2  -2   1   4   1  -4   0  -1    9   2   5   2   0   3   3   5   2   2   6   4   1   2   7  34   8   0   3   5  0.27 0.24
  406 S     0  -3   0   0   1   0   0  -2   2  -2  -2  -1  -2  -1   1   3   2  -4  -3   0    7   0   4   4   3   3   4   2   5   2   3   4   1   3   7  27  14   0   0   6  0.25 0.23
  407 A     0  -1   0  -1  -3   0   1   1  -1  -1  -1  -1   0  -2   0   2   2  -4  -3   0    7   2   3   3   0   3   9  14   2   3   7   3   2   1   3  15  14   0   0  10  0.13 0.14
  408 Q    -1   1   0  -1  -4   3   2  -1  -1  -2   0   1   0  -2   0   0   0   0  -2  -1    2   8   5   2   0  16  13   5   1   2  12   8   3   1   5   8   5   1   1   3  0.16 0.15
  409 K     0   4   0  -2  -4  -1   0   1  -3  -2  -1   1  -3  -4   0   1   0  -1  -3  -2    7  24   3   2   0   2   4  12   0   2   7  10   0   0   4  12   5   1   0   3  0.27 0.21
  410 I    -1  -2  -2  -2   0  -1  -2  -2  -2   2   1  -1   2  -1  -1   0   1  -3  -1   2    5   2   2   2   2   3   1   3   1  14  15   3   7   1   3  10  12   0   2  13  0.13 0.14
  411 Q    -1   0  -1   0  -2   3   1  -2   0  -2  -2   1  -2  -2   3   1   1  -1  -3  -3    3   4   2   4   1  18  10   2   2   2   3   9   1   2  18  10   7   1   1   1  0.37 0.26
  412 P     0   1   0  -1  -4   0  -1  -2  -3  -4  -2   0  -2  -2   4   2   1   0  -1  -1    7   7   4   3   0   4   4   1   0   0   3   5   1   2  25  17   9   1   2   4  0.41 0.27
  413 V     0  -1  -1   1  -1   0  -1   0  -1   1   1   0   1  -1  -1   0   0  -3  -1   1    4   3   2   8   1   4   3   7   1   9  15   7   4   3   2   9   4   0   1  13  0.03 0.06
  414 Q    -1  -1   2   0  -5   3   1  -3   3  -4  -3  -1  -2  -3   4   1  -1  -1   0  -2    4   2  11   4   0  13   9   1   7   0   2   3   1   1  20  10   3   1   4   3  0.43 0.28
  415 E    -2   1   1   0  -4   3   2  -3   1  -3  -3   1   1  -4   1   1   2  -1  -3  -1    2   6   6   4   0  13  13   1   4   1   2   9   4   0   7   9  15   1   0   5  0.28 0.23
  416 T    -1   0   0  -1  -3   1  -2  -1  -3  -1  -1   1   1  -4   0   2   3  -4  -2  -1    4   5   3   2   0   5   1   5   0   4   5  10   4   0   4  21  22   0   2   3  0.26 0.24
  417 K     0   4  -1   1  -2   1   0  -3   0  -3  -2   1  -3  -3   2   2  -1  -5  -4  -3    9  22   2   7   1   5   6   1   2   1   4  10   0   1  10  16   3   0   0   1  0.36 0.26
  418 L     1  -2   1  -2  -1   0  -1  -2   0  -2   0   0  -1   1   2   1   2  -4  -1   0   17   0   6   1   1   5   3   1   2   1   9   8   1   6   9  10  13   0   1   6  0.15 0.16
  419 S     2   0   0  -1  -3   0   0  -2  -1  -2  -1   0   0  -2   3   2   0  -5  -3  -2   18   6   4   3   0   4   5   1   1   2   5   4   3   2  18  17   6   0   0   1  0.31 0.23
  420 A     2   1  -1  -1  -3   0   0   0  -3  -2  -2   0   0  -3   0   1   2   1  -1  -1   21   9   1   3   0   3   5   7   0   2   1   6   2   0   4  12  15   2   2   4  0.19 0.18
  421 R    -1   5   1  -3  -4   1  -1  -1  -2  -2  -2   2   1  -1  -2   1   0  -4   1  -2    5  32   6   0   0   6   3   4   0   1   3  10   4   3   1   9   6   0   6   1  0.39 0.26
  422 L     1   1   1  -2  -1  -1  -1  -3  -1  -2  -1   0  -2  -1   3   1   1  -4  -1   0   13  10   9   1   1   2   4   0   1   0   7   4   0   2  13  13  11   0   2   6  0.20 0.17
  423 G     1  -2   0  -1  -3   0  -1   2   2  -1   0   1  -2  -1   0   1   0  -3  -1  -2   11   0   2   3   0   3   3  19   6   4   9  11   0   3   3  14   7   0   2   2  0.14 0.13
  424 R    -2   3   0   0  -3   2   1  -3   1   0  -2   0   1  -3  -2   0   0  -3  -1  -1    2  21   5   6   0  12  10   1   4   9   3   4   4   0   1   6   5   0   2   5  0.23 0.17
  425 D    -1  -1  -2   4  -1   2   3  -1  -3  -2  -4   1  -2  -2   0   0   0  -4  -4  -3    5   3   0  30   2   8  17   3   0   3   0   8   1   2   5   7   4   0   0   0  0.46 0.26
  426 D     0  -1   0   2  -1   0   2  -1  -2   0  -3   0  -1  -4   4   0  -1  -4  -1  -1    6   3   4  15   2   3  15   4   0   7   0   5   1   0  20   7   2   0   2   3  0.33 0.19
  427 G     1  -1   1  -1  -3  -1  -1   1  -3  -2  -1   0  -2  -3   3   0   2  -4  -3  -1   12   2   8   3   0   2   1  13   0   1   8   5   0   0  19   6  13   0   0   5  0.28 0.17
  428 L    -1  -2  -3  -3  -1  -1  -1  -2  -3   2   4  -1   0   0  -1  -1  -1  -3   1   0    4   2   0   0   1   3   5   2   0  10  45   3   0   3   3   5   2   0   5   4  0.29 0.20
  429 R    -2   4  -1  -2   1   1   1  -2   2  -3  -2   3   0  -4   0   0   1  -4  -3  -2    0  27   2   0   4   5   8   3   6   0   3  17   3   0   3   4  12   0   0   2  0.40 0.23
  430 S     1   0  -1   0   0  -2   0  -2  -3  -4  -4   0  -3  -2  -3   5   2  -5  -4  -1    8   6   1   4   2   0   4   1   0   0   0   4   0   2   0  53  10   0   0   4  0.66 0.37
  431 F    -1  -4  -4  -5  -4  -1  -4  -2   1   2   2  -4  -1   6  -5  -1  -3  -2   0   0    5   0   0   0   0   3   0   4   5  15  18   0   0  41   0   4   0   0   0   5  0.67 0.31
  432 D    -2  -2   1   0  -5   1   6  -1   1  -5  -5   1  -4  -4  -3   1  -2  -4   0  -4    2   0   6   3   0   3  58   4   3   0   0   6   0   0   0  12   0   0   3   0  0.86 0.36
  433 M    -2   1  -2  -1   1  -1  -1  -2  -3  -1   2  -1   0   1   2   0   0  -3  -2   0    0  11   0   3   4   3   3   3   0   0  33   3   1   9   9   7   6   0   0   5  0.15 0.13
  434 L     0  -3  -3  -2  -2  -2   1  -1  -3   1   3  -2   1  -1  -3   1  -1   3   0   0    6   0   0   0   0   0  15   4   0   7  34   0   4   0   0  15   0   5   2   7  0.23 0.17
  435 T     2  -2   1   0  -2  -2  -2  -2  -3  -3  -3  -2  -2   0   0   3   4  -4  -3  -2   18   0   6   3   0   0   0   0   0   0   0   0   0   4   4  30  33   0   0   0  0.52 0.24
  436 I     0  -3  -3  -4  -2  -2  -3  -4  -3   3   2  -1   2  -1  -3  -1   0  -3  -2   3    7   0   0   0   0   0   0   0   0  24  27   5   5   0   0   4   5   0   0  24  0.35 0.15
  437 G     1  -3   0  -2  -3   0   0   5  -2  -4  -4  -2  -3  -4   1   1  -2  -4  -4  -3   15   0   5   0   0   4   8  54   0   0   0   0   0   0   6   8   0   0   0   0  0.70 0.19
  438 S    -1  -1   4   3  -3  -1   1   0  -1  -3  -2   0  -2  -4   1   1  -1  -4  -3  -3    3   0  37  16   0   0  10   4   0   0   6   5   0   0   6  12   0   0   0   0  0.43 0.14
  439 G    -1  -3  -1   3  -3  -2   0   5  -2  -3  -1  -2  -2  -3  -3   0  -2  -3  -3  -3    0   0   0  20   0   0   6  59   0   0  11   0   0   0   0   4   0   0   0   0  0.65 0.13
  440 K    -1   4  -1  -1  -4   2   0  -2  -1  -4  -3   4  -2  -4  -2   1  -1  -3  -2  -3    0  33   0   0   0  13   0   0   0   0   0  43   0   0   0  11   0   0   0   0  0.62 0.13
  441 R    -2   6  -1  -2  -4   1   0  -3  -1  -3  -3   3  -2  -3  -2  -1  -1  -3  -2  -3    0  80   0   0   0   0   0   0   0   0   0  20   0   0   0   0   0   0   0   0  0.83 0.07
  442 K    -1   5   0  -1  -4   1   0  -2  -1  -3  -3   4  -2  -3  -2  -1  -1  -3  -2  -3    0  52   0   0   0   0   0   0   0   0   0  48   0   0   0   0   0   0   0   0  0.61 0.02

                      K         Lambda
Standard Ungapped    0.1364     0.3181
Standard Gapped      0.0423     0.2670
PSI Ungapped         0.1372     0.3055
PSI Gapped           0.0423     0.2670
