
Last position-specific scoring matrix computed, weighted observed percentages rounded down, information per position, and relative weight of gapless real matches to pseudocounts
           A  R  N  D  C  Q  E  G  H  I  L  K  M  F  P  S  T  W  Y  V   A   R   N   D   C   Q   E   G   H   I   L   K   M   F   P   S   T   W   Y   V
    1 M   -1 -1 -2 -3 -1  0 -2 -3 -1  1  2 -1  5  0 -2 -1 -1 -1 -1  1    0   0   0   0   0   0   0   0   0   0   0   0   0   0   0   0   0   0   0   0  0.00     0.00
    2 S    1 -1  1  0 -1  0  0  0 -1 -2 -2  0 -1 -2 -1  4  1 -3 -2 -2    0   0   0   0   0   0   0   0   0   0   0   0   0   0   0   0   0   0   0   0  0.00     0.00
    3 S    1 -1  1  0 -1  0  0  0 -1 -3 -3  0 -2 -3 -1  4  1 -3 -2 -2    0   0   0   0   0   0   0   0   0   0   0   0   0   0   0 100   0   0   0   0  0.46 0.00
    4 S    0 -1  4  0 -1  0  0  0  0 -3 -3  0 -2 -3 -1  3  1 -3 -2 -2    0   0  33   0   0   0   0   0   0   0   0   0   0   0   0  67   0   0   0   0  0.42 0.00
    5 R   -2  6  0 -2 -4  1  0 -2  0 -3 -2  2 -1 -3 -2 -1 -1 -3 -2 -3    0 100   0   0   0   0   0   0   0   0   0   0   0   0   0   0   0   0   0   0  0.76 0.01
    6 R   -1  5  0 -1 -3  1  0 -2  0 -3 -2  3 -1 -3 -2 -1 -1 -3 -2 -3    0  65   0   0   0   0   0   0   0   0   0  35   0   0   0   0   0   0   0   0  0.60 0.00
    7 S    1 -1  1  0 -1  0  0  0 -1 -3 -3  0 -2 -3 -1  4  1 -3 -2 -2    0   0   0   0   0   0   0   0   0   0   0   0   0   0   0 100   0   0   0   0  0.46 0.00
    8 R   -2  6  0 -2 -4  1  0 -2  0 -3 -2  2 -1 -3 -2 -1 -1 -3 -2 -3    0 100   0   0   0   0   0   0   0   0   0   0   0   0   0   0   0   0   0   0  0.76 0.01
    9 Q   -1  4  0 -1 -3  5  1 -2  0 -3 -2  2 -1 -3 -2  0 -1 -2 -2 -2    0  35   0   0   0  65   0   0   0   0   0   0   0   0   0   0   0   0   0   0  0.57 0.00
   10 A    2  0  0 -1 -1  3  0 -1 -1 -2 -2  0 -1 -3 -1  1  2 -2 -2 -1   32   0   0   0   0  35   0   0   0   0   0   0   0   0   0   0  33   0   0   0  0.28 0.00
   11 S    1 -1  0 -1 -1  0  0 -1 -1 -2 -2  0 -1 -2 -1  3  3 -3 -2 -1    0   0   0   0   0   0   0   0   0   0   0   0   0   0   0  65  35   0   0   0  0.39 0.00
   12 S    0 -1  3  0 -2 -1 -1  3 -1 -3 -3 -1 -2 -3 -2  2  0 -3 -2 -3    0   0  33   0   0   0   0  35   0   0   0   0   0   0   0  32   0   0   0   0  0.45 0.00
   13 S    4 -1 -1 -1 -1 -1 -1  0 -2 -2 -2 -1 -1 -2 -1  2  0 -3 -2 -1   74   0   0   0   0   0   0   0   0   0   0   0   0   0   0  26   0   0   0   0  0.36 0.00
   14 S    1 -1  0 -1 -1  0  0 -1 -1 -3 -3  0 -2 -3  4  4  1 -3 -2 -2    0   0   0   0   0   0   0   0   0   0   0   0   0   0  23  77   0   0   0   0  0.54 0.00
   15 R   -1  5 -1 -2 -3  1 -1 -3 -1 -1  0  2  3 -2 -2 -1 -1 -2 -2 -1    0  72   0   0   0   0   0   0   0   0   0   0  28   0   0   0   0   0   0   0  0.44 0.00
   16 I   -2 -3 -3 -3 -1 -3 -3 -4 -4  5  1 -3  1  0 -3 -3 -1 -3 -2  3    0   0   0   0   0   0   0   0   0 100   0   0   0   0   0   0   0   0   0   0  0.45 0.02
   17 S    0 -1  0 -1 -1 -1 -1 -1 -2 -1 -2 -1 -1 -2 -1  3  4 -3 -2 -1    0   0   0   0   0   0   0   0   0   0   0   0   0   0   0  40  60   0   0   0  0.43 0.02
   18 D   -2 -1  1  6 -4  0  3 -2 -1 -3 -4  0 -3 -4 -2  0 -1 -4 -3 -3    0   0   0  73   0   0  27   0   0   0   0   0   0   0   0   0   0   0   0   0  0.85 0.03
   19 D   -1 -1  1  4 -4  1  4 -2 -1 -3 -3  0 -3 -4 -2  0 -1 -4 -3 -3    0   0   7  39   0   0  54   0   0   0   0   0   0   0   0   0   0   0   0   0  0.69 0.03
   20 Q   -1  1  0  0 -3  6  3 -2  0 -3 -3  1 -1 -4 -2  0 -1 -2 -2 -3    0   0   0   0   0  81  19   0   0   0   0   0   0   0   0   0   0   0   0   0  0.73 0.04
   21 I   -1 -3 -3 -3 -2 -2 -3 -4 -3  4  2 -3  4  0 -3 -2 -1 -3 -1  2    0   0   0   0   0   0   0   0   0  75   0   0  25   0   0   0   0   0   0   0  0.41 0.03
   22 T    1 -1  4  0 -2 -1 -1  1 -1  0 -2 -1 -1 -2 -2  1  1 -3 -2 -1   21   0  38   0   0   0   0   7   0  14   0   0   0   0   0  13   8   0   0   0  0.22 0.02
   23 D   -2 -1  1  5 -4  1  4 -2 -1 -3 -4  0 -3 -4 -2  0 -1 -4 -3 -3    0   0   0  57   0   0  43   0   0   0   0   0   0   0   0   0   0   0   0   0  0.78 0.03
   24 L   -2 -2 -4 -4 -2 -2 -3 -4 -3  1  4 -3  2  0 -3 -3 -1 -2 -1  1    0   0   0   0   0   0   0   0   0   0 100   0   0   0   0   0   0   0   0   0  0.55 0.03
   25 I   -1 -3 -3 -3 -1 -3 -3 -4 -3  4  2 -3  1 -1 -3 -2 -1 -3 -1  3    0   0   0   0   0   0   0   0   0  49   9   0   0   0   0   0   0   0   0  42  0.39 0.02
   26 S    1 -1  0 -1 -1 -1 -1 -1 -1 -1 -1 -1 -1 -2 -1  4  1 -3 -2 -1    0   0   0   0   0   0   0   0   0   7   9   0   0   0   0  84   0   0   0   0  0.36 0.03
   27 K   -1  2  0 -1 -3  2  1 -2 -1 -3 -3  5 -2 -3 -1  0 -1 -3 -2 -3    0   0   0   0   0   9   0   0   0   0   0  91   0   0   0   0   0   0   0   0  0.60 0.04
   28 L   -2 -2 -4 -4 -2 -2 -3 -4 -3  1  4 -3  2  0 -3 -3 -1 -2 -1  1    0   0   0   0   0   0   0   0   0   0 100   0   0   0   0   0   0   0   0   0  0.55 0.03
   29 R   -1  3  0 -1 -3  5  1 -2  3 -3 -3  1 -1 -3 -2 -1 -1 -2 -1 -3    0  22   0   0   0  69   0   0   9   0   0   0   0   0   0   0   0   0   0   0  0.62 0.04
   30 Q    2  1  0  0 -2  3  0 -1  1 -2 -2  0 -1 -3 -1  1  0 -3 -2 -2   35   9   0   7   0  29   0   0   6   0   0   0   0   0   0  15   0   0   0   0  0.26 0.02
   31 S   -1 -2 -3 -3 -1 -2 -3 -3 -3  2  3 -2  1  1 -3 -1 -1 -2 -1  1    0   0   0   0   0   0   0   0   0   7  66   0   0   7   0   8   0   0   0  12  0.31 0.02
   32 I   -2 -3 -4 -4 -1 -2 -3 -4 -3  2  4 -3  2  0 -3 -3 -1 -2 -1  1    0   0   0   0   0   0   0   0   0  14  86   0   0   0   0   0   0   0   0   0  0.48 0.03
   33 P   -1 -3 -2 -2 -3 -2 -1 -3 -3 -3 -3 -1 -3 -4  8 -1 -1 -4 -3 -3    0   0   0   0   0   0   0   0   0   0   0   0   0   0 100   0   0   0   0   0  2.16 0.05
   34 E   -1  0  1  1 -3  1  5 -2  0 -3 -3  0 -2 -3 -1  1  1 -3 -2 -2    0   0   7   0   0   0  73   0   0   0   0   0   0   0   0   8  12   0   0   0  0.56 0.03
   35 I    1  1 -1 -2 -1 -1 -1 -2 -2  1  1 -1  0 -1 -2  2  0 -3 -2  0   13  12   0   0   0   0   0   0   0  22  22   0   0   0   0  31   0   0   0   0  0.11 0.01
   36 R    0  4  0 -1 -3  1  0  2  2 -3 -3  1 -2 -3 -2  0 -1 -3 -2 -2    9  49   0   0   0   9   0  18   7   0   0   0   0   0   0   7   0   0   0   0  0.38 0.02
   37 Q    0  3  1  1 -3  2  1  1 -1 -2  0  1 -1 -2 -2  0 -1 -3 -2 -2    9  28   9   7   0  15   7  12   0   0  13   0   0   0   0   0   0   0   0   0  0.18 0.01
   38 N    0  2  2  0 -2  1  1 -1  0 -2 -2  1 -1 -2 -1  1  0 -2 -1 -2    3  24  19   2   1   1  14   3   1   2   3   2   1   1   2  16   2   0   1   2  0.19 0.01
   39 R    0  5  1 -1 -3  1  0 -2  0 -3 -2  2 -2 -3 -2 -1 -1 -3 -2 -2   12  79   9   0   0   0   0   0   0   0   0   0   0   0   0   0   0   0   0   0  0.62 0.03
   40 R   -1  4  2 -1 -3  0 -1  3 -1 -3 -3  1 -2 -3 -2  1 -1 -3 -2 -3    0  44  12   0   0   0   0  31   0   0   0   0   0   0   0  13   0   0   0   0  0.43 0.02
   41 S    3 -1  2 -1 -1  0 -1  0 -1 -2 -2 -1 -2 -3 -1  3  1 -3 -2 -1   36   0  13   0   0   0   0   0   0   0   0   0   0   0   0  51   0   0   0   0  0.36 0.02
   42 N   -1 -1  2  4 -3  0  1  1  2 -3 -3  1 -2 -3 -2  1 -1 -4 -2 -3    0   0  16  40   0   0   0   9   9   0   0  12   0   0   0  15   0   0   0   0  0.41 0.02
   43 T   -1  4  0 -1 -3  3  1 -2  0 -3 -2  3 -1 -3 -2  0  0 -3 -2 -2    0  30   0   0   0  27   0   0   0   0   0  35   0   0   0   0   8   0   0   0  0.47 0.02
   44 V    2 -2 -2 -2 -1 -2 -2  1 -2  1  0 -2  0 -2 -2  0  0 -3 -2  3   33   0   0   0   0   0   0   9   0   0   0   0   0   0   0   7   0   0   0  50  0.20 0.02
   45 S    1 -1  0 -1 -1  0  0 -1 -1 -3 -3 -1 -2 -3  3  4  1 -3 -2 -2    0   0   0   0   0   0   0   0   0   0   0   0   0   0  13  87   0   0   0   0  0.54 0.04
   46 A    3 -1 -1 -1 -1 -1 -1  0 -2 -2 -2 -1 -1 -2 -1  2  2 -3 -2 -1   60   0   0   0   0   0   0   0   0   0   0   0   0   0   0  25  15   0   0   0  0.36 0.02
   47 S    3 -1  0 -1 -1 -1 -1  0 -1 -2 -2 -1 -1 -3 -1  3  2 -3 -2 -1   35   0   0   0   0   0   0   0   0   0   0   0   0   0   0  50  15   0   0   0  0.37 0.02
   48 K   -1  4  0 -1 -4  1  2 -2 -1 -3 -3  4 -2 -3 -2 -1 -1 -3 -2 -3    0  38   0   0   0   0  12   0   0   0   0  50   0   0   0   0   0   0   0   0  0.55 0.03
   49 V   -1 -3 -3 -4 -1 -2 -3 -4 -3  2  2 -3  1 -1 -3 -2  0 -3 -1  4    0   0   0   0   0   0   0   0   0   0  22   0   0   0   0   0   0   0   0  78  0.38 0.03
   50 L   -2 -2 -4 -4 -2 -2 -3 -4 -3  1  4 -3  2  0 -3 -3 -1 -2 -1  1    0   0   0   0   0   0   0   0   0   0 100   0   0   0   0   0   0   0   0   0  0.55 0.03
   51 Q   -1  1  0 -1 -3  6  2 -2  0 -3 -3  3 -1 -4 -2  0 -1 -2 -2 -3    0   0   0   0   0  78   0   0   0   0   0  22   0   0   0   0   0   0   0   0  0.67 0.04
   52 E   -1  0  0  2 -4  2  5 -2  0 -4 -3  1 -2 -4 -1  0 -1 -3 -2 -3    0   0   0   7   0   0  93   0   0   0   0   0   0   0   0   0   0   0   0   0  0.81 0.04
   53 T    1 -1  0 -1 -1 -1 -1 -2 -2 -1 -2 -1 -1 -2 -1  1  5 -3 -2  0   12   0   0   0   0   0   0   0   0   0   0   0   0   0   0   0  88   0   0   0  0.51 0.04
   54 C   -1 -4 -3 -4  9 -3 -4 -3 -3 -2 -2 -4 -2 -3 -3 -1 -1 -3 -3 -1    0   0   0   0 100   0   0   0   0   0   0   0   0   0   0   0   0   0   0   0  1.54 0.06
   55 N    0  1  4  0 -2  0  0 -1  0 -3 -3  0 -2 -3 -2  3  0 -3 -2 -3    0  12  49   0   0   0   0   0   0   0   0   0   0   0   0  39   0   0   0   0  0.46 0.03
   56 Y   -2 -2 -2 -4 -3 -2 -2 -3  1 -2 -1 -2 -1  3 -3 -2 -2  2  8 -2    0   0   0   0   0   0   0   0   0   0   0   0   0   0   0   0   0   0 100   0  1.10 0.05
   57 I   -2 -3 -4 -4 -2 -3 -4 -4 -4  5  1 -3  1  0 -3 -3 -1 -3 -2  2    0   0   0   0   0   0   0   0   0 100   0   0   0   0   0   0   0   0   0   0  0.52 0.04
   58 R   -2  6 -1 -2 -4  1  0 -2 -1 -3 -3  3 -2 -3 -2 -1 -1 -3 -2 -3    0  78   0   0   0   0   0   0   0   0   0  22   0   0   0   0   0   0   0   0  0.74 0.04
   59 N    0  1  4  0 -2  0  0 -1  0 -3 -3  1 -2 -3 -2  3  0 -3 -2 -2    0  12  37   0   0   0   0   0   0   0   0   7   0   0   0  45   0   0   0   0  0.40 0.02
   60 L   -2 -2 -4 -4 -2 -2 -3 -4 -3  1  4 -3  2  0 -3 -3 -1 -2 -1  1    0   0   0   0   0   0   0   0   0   0 100   0   0   0   0   0   0   0   0   0  0.55 0.03
   61 N   -2 -1  2 -1 -3  0  0 -2  8 -4 -3 -1 -2 -2 -2  0 -1 -3  1 -3    0   0  15   0   0   0   0   0  76   0   0   0   0   0   0   9   0   0   0   0  0.81 0.04
   62 K   -1  5 -1 -1 -4  3  0 -2  0 -3 -2  3 -1 -3 -2 -1 -1 -3 -2 -3    0  67   0   0   0  16   0   0   0   0   0  17   0   0   0   0   0   0   0   0  0.66 0.03
   63 E   -1  0 -1  1 -4  2  6 -2  0 -4 -3  1 -2 -4 -1  0 -1 -3 -2 -3    0   0   0   0   0   0 100   0   0   0   0   0   0   0   0   0   0   0   0   0  0.86 0.04
   64 A    1 -3 -3 -3 -1 -2 -2 -2 -3  2  0 -2  0 -1 -2 -1  0 -3 -2  4   20   0   0   0   0   0   0   0   0   0   0   0   0   0   0   0   0   0   0  80  0.32 0.03
   65 D   -2 -2  1  6 -4 -1  1 -2 -1 -4 -4 -1 -3 -4 -2 -1 -1 -5 -3 -4    0   0   0 100   0   0   0   0   0   0   0   0   0   0   0   0   0   0   0   0  1.08 0.04
   66 D    0 -2  3  5 -3  0  1 -1 -1 -3 -4 -1 -3 -4 -2  0 -1 -4 -3 -3   12   0  23  66   0   0   0   0   0   0   0   0   0   0   0   0   0   0   0   0  0.68 0.03
   67 L   -2 -2 -4 -4 -2 -2 -3 -4 -3  1  4 -3  2  0 -3 -3 -1 -2 -1  1    0   0   0   0   0   0   0   0   0   0 100   0   0   0   0   0   0   0   0   0  0.55 0.03
   68 S    1 -1  0 -1 -1  0  0 -1 -1 -3 -3  0 -2 -3 -1  5  1 -3 -2 -2    0   0   0   0   0   0   0   0   0   0   0   0   0   0   0 100   0   0   0   0  0.57 0.04
   69 D   -1 -1  0  4 -4  1  4 -2 -1 -3 -3  0 -3 -4 -2  0 -1 -4 -3 -3    0   0   0  43   0   0  57   0   0   0   0   0   0   0   0   0   0   0   0   0  0.75 0.03
   70 R   -2  6 -1 -2 -3  1  0 -3 -1 -3 -2  2 -2 -3 -2 -1  0 -3 -2 -3    0  91   0   0   0   0   0   0   0   0   0   0   0   0   0   0   9   0   0   0  0.77 0.04
   71 L   -2 -2 -4 -4 -2 -2 -3 -4 -3  1  4 -3  2  0 -3 -3 -1 -2 -1  1    0   0   0   0   0   0   0   0   0   0 100   0   0   0   0   0   0   0   0   0  0.55 0.03
   72 T    2 -1  0 -1 -1  0 -1  0 -1 -2 -2 -1 -1 -3 -1  4  2 -3 -2 -1   28   0   0   0   0   0   0   0   0   0   0   0   0   0   0  64   8   0   0   0  0.40 0.03
   73 Q   -1  0  0  2 -4  4  4 -2  0 -3 -3  1 -2 -4 -1  0 -1 -3 -2 -3    0   0   0  15   0  40  45   0   0   0   0   0   0   0   0   0   0   0   0   0  0.62 0.03
   74 L   -2 -2 -4 -4 -2 -2 -3 -4 -3  1  4 -3  2  0 -3 -3 -1 -2 -1  1    0   0   0   0   0   0   0   0   0   0 100   0   0   0   0   0   0   0   0   0  0.55 0.03
   75 L   -2 -2 -3 -4 -2 -2 -3 -4 -3  1  4 -2  4  0 -3 -2 -1 -2 -1  1    0   0   0   0   0   0   0   0   0   0  78   0  22   0   0   0   0   0   0   0  0.47 0.03
   76 E    3 -1 -1  1 -1  0  2 -1 -1 -2 -2  0 -2 -3 -1  1  0 -3 -2 -1   58   0   0   8   0   0  26   0   0   0   0   0   0   0   0   8   0   0   0   0  0.32 0.02
   77 S    1 -1  1 -1 -1 -1 -1  1 -1 -2 -2 -1 -2 -3 -1  3  2 -3 -2 -1    9   0   8   0   0   0   0   8   0   0   0   0   0   0   0  51  24   0   0   0  0.34 0.02
   78 I    1 -2 -1 -2 -1 -1 -2 -2 -2  1  0 -1  3 -1  2  1  1 -3 -2  1    9   0   0   0   0   0   0   0   0  10   0   0  25   0  10  15  16   0   0  15  0.17 0.01
   79 D   -2 -2  1  6 -4 -1  1 -2 -1 -3 -4 -1 -3 -4 -2  0 -1 -5 -3 -4    0   0   0 100   0   0   0   0   0   0   0   0   0   0   0   0   0   0   0   0  1.06 0.04
   80 P   -1 -1  1  1 -2  0  1 -2  3  0 -1 -1  1 -2  2 -1 -1 -2 -1  1    1   1   9   7   0   1  17   1  18   1   2   1   8   1  10   1   1   0   1  20  0.14 0.01
   81 N   -1 -1  4  2 -2  0  0 -1  0 -2 -2  0 -2 -2 -1  1  1 -3 -2 -2    1   1  42  16   0   1   1   1   0   1   2   1   0   1   1  17  11   0   1   1  0.34 0.01
   82 S    1 -1  0 -1 -1  0  0 -1 -1 -2 -2  0 -2 -3 -1  4  2 -3 -2 -2    0   0   0   0   0   0   0   0   0   0   0   0   0   0   0  83  17   0   0   0  0.48 0.03
   83 P    2 -2 -1  1 -2 -1 -1 -1 -2 -2 -3 -1 -2 -3  6  0 -1 -3 -3 -2   40   0   0  10   0   0   0   0   0   0   0   0   0   0  50   0   0   0   0   0  0.89 0.02
   84 Q   -1  0  0  0 -3  5  3  2  0 -3 -3  1 -1 -3 -2  0 -1 -2 -2 -3    0   0   0   0   0  61  22  17   0   0   0   0   0   0   0   0   0   0   0   0  0.53 0.03
   85 A    5 -2 -2 -2 -1 -1 -1  0 -2 -2 -2 -1 -1 -3 -1  1  0 -3 -2  0  100   0   0   0   0   0   0   0   0   0   0   0   0   0   0   0   0   0   0   0  0.49 0.03
   86 A    4 -1 -1 -1 -1  0  2  0 -1 -2 -2  0 -1 -3 -1  1  0 -3 -2 -1   75   0   0   0   0   0  25   0   0   0   0   0   0   0   0   0   0   0   0   0  0.37 0.03
   87 V   -1 -3 -3 -3 -1 -3 -3 -4 -3  3  2 -3  1  0 -3 -2 -1 -3 -1  3    0   0   0   0   0   0   0   0   0  39  17   0   0   0   0   0   0   0   0  44  0.36 0.02
   88 I   -2 -3 -4 -3 -1 -3 -4 -4 -4  5  1 -3  1  0 -3 -3 -1 -3 -2  2    0   0   0   0   0   0   0   0   0 100   0   0   0   0   0   0   0   0   0   0  0.50 0.03
   89 R   -2  6 -1 -2 -4  1  0 -3  0 -3 -2  2 -2 -3 -2 -1 -1 -3 -2 -3    0 100   0   0   0   0   0   0   0   0   0   0   0   0   0   0   0   0   0   0  0.88 0.04
   90 S    1 -1  0 -1 -1  0  0  1 -1 -3 -3  0 -2 -3 -1  4  1 -3 -2 -2    0   0   0   0   0   0   0   9   0   0   0   0   0   0   0  91   0   0   0   0  0.49 0.03
   91 L   -2 -2 -4 -4 -1 -2 -3 -4 -3  2  4 -3  2  0 -3 -3 -1 -2 -1  1    0   0   0   0   0   0   0   0   0   9  91   0   0   0   0   0   0   0   0   0  0.49 0.02
   92 I   -2 -2 -4 -4 -1 -2 -3 -4 -3  2  4 -3  2  0 -3 -3 -1 -2 -1  1    0   0   0   0   0   0   0   0   0  10  90   0   0   0   0   0   0   0   0   0  0.49 0.02
   93 N   -2  0  6  1 -3  0  0  0  1 -3 -4  0 -2 -3 -2  1  0 -4 -2 -3    0   0 100   0   0   0   0   0   0   0   0   0   0   0   0   0   0   0   0   0  0.72 0.00
   94 G    0 -2  0 -1 -2 -2 -2  5 -2 -4 -3 -1 -3 -3 -2  0 -2 -2 -3 -3    0   0   0   0   0   0   0   0   0   0   0   0   0   0   0   0   0   0   0   0  0.00     0.00

                      K         Lambda
Standard Ungapped    0.1223     0.3091
Standard Gapped      0.0410     0.2670
PSI Ungapped         0.1223     0.3091
PSI Gapped           0.0410     0.2670
