
Last position-specific scoring matrix computed, weighted observed percentages rounded down, information per position, and relative weight of gapless real matches to pseudocounts
            A   R   N   D   C   Q   E   G   H   I   L   K   M   F   P   S   T   W   Y   V   A   R   N   D   C   Q   E   G   H   I   L   K   M   F   P   S   T   W   Y   V
    1 M    -2  -4  -4  -5  -3  -3  -4  -5  -4   3   3  -3   7  -1  -4  -3  -2  -3  -3   2    0   0   0   0   0   0   0   0   0  24  26   0  38   0   0   0   0   0   0  12  0.85 0.25
    2 S     2  -2  -2   1  -3  -1   0  -1  -3  -4  -3   0  -3  -4   3   4   0  -4   0  -3   15   0   0   9   0   1   3   4   0   0   3   4   0   0  15  40   2   0   4   0  0.49 0.24
    3 G     0  -1  -2  -1  -4  -1  -3   3  -1  -2  -3  -1  -3  -3   5   0   0  -4   1  -2    6   3   0   3   0   2   0  29   1   2   2   3   0   0  27   7   7   0   6   2  0.58 0.23
    4 S     2   1  -1  -3  -3   1  -1   1  -3  -4  -4   0  -3  -4   1   3   2  -5  -4  -2   17   8   2   0   0   5   2  10   0   0   0   4   0   0   8  32  11   0   0   1  0.44 0.26
    5 R    -2   6  -1  -3  -5   0   1  -1   2  -5  -4   2   0  -3   0   1  -1  -5  -4  -4    2  44   3   0   0   4   7   4   5   0   1  10   3   1   4  10   3   0   0   0  0.69 0.32
    6 R     0   4   0   1  -1   0   1  -1   1  -3  -3   1  -3  -4  -1   2  -1  -1  -3  -1    8  24   3   9   1   1   9   3   4   1   2  10   0   0   3  16   2   1   0   4  0.28 0.19
    7 K     0   1   0  -1  -4   0   2   0   1  -4  -3   2  -3  -4   3   2   0   0  -3  -2    6   7   4   2   0   3  16   7   4   0   1  12   0   0  13  16   3   2   0   4  0.29 0.19
    8 A     2   0   0   0  -3   0   1   1  -2  -2  -1   0   0  -2   0   2   0  -4  -2  -1   17   4   5   4   0   4   9   8   0   1   5   5   2   1   4  23   3   0   1   5  0.17 0.15
    9 T     1  -1   0  -2  -3   2  -1  -2  -2  -1  -1   1   0  -3  -1   1   3  -4  -2  -1   11   2   5   1   0  12   3   2   0   4   4  10   2   0   3  13  21   0   1   4  0.22 0.19
   10 P     0  -2   1  -3  -5  -1  -4  -2   1  -2  -2  -2  -4  -5   7  -1   0  -6  -4  -2    7   3   7   1   0   3   0   2   4   2   4   2   0   0  52   3   6   0   0   3  1.12 0.45
   11 A     2   1   0  -1  -3   0   0   0   0  -2  -3   2  -1  -4   1   2   0  -4  -3  -2   16   6   4   3   0   4   4   8   3   2   1  17   2   0   6  19   4   0   0   3  0.26 0.19
   12 S     0   0   0   0  -2   0   1   1  -2  -1  -2   1  -1  -1   0   1   1   0  -1  -1    5   5   5   5   1   4   9  12   0   5   3  12   1   2   5  15   8   1   1   3  0.12 0.10
   13 R    -2   5   0  -3  -1   2  -1  -2   1  -3  -3   4  -2  -4  -2  -1   1  -5   0  -2    1  30   3   1   1   7   3   3   4   2   1  24   1   0   2   4   7   0   4   3  0.59 0.32
   14 T     0   0   0   0  -1   0   0  -2  -1   0   1   1   1  -1   0   0   0   1  -1   1    5   5   3   7   1   2   7   1   1   5  13  10   4   3   4   7   7   2   2  11  0.04 0.05
   15 R    -2   2   1  -1  -2   0  -1  -1   0   0  -1   1  -2   0  -1   1   2   0  -1  -1    1  15   9   2   1   4   3   5   3   5   6  11   0   4   3   9  14   2   2   3  0.13 0.14
   16 V    -1  -2  -4  -3  -2  -3  -3  -4  -3   3   2  -2   4   1  -1  -2  -1  -1  -1   2    4   2   0   1   1   1   1   1   0  20  23   2  10   6   3   2   4   1   2  16  0.41 0.23
   17 G     0  -2   2   4  -5   0   3   3   0  -5  -4  -1  -5  -5  -3   0  -1  -6  -5  -5    6   2   8  22   0   4  17  22   2   0   1   4   0   0   1   8   3   0   0   0  0.59 0.33
   18 N    -4   1   2   5  -5   2   0  -2   3  -6  -5   3  -4  -3  -1  -2  -3  -6  -4  -4    1   8  10  34   0   8   4   2   7   0   1  15   0   1   3   2   1   0   0   1  0.80 0.41
   19 Y    -8  -8  -8  -9  -5  -8  -8  -9  -5  -7  -5  -8  -6   6  -9  -8  -7   5   9  -7    0   0   0   0   0   0   0   0   0   0   1   0   0  32   0   0   0   7  61   0  2.92 1.03
   20 E    -3   1   0   2  -4   2   4  -5   0   0  -2   1  -2  -4  -4  -1   0  -5  -3  -1    1   7   5  11   0   8  29   0   2   7   3   9   1   1   0   3   7   0   1   5  0.45 0.30
   21 M    -3  -1  -5  -5  -2  -3  -5  -5  -5   3   3  -1   2   3  -2  -4  -2  -3  -2   3    1   4   0   0   1   1   0   0   0  19  30   5   4  11   2   0   3   0   1  17  0.63 0.33
   22 G    -3  -2  -3  -3  -1  -1  -2   4   0   1   2  -1  -1  -2  -5  -1  -3  -5  -2   0    0   2   0   1   2   3   3  38   2   8  20   4   1   1   0   4   1   0   1   8  0.52 0.31
   23 R    -1   4  -2   1  -4   1   3  -2  -1  -5  -5   4  -3  -5  -2  -1  -3  -6  -5  -5    5  24   2   7   0   5  16   3   1   1   1  28   0   1   2   4   1   0   0   0  0.76 0.41
   24 T    -2  -2  -3  -2  -2  -1   2  -5  -4   1   1   1  -1  -2  -1  -2   3  -5  -4   3    3   2   1   2   1   2  14   0   0   7  15   8   1   2   3   1  19   0   0  20  0.35 0.28
   25 L    -6  -7  -8  -8  -6  -7  -8  -8  -8   5   5  -7  -2  -4  -8  -7  -6  -7  -4   0    0   0   0   0   0   0   0   0   0  34  60   0   0   0   0   0   0   0   0   5  1.78 0.70
   26 G    -5  -8  -6  -7  -8  -7  -8   8  -8  -9  -9  -4  -8  -9  -8  -3  -7  -8  -9  -9    0   0   0   0   0   0   0  96   0   0   0   1   0   0   0   2   0   0   0   0  2.86 1.02
   27 E    -2   3  -1  -1  -2   2   2  -4   2  -4  -4   4  -3  -5  -5   1   0  -4  -4  -2    3  17   2   3   1  10  13   1   4   1   1  26   0   0   0  11   5   0   0   3  0.59 0.36
   28 G    -5  -8  -6  -7  -3  -7  -4   8  -5  -9  -9  -7  -8  -9  -8  -5  -7  -8  -9  -9    0   0   0   0   1   0   1  98   0   0   0   0   0   0   0   0   0   0   0   0  2.92 1.04
   29 S     2  -2   2  -2  -5   1  -1   2   1  -4  -5   0  -4  -6  -3   3   2  -6  -5  -3   19   1   9   1   0   7   3  13   3   1   0   5   0   0   1  26  11   0   0   1  0.51 0.35
   30 F    -7  -8  -4  -8   0  -8  -8  -8  -3  -6  -4  -8  -3   9  -6  -3  -2  -4   5  -5    0   0   1   0   2   0   0   0   1   0   1   0   1  72   0   2   3   0  16   1  2.55 0.92
   31 A     3  -7  -4  -6  -1  -6  -6   6  -7  -8  -8  -6  -7  -8  -6   1  -4  -7  -7  -7   21   0   0   0   1   0   0  65   0   0   0   0   0   0   0  12   1   0   0   0  1.78 0.74
   32 K    -3   2  -2  -4   0   0   1  -5  -1  -1  -4   5  -3  -5  -4   0   1  -6  -3   2    1   9   2   0   2   4  10   0   2   4   1  34   0   0   0   6  11   0   1  13  0.60 0.38
   33 V    -2  -7  -8  -8   1  -7  -7  -8  -8  -1  -4  -7  -5  -6  -7  -5   0  -8  -6   7    4   0   0   0   3   0   0   0   0   1   1   0   0   0   0   0   7   0   0  84  2.22 0.88
   34 K    -4   2  -4  -6   1  -1  -3  -6   1  -2  -1   3   1   3  -6  -4  -4   0   7  -2    1  12   0   0   4   3   1   0   3   2   6  16   4   9   0   1   1   1  33   3  0.93 0.48
   35 Y    -2   2  -5  -4  -2   0   0  -3  -2  -1   4   2   0  -2  -5  -2  -3  -4  -2  -1    3  11   0   0   1   4   7   2   1   3  44  12   1   1   0   3   1   0   1   3  0.53 0.34
   36 A     5  -6  -6  -5   6  -6  -6   2  -6  -1  -4  -5  -1  -5  -6  -3  -4  -7  -4   3   40   0   0   0  17   0   0  16   0   3   1   0   2   0   0   1   0   0   1  19  1.15 0.56
   37 K    -3   4  -3  -4  -3   1   0  -5  -1   1  -2   2   0  -1  -5  -2   2  -3   1   1    0  26   0   0   1   6   7   0   1   8   4  13   2   3   0   2  11   0   5   9  0.45 0.31
   38 N    -3   0   3   3   0  -1   2  -4   7  -5  -3   1  -2  -3  -5   0  -3  -6  -1  -4    1   5  12  17   2   2  13   1  23   0   3   9   1   1   0   7   1   0   1   1  0.76 0.41
   39 T    -2   4   0  -4  -3  -2  -2  -4  -2   1   0   5  -2  -4  -4  -2   0  -2  -4   0    3  19   4   0   1   1   2   1   1   9   9  34   0   0   0   2   6   1   0   6  0.62 0.37
   40 V     1   0   1   2  -3   0   2  -1   0  -2  -1   1  -3  -3  -2   1   0  -3  -2  -1   11   5   5  12   0   3  14   5   3   3   7  10   0   1   2  10   5   0   1   3  0.15 0.14
   41 T    -3  -4   1   1  -4  -4  -3  -4  -4  -5  -4  -2  -6  -7  -5   2   7  -7  -4  -5    2   0   6   6   0   0   2   1   0   0   1   3   0   0   0  17  59   0   0   0  1.42 0.70
   42 G    -3   0   2  -1  -3   0  -1   6   0  -5  -5   2  -5  -7  -4  -1  -4  -3  -5  -6    1   5   9   4   1   4   3  51   3   1   1  12   0   0   1   4   0   0   0   0  1.01 0.49
   43 D    -2   2  -1   1  -2   3   3  -3   1  -3  -2   3  -2  -1  -4  -2   0  -4  -2  -2    3   9   2   7   1  16  19   1   3   2   4  19   1   3   0   1   5   0   1   2  0.45 0.31
   44 Q    -1   0  -1  -1  -2   1   1  -4   1   1   1   1   2   0   0  -1  -1  -3   0   1    3   5   2   3   1   6  11   0   4   8  14  10   6   4   4   3   4   0   4   9  0.09 0.11
   45 A    -2  -3  -7  -7   1  -6  -7  -7  -3  -2  -1  -5  -4   4  -7  -5  -5   0   7   5    3   2   0   0   3   0   0   0   0   1   5   0   0  15   0   1   0   1  31  38  1.44 0.63
   46 A     7  -7  -7  -7  -3  -6  -6  -5  -7  -6  -7  -6  -6  -8  -6  -4  -4  -8  -7  -2   95   0   0   0   1   0   0   0   0   0   0   0   0   0   0   0   1   0   0   3  2.48 1.00
   47 I    -1  -6  -7  -7   4  -5  -6  -4  -7   5   1  -6   5  -4  -6  -5  -4  -2  -5   3    6   0   0   0   8   0   0   1   0  34  12   0  15   0   0   1   0   1   0  21  1.19 0.52
   48 K    -6  -3  -6  -6  -9  -4  -5  -7  -6  -8  -8   8  -4  -9  -7  -6  -6  -8  -7  -8    0   0   0   0   0   0   0   0   0   0   0  99   0   0   0   0   0   0   0   0  3.11 1.15
   49 I    -1  -3  -5  -5   1   0  -1  -5  -1   4  -2   0   2   0  -4   0  -1  -5  -1   3    5   1   0   0   3   4   4   0   1  29   1   6   5   3   0   7   4   0   2  23  0.52 0.32
   50 L    -5  -6  -7  -7  -4  -6  -6  -7  -7   6   3  -6   3   0  -7  -6  -4  -6  -5   3    0   0   0   0   0   0   0   0   0  42  29   0   8   3   0   0   0   0   0  17  1.38 0.57
   51 D    -2   0   3   4  -3  -1   1  -4  -1  -4  -3   2  -4  -1   1   1  -3  -5  -3  -3    3   6  13  23   1   2   9   0   1   1   3  14   0   2   7  11   0   0   1   2  0.47 0.30
   52 R    -4   2  -4  -5  -6  -3  -4  -5  -4  -2  -1   7  -1  -4  -4  -4  -2  -6  -2  -2    1  10   1   0   0   1   0   1   0   3   8  65   2   1   1   1   3   0   1   4  1.45 0.65
   53 E     0   2  -1   1  -4   1   2  -1  -2  -4  -3   3  -2  -3  -3   1   0   0  -4  -3    8  12   3   8   0   6  12   4   1   1   1  20   1   1   1  12   4   1   0   1  0.35 0.24
   54 K    -1   3   0   1  -4   1   1  -2   1  -3  -2   4  -1  -2  -2  -1  -1  -4  -1  -1    4  14   4   7   0   6   8   3   4   1   4  29   1   2   1   4   2   0   2   5  0.37 0.24
   55 V    -1  -2  -3  -4   1  -2  -2  -3  -3   4   3  -2   4   0  -2  -3  -1  -2  -3   2    6   2   1   1   3   2   2   1   0  21  26   3   9   3   2   2   3   0   1  11  0.43 0.23
   56 F    -1   0   0  -1  -2   0   0  -1  -1   1   1   1   0  -2   0   0   0  -1  -1   1    4   6   4   2   1   5   5   4   1  12  12  12   2   1   4   6   7   1   1  12  0.06 0.07
   57 R     0   1   1   1  -2   1   1   0  -1  -3  -3   3  -1  -4  -2   1   1  -4  -4  -3    6   8   5   7   1   5   7   7   1   1   2  23   1   0   2  12   8   0   0   1  0.30 0.21
   58 H     0   3   0   1  -3   1   1  -1   0  -2  -1   2   0  -3   0   1  -1   0  -2  -2    8  15   4   8   0   5  11   3   2   1   6  11   2   0   5   9   3   2   1   2  0.19 0.15
   59 K    -1   1   1   2  -1   0   2   1   1  -2  -3   3  -3  -3  -1   0  -2  -4  -1  -2    3   6   7  10   1   3  13  11   3   2   1  22   0   1   3   5   2   0   2   2  0.30 0.21
   60 M    -1  -1   0   3   0   2   2  -1  -1  -1   0   0   2  -2  -2   0  -1   0  -2   0    5   3   3  16   2   9  13   4   1   4   8   4   6   2   1   6   3   1   1   6  0.14 0.14
   61 V    -1   1  -2  -1  -2   0   1  -3  -1   2   1   0   0  -1  -2  -1   0  -2  -1   2    5   9   1   3   1   4   9   1   2  11  12   6   2   2   2   2   5   1   1  20  0.13 0.12
   62 E     0   0   0   1  -5   2   5  -3   1  -4  -5   2  -3  -5   0   0  -2  -5  -4  -4    7   4   4   7   0   9  35   2   4   1   1  12   1   0   5   6   2   0   0   1  0.60 0.35
   63 Q    -1   2   2   2   1   2  -1  -2   3  -3  -2   1   0  -1  -2   0  -1  -2   0  -3    4  10  11  12   4  11   3   2   9   1   4   8   2   3   2   7   3   1   3   1  0.27 0.20
   64 L     0  -5  -5  -6   0  -5  -5  -6  -6   4   3  -5   0   0  -5  -3   1  -5  -2   4    7   0   0   0   2   0   0   0   0  19  23   0   2   4   0   1   9   0   1  32  0.78 0.39
   65 K    -3   4  -1  -2  -3   0   1  -3  -1  -1   0   2   3   1  -1  -3  -1  -1   0  -2    2  21   3   1   1   4  11   1   1   3  10  15   9   6   3   1   3   1   3   2  0.33 0.25
   66 R    -1   5   3  -3   0   1  -1  -3  -1  -2  -3   1   0  -5  -5   0   0  -4  -4  -1    5  37  12   1   2   6   3   2   1   3   2   7   2   0   0   7   5   0   0   4  0.63 0.37
   67 E    -7  -6  -6  -4 -10  -4   8  -8  -6  -9  -9  -5  -8  -9  -7  -6  -7  -9  -8  -9    0   0   0   0   0   0 100   0   0   0   0   0   0   0   0   0   0   0   0   0  3.16 1.21
   68 I    -1   2  -5  -6  -4  -4  -6  -6  -6   6  -1   1   0  -4  -5  -4  -4  -7  -5   3    4  11   0   0   0   1   0   0   0  45   3  10   2   0   0   1   0   0   0  21  1.10 0.52
   69 S     1   2   1   2  -1   2   2  -3   0  -1  -2   0  -1  -4  -4   1  -1  -5  -4  -2   10  10   7  10   1  11  16   1   2   3   3   6   1   1   0  12   3   0   0   3  0.29 0.23
   70 T    -2  -7  -2  -7  -3  -6  -7  -7  -5   7   2  -7   1  -4  -7  -5  -2  -7  -3   3    3   0   3   0   0   0   0   0   0  57  14   0   3   0   0   1   3   0   1  16  1.45 0.60
   71 M    -5  -6  -4  -7   0   0  -6  -6   3  -3   5  -6   7  -2  -7  -6  -5  -6  -4  -3    0   0   1   0   2   5   0   0   8   1  55   0  25   2   0   0   0   0   0   1  1.57 0.69
   72 K     0   3   0  -3  -2   2   0  -4   1  -4  -4   4   0  -5  -4   1  -2  -2  -2  -3    9  18   3   1   1   9   5   0   4   1   2  28   3   0   0  11   2   1   1   2  0.59 0.36
   73 L    -1   2   1  -2  -2   2   0  -2   2  -2   1   2   2  -2  -4   1   0  -5  -2  -2    3  12   8   2   1   9   5   2   6   1  14  13   7   2   0   9   4   0   1   2  0.23 0.21
   74 I     0  -6  -6  -6   3  -5  -5  -4  -5   2   5  -5   1  -1  -4  -3  -2  -5  -2   2    7   0   0   0   6   0   1   2   0  10  48   0   3   2   1   2   2   0   1  16  0.85 0.42
   75 K    -3   3   3   2  -2   1   0  -1   2  -5  -5   3  -3  -6  -3   1  -2  -6  -3  -5    1  16  15  13   1   6   5   5   5   0   1  16   1   0   1  12   1   0   1   0  0.56 0.35
   76 H    -6  -4   0  -6   1  -2  -5  -7  11  -9  -8  -6  -7  -2  -5   0  -5  -8  -3  -9    0   1   5   0   3   2   0   0  79   0   0   0   0   2   1   7   1   0   1   0  3.18 1.11
   77 P    -4   0  -3  -3  -6  -1  -1  -5  -3  -5  -7   0  -5  -8   8  -3  -4  -9  -8  -4    1   6   1   2   0   3   4   1   1   1   0   5   0   0  71   2   1   0   0   1  2.07 0.85
   78 N    -6  -4   7  -5  -3  -5  -6  -2   6  -7  -7  -4  -6   5  -7  -2  -5   2   1  -7    0   1  48   0   1   0   0   4  15   0   0   1   0  20   0   4   0   3   4   0  1.74 0.74
   79 V    -5  -8  -8  -8  -3  -7  -8  -8  -8   7   1  -7  -2  -3  -8  -7  -5  -7  -6   4    0   0   0   0   0   0   0   0   0  62  13   0   0   1   0   0   0   0   0  23  1.92 0.74
   80 V    -4  -7  -6  -7   0  -7  -7  -8  -7   4   1  -7  -2  -4  -4  -5   0  -7  -6   6    1   0   0   0   2   0   0   0   0  24  10   0   1   0   1   1   7   0   0  55  1.49 0.63
   81 E    -1   4   2  -3  -1   3   1  -1   1  -6  -5   4  -4  -6  -4   0  -1  -6  -4  -5    4  21   8   1   2  15   8   4   3   0   0  22   0   0   0   7   4   0   0   0  0.66 0.39
   82 I    -5  -7  -8  -8  -1  -6  -7  -8  -6   1   6  -7   2   3  -7  -6  -4  -5   3  -2    0   0   0   0   1   0   0   0   0   6  65   0   5  11   0   0   1   0   8   1  1.48 0.63
   83 I    -4  -1  -4  -5  -6  -2  -2  -6   5   1   1   1  -2   3  -6  -4  -4   1   6  -1    1   3   1   0   0   1   3   0  14   8  14  10   0   9   0   1   1   1  28   4  0.87 0.44
   84 E    -1  -3   0   4   0   0   3   2   1  -6  -6  -3  -3  -1  -5  -1  -2  -2   3  -6    4   1   4  23   2   4  23  14   3   0   0   1   0   3   0   4   2   0  10   0  0.63 0.38
   85 V     2  -4  -4  -4   3  -4  -4  -4   1   0  -3  -4   0   1  -5   2   1   2   1   4   15   1   0   0   7   0   1   0   3   3   1   0   2   6   0  16  10   3   4  27  0.56 0.37
   86 M    -5  -3  -7  -6  -1  -3  -3  -7  -3   2   0  -6   2   7  -7  -5  -4   1   5  -1    1   2   0   0   1   1   2   0   0  12   7   0   4  46   0   1   1   2  17   3  1.41 0.59
   87 A    -1   0  -2   0  -3   4   5  -5   2  -3  -2   0  -5  -2  -5  -2  -3  -1   0  -2    5   4   2   3   1  20  39   0   4   1   3   4   0   2   0   3   2   1   3   3  0.78 0.46
   88 S    -3  -3   1   5  -2  -3   1  -5  -3  -5  -6  -2  -3  -6  -5   1   5  -4  -4  -2    1   1   5  32   1   1   7   0   0   0   0   2   0   0   0  11  34   0   1   3  1.05 0.56
   89 K     0   0   1   2  -5   0   3  -1  -2  -5  -5   3  -2  -5   3   1  -1  -6  -5  -4    7   6   7  10   0   3  17   4   1   0   0  18   1   0  13   9   4   0   0   1  0.47 0.31
   90 T    -2   0   2   3  -5   0   1   0   1  -5  -4   1  -4  -5  -4   1   2  -6  -3  -4    3   4  11  19   0   4   9   7   3   0   1  10   0   0   0  11  15   0   1   1  0.44 0.30
   91 K    -2   2   2   1  -2   0   0  -3   4  -4  -5   3  -1   0  -5   0  -1  -3   3  -4    4  12  10   7   1   3   6   1  11   1   0  21   2   4   0   5   3   0   9   0  0.48 0.31
   92 I    -4  -5  -7  -7  -4  -4  -5  -6  -2   4   4  -6   2   2  -6  -5  -3  -5   0   3    1   0   0   0   0   1   0   0   1  19  40   0   4   7   0   0   1   0   3  21  1.01 0.46
   93 Y    -3  -7  -1  -8   3  -6  -7  -5   4  -3  -3  -7  -3   4  -8  -4  -4   4   8  -2    2   0   3   0   7   0   0   1   8   2   2   0   1  13   0   2   1   5  53   3  1.89 0.76
   94 I    -6  -7  -7  -8  -6  -6  -7  -8  -7   4   4  -7   5   3  -7  -7  -5  -6  -3   0    0   0   0   0   0   0   0   0   0  25  42   0  14  13   0   0   0   0   0   5  1.40 0.59
   95 V    -2  -7  -8  -8  -2  -7  -7  -6  -8   4  -1  -7  -1   1  -7  -6  -4  -7  -3   7    3   0   0   0   1   0   0   0   0  19   6   0   1   5   0   0   1   0   1  65  1.66 0.68
   96 L    -6  -7  -7  -8  -6  -5  -6  -8  -7  -1   4  -7   9   1  -8  -5   0  -6  -3  -2    0   0   0   0   0   0   0   0   0   2  36   0  47   6   0   1   5   0   1   2  1.95 0.80
   97 E    -5  -6  -5   2  -9  -2   8  -8  -6  -9  -8  -4  -8  -9  -6  -4  -4  -9  -8  -8    0   0   0  12   0   2  84   0   0   0   0   0   0   0   0   1   1   0   0   0  2.46 1.00
   98 L    -5  -3  -6  -8  -1  -6  -7  -8   0  -2   3  -3  -1   4  -7  -5  -6  -2   8  -4    1   1   0   0   1   0   0   0   2   2  29   2   1  14   0   0   0   0  45   1  1.68 0.70
   99 V     3  -7  -7  -7   8  -5  -7  -5  -7   0   0  -6   4  -5  -4  -4  -5  -6  -2   4   20   0   0   0  28   0   0   1   0   6   8   0  10   0   1   1   0   0   1  24  1.30 0.58
  100 N     0   0   2   0  -2  -1   2  -1   0  -3  -3   0  -2  -5   2   2   1  -5  -4  -2    9   5  10   6   1   2  15   4   3   1   2   5   1   0  12  14   7   0   0   3  0.29 0.22
  101 G    -3  -1   1  -4  -2  -3  -5   7  -2  -7  -4  -2  -3  -6  -3  -4  -5  -7  -6  -7    2   4   6   1   1   1   1  75   1   0   2   3   1   0   1   1   0   0   0   0  1.76 0.71
  102 G    -4  -2  -4  -6  -7  -2  -7   7  -7  -8  -8  -1  -6  -8  -7  -4  -5  -7  -8  -8    0   2   1   0   0   2   0  89   0   0   0   3   0   0   0   1   1   0   0   0  2.44 0.91
  103 E    -3  -5  -2   5  -8  -2   6  -6  -4  -8  -8  -4  -7  -8  -4   1  -3  -2  -7  -7    2   0   1  28   0   1  52   0   0   0   0   0   0   0   1  12   1   1   0   0  1.63 0.74
  104 L    -4  -7  -6  -8  -1  -7  -7  -8  -7   1   6  -7   3  -1  -7  -6  -6  -6  -6   0    1   0   0   0   1   0   0   0   0   5  77   0   6   2   0   0   0   0   0   7  1.73 0.70
  105 F    -2  -2  -4  -3  -2  -4  -5  -6   1  -3   1  -2   3   7  -6  -1  -3   0   3  -4    4   2   1   1   1   1   0   0   3   0  13   3   8  46   0   5   2   1   8   1  1.16 0.53
  106 D    -2   0   0   5  -5   0   2  -3   1  -5  -4   0  -1   0  -5   0   0   0   1  -5    3   4   4  36   0   4  10   1   3   0   1   6   1   5   0   8   6   1   6   0  0.65 0.37
  107 K    -2   3  -4  -3  -2   0  -1  -4   5   0   1   1   0   1  -5  -3  -3   1   4  -3    3  19   0   2   1   4   3   1  16   6  12   8   2   5   0   1   1   2  14   2  0.55 0.33
  108 I    -5  -7  -6  -6  -2  -7  -7  -8  -2   7   4  -7   2  -4  -7  -5  -5  -3  -5   0    1   0   0   0   1   0   0   0   1  53  32   0   5   0   0   1   0   0   0   5  1.59 0.64
  109 A    -2   1  -1  -2   1   3   0  -3   0   0   0   2  -1  -3  -2   0   0  -4  -1   2    2   9   3   1   3  14   5   1   3   6   7  14   1   0   1   7   5   0   2  14  0.21 0.20
  110 Q     1   3   1   1  -4   2   2  -3  -1  -5  -4   3  -4  -5  -1   0  -1  -6  -4  -4   13  13   8   6   0   9  13   1   1   0   1  19   0   0   4   7   4   0   0   1  0.45 0.30
  111 Q    -1   4   1   0  -1   1   1  -3   3  -3  -2   2  -1  -1  -3  -1  -3  -4   1  -2    5  22   7   6   1   7   7   1   6   2   4  15   1   3   1   4   0   0   4   2  0.36 0.25
  112 G    -3   1  -1   0  -3  -2  -1   6  -1  -4  -6   2  -5  -6  -3  -2  -2  -6  -4  -2    2   9   2   5   1   1   4  52   2   1   0  11   0   0   1   2   3   0   0   4  0.95 0.46
  113 R     0   4  -2  -4   1  -1  -2  -1   3  -2  -4   2  -1  -2   1   0   0  -5   1  -1    7  25   1   0   4   2   1   5   9   2   1  10   1   2   7   7   6   0   6   5  0.39 0.28
  114 L    -6  -7  -7  -8  -4  -7  -7  -8  -6  -1   4  -7   3   7  -8  -7  -5  -4   4  -1    0   0   0   0   0   0   0   0   0   3  38   0   6  38   0   0   0   0  12   3  1.59 0.65
  115 K    -3  -2   1   2  -4   0  -1  -2  -1  -5  -4   0  -3  -5   3   3   3  -6  -3  -4    1   2   6  10   0   4   3   3   1   0   1   5   1   0  17  27  18   0   1   1  0.62 0.41
  116 E    -5  -5  -3  -1  -9  -3   8  -6  -6  -5  -5  -5  -7  -6  -4  -4  -4  -8  -6  -3    1   0   1   2   0   0  87   1   0   1   2   0   0   0   1   1   1   0   0   2  2.37 0.98
  117 D    -1   2   0   3  -2   1   1  -2   1  -3  -3   1  -3  -3   2   0  -1  -5  -2  -2    6  11   4  19   1   5  10   2   3   1   1  10   0   1  10   8   4   0   2   3  0.32 0.22
  118 E    -1   2  -3   2   0   2   4  -5   0  -2  -1  -1   1  -3  -4  -3   1   0  -3   0    5   9   1  12   2   8  28   0   2   1   7   2   3   1   0   1   8   1   1   7  0.40 0.30
  119 A     6  -6  -6  -6   0  -5  -6  -3  -6   1  -4  -5  -2  -6  -6   0   2  -7  -6   1   60   0   0   0   2   0   0   2   0   8   1   0   1   0   0   5  10   0   0  11  1.23 0.62
  120 R     2   6  -4  -5   1   1  -4  -4  -1  -2  -3   2  -4  -6  -5   0  -2  -1  -4  -1   15  40   0   0   3   7   0   1   1   3   3  11   0   0   0   8   2   1   0   4  0.82 0.46
  121 R    -1   2   0  -2  -2  -1  -1  -2   3  -2  -1   1  -2   5  -3  -1   0  -2   1  -1    4  13   4   2   1   2   3   3   6   2   4  11   1  25   1   4   6   0   4   5  0.34 0.24
  122 Y    -5  -6  -7  -8  -1  -6  -7  -8  -4   3   1  -4   0   4  -7  -6  -4   2   7   1    1   0   0   0   1   0   0   0   0  14  10   1   2  15   0   0   1   2  43  10  1.51 0.64
  123 F     1  -6  -6  -6   1  -5  -6  -4  -6   3   1  -6   4   5  -6  -3   1  -4  -3   0   14   0   0   0   3   0   0   1   0  14  13   0  11  28   0   1   8   0   0   7  0.84 0.43
  124 Q     3   4  -3  -5   0   3  -2  -2   1  -4  -3   2  -3  -3  -5  -1  -1   0   0  -2   22  24   0   0   2  13   1   2   3   1   2  13   0   1   0   3   4   2   4   3  0.55 0.36
  125 Q    -4  -4  -4   0   1   8   4  -5  -2  -5  -7  -4  -3  -8  -5  -2  -2  -7  -7  -6    1   0   1   4   2  59  23   1   1   1   0   0   1   0   0   3   3   0   0   0  1.85 0.84
  126 L    -5  -7  -7  -8  -3  -7  -7  -8  -7   6   3  -7   2  -4  -7  -6  -1  -7  -5   3    0   0   0   0   1   0   0   0   0  42  30   0   5   0   0   0   3   0   0  19  1.42 0.59
  127 I     1  -6  -6  -6   3  -5  -6  -4  -6   3   3  -5   0  -3  -6  -1  -1  -6  -5   4   13   0   0   0   5   0   0   1   0  17  29   0   2   1   0   4   3   0   0  24  0.76 0.40
  128 N     0  -3   0   1   2   0   2  -2  -1  -1   1  -1  -1  -4  -4   3  -1  -5  -3  -2    6   0   5   7   5   3  15   3   1   3  18   4   1   0   0  25   2   0   0   1  0.31 0.27
  129 A     6  -6  -6  -6  -4  -6  -6   4  -7  -4  -6  -6  -6  -7  -6  -2  -4  -7  -7   0   56   0   0   0   0   0   0  33   0   1   0   0   0   0   0   2   1   0   0   7  1.58 0.72
  130 V    -4  -7  -8  -8  -2  -7  -7  -8  -7   2   5  -7   1  -2  -7  -6  -4  -6  -5   4    1   0   0   0   1   0   0   0   0  12  51   0   2   1   0   0   0   0   0  32  1.44 0.61
  131 D     0   0   1   2  -2   2   3  -2   1  -3  -2   2  -2  -3  -4   0  -2  -5  -2  -3    8   6   7  12   1  10  23   2   4   1   3  10   1   1   0   7   1   0   1   2  0.37 0.26
  132 Y    -2  -7  -4  -5  -6  -6  -4  -7   5  -3  -5  -7  -3   4  -8  -3  -5  -4   9  -4    4   0   1   1   0   0   1   0  12   1   1   0   1  14   0   2   1   0  61   1  2.28 0.88
  133 C    -5  -7  -8  -8   8  -7  -8  -8  -8   1   5  -7   3  -2  -8  -6  -6  -7  -6  -2    0   0   0   0  29   0   0   0   0   6  54   0   7   1   0   0   0   0   0   2  1.89 0.74
  134 H    -8  -2  -5  -7  -9  -3  -6  -8  11 -10  -9  -6  -8  -8  -9  -7  -8  -9  -3 -10    0   2   0   0   0   1   0   0  96   0   0   0   0   0   0   0   0   0   0   0  4.29 1.38
  135 S    -1   1   2   1  -2   1   1  -1  -2  -4  -3   1  -4  -2  -4   4  -1  -5  -1  -4    5   8   9   8   1   6   9   5   1   1   3   7   0   2   0  32   2   0   2   0  0.43 0.32
  136 R    -3   3   3  -4   1   3  -2  -5   4  -3   1   3   3  -3  -5  -4  -4  -6  -2  -4    1  14  14   0   3  13   2   0  10   2  13  17   9   1   0   0   0   0   1   0  0.66 0.41
  137 G    -4   1   3   0  -3   0  -3   5   1  -7  -6   1  -1  -4  -6  -1  -5  -7  -4  -7    0   8  15   6   1   4   1  47   3   0   0   9   2   1   0   3   0   0   1   0  1.04 0.51
  138 V    -5  -7  -8  -8  -3  -6  -7  -8  -7   7  -1  -3  -2  -2  -7  -7  -4  -7   0   5    0   0   0   0   1   0   0   0   0  54   4   2   0   2   0   0   1   0   3  34  1.75 0.69
  139 Y    -1  -6  -7  -7   2  -6  -6  -7  -6   5   0  -6   3  -2  -6  -4  -2  -6   0   5    6   0   0   0   4   0   0   0   0  30   7   0   6   1   0   1   2   0   3  39  1.14 0.51
  140 H    -8  -7  -6  -8  -9  -6  -6  -8  11  -9  -7  -7  -8  -6  -9  -7  -8  -7   5  -9    0   0   0   0   0   0   0   0  83   0   0   0   0   0   0   0   0   0  17   0  3.88 1.29
  141 R    -7   9  -6  -7  -1  -4  -6  -6  -6  -9  -3  -2  -7  -6  -8  -7  -7  -8  -7  -8    0  93   0   0   1   0   0   1   0   0   3   2   0   0   0   0   0   0   0   0  2.99 1.10
  142 D    -7  -7  -3   9  -9  -6  -4  -7  -7  -9  -9  -6  -8  -9  -7  -6  -7  -9  -8  -9    0   0   1  98   0   0   0   0   0   0   0   0   0   0   0   0   0   0   0   0  3.29 1.16
  143 L    -6  -7  -8  -8  -6  -7  -7  -8  -7   5   6  -7   0  -4  -7  -7  -5  -6  -6   0    0   0   0   0   0   0   0   0   0  27  65   0   2   0   0   0   0   0   0   5  1.74 0.69
  144 K    -6  -3  -6  -6  -8  -4  -5  -7  -6  -8  -8   8  -7  -8  -6  -4  -3  -8  -7  -8    0   1   0   0   0   0   0   0   0   0   0  96   0   0   0   1   2   0   0   0  2.93 1.09
  145 P    -1  -7  -7  -3   0  -6  -6  -2  -5  -3   1  -6  -4  -7   8  -3  -5  -8  -7  -6    5   0   0   2   2   0   0   3   0   1  15   0   0   0  67   2   1   0   0   0  1.96 0.81
  146 E     0  -5  -5   3  -7   1   7  -1  -3  -7  -7  -3  -6  -7  -6  -2  -5  -7  -6  -7    8   0   0  12   0   7  62   6   0   0   0   1   0   0   0   3   0   0   0   0  1.53 0.71
  147 N    -7  -6   9  -5  -2  -6  -6  -6  -5  -9  -9  -6  -8  -9  -8  -4  -6  -9  -8  -8    0   0  98   0   1   0   0   0   0   0   0   0   0   0   0   1   0   0   0   0  3.44 1.22
  148 L    -4  -6  -7  -7  -1  -6  -7  -7  -7   6   4  -6  -1   2  -7  -6  -2  -6  -4   2    1   0   0   0   1   0   0   0   0  39  37   0   1   8   0   0   2   0   0  11  1.31 0.55
  149 I    -6  -7  -8  -7  -6  -7  -7  -8  -7  -2   7  -7   3   1  -8  -7  -6  -6  -4  -3    0   0   0   0   0   0   0   0   0   1  86   0   6   5   0   0   0   0   0   1  2.08 0.81
  150 L    -5  -4  -7  -7   0  -6  -7  -7  -6   2   5  -6  -1   2  -7  -6  -3  -5   1   1    0   1   0   0   2   0   0   0   0  11  62   0   1   8   0   0   1   0   4   9  1.28 0.55
  151 D    -2  -5   1   7  -3  -4  -1  -1  -2  -7  -6  -2  -4  -7  -5   1   2  -7  -4  -6    3   0   6  52   1   0   4   5   1   0   0   2   0   0   0  10  13   0   1   0  1.25 0.59
  152 A     0   0   0   1  -2   0   3  -1   0  -4  -2   2  -2  -3  -1   2   0  -5  -2  -3    9   4   3   8   1   3  19   5   3   1   3  14   1   1   2  15   6   0   1   1  0.28 0.22
  153 N    -2   0   4   4  -4   1   2  -3   2  -5  -4   1  -2  -3  -1   1  -1  -4  -2  -5    2   5  20  22   0   7  11   1   5   0   1   7   1   1   2   9   4   0   1   0  0.56 0.34
  154 G    -1  -4   0  -2  -3  -4  -1   6  -2  -6  -3  -3   3  -3  -1   1  -4  -6  -3  -5    6   1   5   2   0   0   3  52   1   0   3   1   8   1   4  11   0   0   1   0  0.98 0.49
  155 V    -2   1   4   0  -1   0   0  -4   6  -2  -3   0  -2  -3   0  -1   0  -5   0  -1    2   6  18   6   1   4   7   1  22   2   3   5   1   1   5   4   5   0   3   4  0.53 0.32
  156 L    -3  -7  -7  -8  -3  -7  -7  -8  -7   5   3  -7  -3  -4  -7  -6  -4  -7  -6   4    2   0   0   0   1   0   0   0   0  35  30   0   0   0   0   0   1   0   0  31  1.45 0.60
  157 K    -4   1  -6  -6  -4  -2  -5  -7  -2  -5  -6   8   0  -8  -6  -5  -6  -8  -7  -2    1   6   0   0   0   2   0   0   1   1   1  83   2   0   0   0   0   0   0   3  2.31 0.93
  158 V    -1  -7  -6  -8  -6  -7  -7  -8  -7   6   4  -7  -2  -4  -7  -6  -4  -7  -6   1    5   0   0   0   0   0   0   0   0  44  41   0   0   0   0   0   0   0   0   9  1.53 0.63
  159 S     4  -5  -5  -5   4  -5  -5   1  -6   3  -5  -5  -2  -6  -5   2   3  -6  -6  -1   30   0   0   0   7   0   0   9   0  14   0   0   1   0   0  16  20   0   0   3  0.83 0.48
  160 D    -8  -8  -5   9 -10  -6  -3  -5  -7  -9 -10  -7  -9 -10  -7  -6  -7 -10  -9  -9    0   0   0  98   0   0   1   1   0   0   0   0   0   0   0   0   0   0   0   0  3.33 1.18
  161 F    -8  -9  -9 -10  -8  -9  -9  -9  -7  -6  -2  -9  -6  10 -10  -8  -8  -5   0  -7    0   0   0   0   0   0   0   0   0   0   4   0   0  95   0   0   0   0   2   0  3.52 1.17
  162 G    -5  -8  -3  -2  -8  -6  -7   8  -4  -9  -9  -7  -8  -9  -8  -4  -7  -8  -9  -9    0   0   1   2   0   0   0  95   1   0   0   0   0   0   0   1   0   0   0   0  2.79 1.01
  163 L    -3  -5  -5  -6  -2  -5  -5  -6  -5  -1   5  -5   3   3  -5  -1  -2   3   0   1    2   0   0   0   1   0   0   0   0   3  52   0   6  11   0   6   3   4   3   9  0.91 0.43
  164 S     4  -5  -4  -5   5  -4  -4   0  -5  -4  -5  -4  -5  -6  -5   5  -3  -6  -5  -4   38   0   0   0  11   0   0   6   0   1   1   0   0   0   0  39   1   0   0   1  1.28 0.61
  165 A     1   1   1  -1  -1  -1  -1  -2  -1   0  -2   4  -1  -3  -3   0   1  -4  -2   1   13   6   6   2   2   2   3   3   1   4   3  26   1   1   1   6  10   0   1  10  0.26 0.19
  166 F    -1  -1  -2  -1  -1   2  -1  -2   1   1   1   0   0   4  -2  -1  -1   0   1   1    3   3   1   3   1  10   4   3   4   7  13   6   1  18   2   4   3   1   4   9  0.15 0.11
  167 S     1  -1  -1  -2   0  -1  -1  -1  -2   0   1  -1   0   2   0   1   0  -2   1   0   15   2   3   2   2   3   4   3   1   3  18   2   2  11   4  10   5   0   4   7  0.09 0.08
  168 R    -1   2   1   1  -1   0   2  -1   1  -2  -2   3  -2  -2   0   0  -1  -3  -2  -1    3  11   5   6   2   4  14   4   3   2   5  19   1   2   5   7   4   0   1   4  0.21 0.13
  169 Q    -1   0   1   0   0   1   0   0   1  -1  -1   1   0  -1   0   0  -1  -2  -1  -1    3   5   8   6   2   7   6   9   5   5   7   9   4   2   5   9   3   0   2   2  0.06 0.05
  170 V    -1  -1   0  -1   0  -1  -1  -1  -1   2   1   0   2   0  -1   0   0  -1  -1   1    4   3   4   2   2   2   4   5   2  16  14   6   8   4   3   5   7   1   2   8  0.06 0.06
  171 R    -1   2   0   0  -2   1   1   1   0  -2  -2   1   0  -2   1   0   0   0  -2  -2    4  11   5   5   1   7  11  11   2   1   3   9   3   1   6   7   5   1   1   3  0.13 0.09
  172 E    -1   0   0   2  -4   0   2  -1   0  -3  -3   1  -2  -2   3   0   0  -4  -1  -2    4   4   4  11   0   4  14   4   2   1   2   8   1   2  18   8   6   0   3   3  0.29 0.18
  173 D    -2  -2   2   3  -4   0   1   3   0  -3  -3  -1  -2  -2  -2   0   1  -4  -4  -3    2   2   8  20   0   3   7  27   2   1   3   3   1   2   2   7   8   0   0   2  0.43 0.25
  174 G     0   0   1   2  -2   1   2   1   0  -2  -3   1  -2  -3  -1   1   0  -2  -2  -2    5   4   6  11   1   7  13  12   3   2   2   7   1   1   2  12   7   0   2   3  0.19 0.15
  175 L    -2   3  -2  -3  -2  -1  -1  -3  -1  -1   2   2   1   1  -1  -1   1  -3  -1   0    3  15   2   1   1   2   4   2   1   1  20  13   5   7   3   3   9   0   2   8  0.20 0.17
  176 L     1   1  -4  -3   0  -3  -4  -4   0  -1   3  -2   2   1  -3  -1   2  -2   0  -1   13   8   0   1   2   0   0   0   2   3  31   3   5   6   1   3  15   0   4   3  0.35 0.25
  177 H    -2   2   2   0  -2   0   0  -3   4  -5  -3   3   0  -2  -4   1   1   2   1  -4    2  11   9   4   1   4   5   1   9   0   1  20   2   1   0  11   8   3   4   1  0.40 0.28
  178 T    -2  -2  -2   1  -2  -3  -1  -1  -5  -5  -4  -2  -3  -6  -5   3   6  -7  -6  -3    2   2   1   8   1   1   4   4   0   0   2   3   1   0   0  17  53   0   0   1  1.14 0.60
  179 A    -1  -1  -3  -5  -1  -3  -5  -5  -3   1   1  -3   3   5   0   0   0  -1   0   1    5   3   1   0   1   1   0   0   0   8  14   1   7  27   4   8   6   1   2  11  0.48 0.29
  180 C    -1  -5  -6  -3  10  -3  -6  -6  -7  -1  -5  -3  -2  -1  -5  -5  -4  -7  -5   4    6   1   0   2  54   1   0   0   0   3   0   2   1   2   1   0   1   0   0  26  2.17 0.80
  181 G    -5  -8  -6  -7  -8  -7  -5   8  -7  -9  -9  -7  -8  -6  -8  -6  -7  -8  -4  -8    0   0   0   0   0   0   1  97   0   0   0   0   0   0   0   0   0   0   1   0  2.89 1.03
  182 T    -4  -6  -3  -6  -3  -6  -6  -7  -7  -5  -7  -6  -6  -8  -6   4   7  -8  -7  -6    1   0   1   0   0   0   0   0   0   0   0   0   0   0   0  27  71   0   0   0  2.23 0.96
  183 P     0  -3  -7  -6  -7  -6  -4  -7  -2  -2  -1  -3  -3  -3   8  -6  -3  -8  -2  -3    9   2   0   0   0   0   1   0   1   3   7   1   1   1  70   0   1   0   2   2  2.01 0.84
  184 N     1  -4   2   2  -2  -2   3  -1   1  -4  -2  -3  -3  -1   0  -2  -2  -1   5  -2   13   0   9  10   1   1  20   5   3   0   4   0   1   2   6   1   2   1  18   3  0.43 0.32
  185 Y    -8  -8  -8  -9  -5  -8  -8  -9  -5  -7  -7  -8  -7   4  -9  -8  -8   6  10  -7    0   0   0   0   0   0   0   0   0   0   0   0   0  12   0   0   0   8  79   0  3.32 1.17
  186 V     1  -4  -6  -7  -1  -2  -6  -6  -6   3   2  -5   7  -2  -6  -2  -3  -6  -5   3   12   1   0   0   1   2   0   0   0  14  18   0  26   1   0   3   1   0   0  21  0.98 0.48
  187 A     7  -7  -6  -7  -1  -6  -6  -5  -7  -7  -7  -6  -6  -8   1   2  -4  -8  -7  -6   79   0   0   0   1   0   0   0   0   0   0   0   0   0   8  12   1   0   0   0  1.96 0.86
  188 P    -7  -8  -8  -8  -9  -8  -7  -8  -8  -9  -9  -7  -9 -10   9  -6  -7 -10  -9  -9    0   0   0   0   0   0   0   0   0   0   0   0   0   0 100   0   0   0   0   0  3.72 1.32
  189 E    -7  -6  -6  -4 -10  -2   8  -8  -6  -9  -9  -5  -8  -9  -7  -6  -7  -9  -8  -8    0   0   0   0   0   1  99   0   0   0   0   0   0   0   0   0   0   0   0   0  3.09 1.18
  190 V    -4  -5  -7  -8  -4  -5  -7  -8  -7   4   1  -6   2  -5  -7  -5  -5   1  -6   6    1   0   0   0   0   1   0   0   0  24  12   0   5   0   0   1   0   2   0  54  1.53 0.64
  191 L    -3  -6  -7  -7   1  -5  -7  -7  -7   4   5  -6   0   0  -7  -6  -4  -2  -3   2    2   0   0   0   2   0   0   0   0  26  48   0   1   4   0   0   1   1   1  14  1.21 0.52
  192 S    -1   2   2  -2  -2   2   1  -2   0  -4   1   1   0  -3  -4   1   0  -5  -4  -3    5  11  11   1   1  11   9   3   3   0  14   8   3   1   0  12   7   0   0   1  0.27 0.23
  193 D    -2   3   1   0  -1   1   0   3  -2  -5  -3   1  -3  -4  -2   0  -2  -3   2  -5    2  19   8   5   1   5   7  23   1   0   2   7   0   0   2   8   2   0   7   0  0.43 0.29
  194 K    -2   3   0   0  -1   3   1  -3   2  -1  -2   4  -2  -5  -4   0   0  -5  -4  -3    2  13   5   4   1  12  10   2   4   4   3  24   1   0   0   7   7   0   0   1  0.42 0.29
  195 G    -1   0  -1  -1  -4  -1   0   3  -2  -4  -3   1  -2  -4   4   0  -1  -5  -4  -3    5   5   2   3   0   3   7  27   1   1   3  10   1   1  19   7   4   0   0   1  0.47 0.27
  196 Y    -4  -3  -5  -5  -3  -3  -4  -1   5  -3  -5  -3  -3   1  -5  -4  -4  -3   9  -4    2   1   0   1   1   1   1   4  14   2   1   2   1   4   1   1   1   0  61   1  2.04 0.73
  197 D    -1  -2   2   4  -1  -2  -1  -3   2  -1  -2  -2  -3  -2  -3   0   0  -3   4  -1    6   2  11  27   2   1   2   2   5   4   3   1   0   1   1   6   7   0  15   3  0.47 0.25
  198 G    -1  -3   0   0  -1  -3  -3   6  -2  -4  -4  -3  -2  -3  -1   2  -1  -4  -4  -4    5   1   4   4   1   1   1  52   1   1   2   1   1   1   3  14   4   0   1   1  0.89 0.36
  199 A     0   2  -3  -3   0   0   0  -4  -1  -3  -1   3  -1   2   3  -1   0  -4   1  -3    9  11   1   1   2   3   5   0   1   1   5  21   1   9  13   4   5   0   5   1  0.36 0.25
  200 A     2  -1  -3  -3  -3  -1   3  -2  -3  -4  -3   4  -2  -6   2   1  -2  -6  -4  -2   18   2   1   1   0   2  19   3   0   1   2  25   1   0   9  12   2   0   0   2  0.56 0.37
  201 A     3  -6  -5  -6   4  -5  -6  -5  -6   1  -3  -5  -4  -5  -5   1  -1  -6  -3   5   28   0   0   0   8   0   0   0   0   6   2   0   0   0   0  10   3   0   1  41  1.05 0.53
  202 D    -6  -7  -4   9  -9  -6  -4  -7  -7  -9  -9  -7  -9  -9  -7  -6  -4 -10  -9  -9    0   0   0  98   0   0   0   0   0   0   0   0   0   0   0   0   1   0   0   0  3.29 1.17
  203 V    -4  -7  -7  -8   0  -6  -7  -7  -7   5   1  -7   4  -2  -7  -5  -3   8  -1   4    1   0   0   0   2   0   0   0   0  28  13   0  10   1   0   0   1  19   2  24  1.40 0.59
  204 W    -9 -10 -11 -11  -9  -9 -10  -9  -9  -9  -8 -10  -8  -2 -11 -10  -9  13  -4 -10    0   0   0   0   0   0   0   0   0   0   0   0   0   2   0   0   0  98   0   0  5.46 1.67
  205 S     3  -6  -4  -6   0  -5  -5  -1  -6  -7  -7  -5  -6  -8  -6   7  -1  -8  -7  -6   20   0   0   0   2   0   0   5   0   0   0   0   0   0   0  70   3   0   0   0  1.80 0.84
  206 C     0  -6  -7  -7   6  -6  -6  -6  -6   2   4  -6   2   1  -6  -3  -3  -5  -3   2    9   0   0   0  14   0   0   0   0  10  44   0   4   5   0   2   1   0   1  11  1.01 0.47
  207 G    -4  -8  -6  -7  -8  -8  -8   8  -8 -10  -9  -7  -8  -9  -8  -6  -7  -8  -9  -9    1   0   0   0   0   0   0  99   0   0   0   0   0   0   0   0   0   0   0   0  3.04 1.08
  208 V    -2  -8  -8  -8   6  -7  -8  -8  -8   4  -4  -7  -4  -6  -7  -5  -3  -8  -6   6    3   0   0   0  16   0   0   0   0  18   0   0   0   0   0   0   2   0   0  61  1.93 0.77
  209 I    -5  -6  -5  -7  -1  -6  -7  -7  -7   6   3  -6   2  -2  -6  -5   2  -6  -4   2    0   0   0   0   1   0   0   0   0  39  24   0   5   1   0   0  14   0   0  14  1.17 0.53
  210 L    -1  -6  -7  -7   1  -6  -6  -7  -7   2   5  -6   4  -1  -7  -3   0  -6  -5   0    6   0   0   0   3   0   0   0   0  11  56   0  10   2   0   2   5   0   0   6  1.13 0.52
  211 F    -6  -8  -8  -9  -5  -7  -8  -9  -2   1  -4  -8  -6   4  -9  -7  -5  -4   9  -4    1   0   0   0   0   0   0   0   1   6   1   0   0  15   0   0   1   0  74   1  2.84 1.04
  212 V     0  -5  -3  -1   0   0   5  -6  -5   3  -3  -3  -1  -1  -5  -3   1  -6  -3   2    8   0   1   3   2   4  37   0   0  18   1   1   1   2   0   1   7   0   1  12  0.73 0.44
  213 L    -5  -7  -8  -8  -1  -6  -7  -8  -7   0   5  -7   8   1  -8  -5  -5  -6  -6  -3    0   0   0   0   1   0   0   0   0   4  47   0  40   5   0   1   0   0   0   1  1.99 0.80
  214 M     0  -6  -5  -8   0  -6  -7  -7  -7   0   6  -6   2  -3  -7  -5  -2  -6  -4   2    7   0   1   0   2   0   0   0   0   4  65   0   5   1   0   0   2   0   0  14  1.32 0.59
  215 A     2  -2  -4  -4   6  -3  -2  -4  -3  -1  -2  -3  -3  -1  -5   2   3  -5   0   2   15   2   0   1  19   1   2   0   1   3   2   1   0   3   0  13  18   0   3  15  0.66 0.39
  216 G    -3  -5  -5  -7  -3  -5  -5   7  -2  -5  -4  -6  -5  -8  -7  -5  -6  -8  -8  -8    2   0   0   0   1   1   1  90   1   1   2   0   0   0   0   0   0   0   0   0  2.47 0.93
  217 Y    -1   2   0  -1   1   1   1  -3   0  -2  -1   2  -2   0  -4   0   0   0   4  -1    4  10   3   3   3   7   8   1   2   1   4  15   1   4   0   6   7   1  14   6  0.23 0.20
  218 L    -2  -2  -6  -6  -2  -5  -5  -5  -2  -1   2  -4  -1  -2   6   1   0  -6   0  -2    3   2   0   0   1   0   0   0   1   3  18   0   2   2  44  11   5   0   4   3  1.05 0.53
  219 P    -4  -8  -8  -8  -9  -7  -7  -8  -8  -9  -5  -7  -9 -10   9  -7  -7 -10  -9  -8    1   0   0   0   0   0   0   0   0   0   1   0   0   0  98   0   0   0   0   0  3.58 1.28
  220 F    -8  -6  -5  -9  -8  -9  -9  -9  -2  -6  -5  -9  -6   9  -9  -7  -8   4   2  -7    0   0   1   0   0   0   0   0   1   0   0   0   0  87   0   0   0   4   6   0  3.23 1.10
  221 D    -2   1  -1   3  -3   0   2  -3   2  -3  -2  -1  -2   0  -2   0  -1   5   3  -2    3   7   3  18   0   3  14   1   4   1   4   4   1   3   2   5   3   8  12   4  0.38 0.26
  222 E     2  -3   0   4  -4   0   1   3   0  -5  -6  -3  -5  -6  -5   1   0  -6  -5  -4   21   1   3  22   0   4   8  23   2   0   0   1   0   0   0   9   6   0   0   0  0.65 0.38
  223 P    -1   0   1   4  -4   0   3  -2   0  -3  -2   0  -2  -2   1   1  -1  -5  -2  -3    4   6   6  21   0   4  20   3   2   1   4   6   1   1   6   9   3   0   1   1  0.38 0.26
  224 N    -3  -2   5   3  -1  -1  -1  -2   2  -4  -6  -3  -3  -4  -2   2   3  -6  -4  -4    2   2  29  15   2   2   3   3   4   1   0   1   0   1   2  17  15   0   1   1  0.77 0.43
  225 L    -2  -1  -1   0  -3   1   2  -2   2   1   0  -1   0  -1   2  -1  -1  -2  -2   1    2   3   2   6   0   7  17   3   5   8  12   3   2   2  11   2   3   0   1  10  0.17 0.16
  226 M     0   0   0   0  -4   2   1  -3   1  -1  -1   1   3  -2   1   0  -1  -2   0   0    7   5   5   6   0  10   9   1   3   4   4  11   9   1   6   6   2   0   4   6  0.14 0.15
  227 T     0   1   1   1  -3   1   4   0  -2  -3  -2   2  -2  -4  -2  -1  -1  -5  -3  -2    7   7   5   7   1   7  26   8   1   1   4  12   1   0   1   4   4   0   1   3  0.32 0.23
  228 L    -1  -5  -4  -5  -4  -4  -4  -6  -4   3   4  -4   4  -3  -5  -4   3  -5  -3   1    5   0   1   0   0   1   1   0   0  18  36   1   9   0   0   0  19   0   1   7  0.83 0.42
  229 Y    -3  -2  -4  -4  -2  -2  -3  -6  -1   0   2  -2   1   6  -5  -4  -4  -3   6  -1    2   3   1   1   1   2   2   0   1   5  16   3   4  28   0   1   1   0  26   3  0.97 0.45
  230 K    -2   3   1   1  -4   2   2  -2  -1  -5  -2   2  -2   0  -4   0  -1  -1  -2  -3    3  16   7   9   0  11  15   2   1   0   5  13   1   5   0   5   3   1   1   1  0.37 0.26
  231 R     0   2   2  -3  -1   2   0  -4  -3  -4  -1   5   2  -5  -5   0  -3  -2  -4  -4    7  12   9   1   1   8   5   0   0   1   6  36   5   0   0   6   1   0   0   0  0.67 0.40
  232 I    -5  -8  -5  -8  -3  -4  -5  -8  -8   8  -3  -7  -2  -3  -7  -6  -2  -1  -6   3    0   0   1   0   1   1   1   0   0  77   1   0   1   1   0   0   2   1   0  14  2.18 0.81
  233 C    -1   0  -2  -4   1   0  -1  -2  -1   0   2   1   2  -2  -2  -1  -1  -4  -2   1    4   5   1   0   3   5   3   3   1   5  26  11   7   1   2   5   4   0   1  12  0.18 0.17
  234 K     0   3   3  -1  -4   2   1  -3   1  -5  -4   3  -1  -4  -4   1   0  -6  -4  -4    9  13  13   3   0   7   8   1   4   0   2  20   2   1   0  12   5   0   0   1  0.45 0.30
  235 A     1  -2   1   1   2  -2  -1   4   1  -3  -3  -1  -1  -4  -4   0  -2  -2  -3   0   12   2   5   7   4   2   5  36   3   1   3   4   1   0   0   6   1   1   0   8  0.45 0.28
  236 E    -2   1   2   4  -3   1   3  -4   0  -3  -5   3  -2  -6   0  -1  -1  -6  -4  -3    2   6   9  20   1   7  18   0   2   2   0  18   1   0   6   3   3   0   0   2  0.57 0.34
  237 F    -4  -6  -6  -6  -2  -6  -5  -7  -3   1   2  -6  -2   5   2  -5  -4   1   6   1    1   0   0   0   1   0   1   0   0   8  16   0   1  22  11   0   1   2  25  11  1.05 0.49
  238 S    -2   1   0   1  -3   1   2  -3   0  -2  -3   2  -1  -3   3   1   1  -4  -1  -2    2   9   4   8   1   5  12   1   2   2   2  11   1   1  14  13   7   0   3   2  0.29 0.22
  239 C    -4  -2  -4  -3   1  -5  -3  -6  -4   3   1  -4   2   6  -5  -1  -2   1   3  -1    1   2   0   2   3   0   2   0   0  14  11   1   5  34   0   5   2   2  11   4  0.84 0.41
  240 P    -5  -2  -1   0  -6  -5  -1  -6  -4  -7  -8  -3  -8  -9   8  -1  -4  -9  -8  -7    0   3   3   5   0   0   5   0   0   0   0   2   0   0  75   4   1   0   0   0  2.31 0.93
  241 P    -1   1  -1   2   0  -1   2  -3   0  -3  -5   1  -4  -2   4   2  -1  -2   0  -3    4   7   3  11   2   2  13   1   2   1   0   7   0   2  22  14   4   1   3   1  0.44 0.29
  242 W    -4   0   1  -1  -6  -2   0  -1   5  -4  -3   0  -4   1  -5   0  -1   8   2  -5    1   5   6   4   0   1   6   5  13   1   2   5   0   7   0   9   4  23   7   0  0.90 0.45
  243 F    -3  -4  -7  -7  -1  -6  -6  -7  -6   5   3  -6   2   3  -4  -6  -3   2   0   3    1   1   0   0   1   0   0   0   0  31  26   0   4  10   1   0   1   3   3  18  0.98 0.44
  244 S    -3  -5  -1   0  -5  -5  -2  -4  -2  -7  -6  -3  -6  -5   0   7   0  -8  -5  -7    1   0   2   4   0   0   2   1   1   0   1   1   0   0   5  75   5   0   0   0  1.70 0.81
  245 Q    -1   0   0   1  -3   1   2  -3  -1  -3  -2   1  -2  -3   4   1  -1  -4  -2  -1    5   4   3   9   1   5  14   2   1   1   4   7   1   1  20  10   4   0   1   5  0.35 0.24
  246 G    -1  -2   0   3  -3   0   4   0  -1  -3  -2  -1  -3  -5  -1   1  -1  -4  -3  -3    6   2   3  18   1   3  29   8   1   1   4   3   1   0   3  10   4   0   1   2  0.47 0.31
  247 A     5  -6  -6  -6   5  -5  -5  -2  -6  -2   1  -5   0   0  -3  -1  -4  -6  -5   0   53   0   0   0  10   0   0   3   0   2  14   0   2   4   1   3   1   0   0   6  1.05 0.54
  248 K    -2   4  -3  -5  -1   2  -2  -6  -2   0  -3   5  -2  -5  -5  -2  -2  -2  -4   0    3  19   1   0   1  10   2   0   1   5   2  42   1   0   0   3   2   1   0   7  0.92 0.49
  249 R    -2  -1   2   7  -3   0   0  -3   2  -6  -5  -2  -5  -6  -4   2  -3  -7  -6  -6    3   3   7  52   1   3   4   2   5   0   1   2   0   0   0  14   2   0   0   0  1.20 0.57
  250 V    -5  -7  -8  -8  -4  -7  -7  -8  -7   1   6  -7  -1   4  -7  -7  -5  -4  -4  -2    1   0   0   0   0   0   0   0   0   7  69   0   1  18   0   0   0   0   0   3  1.70 0.69
  251 I    -5  -7  -7  -8   1  -7  -7  -8  -7   6   3  -7  -1  -2  -7  -6  -5  -6  -5   3    0   0   0   0   3   0   0   0   0  49  29   0   1   1   0   0   0   0   0  16  1.56 0.62
  252 K    -1   4   0  -1   0   1   0  -3   0  -4  -2   3  -1  -4  -3   2   0  -5  -1  -4    3  21   5   2   2   5   5   1   2   1   4  20   1   0   1  18   5   0   2   1  0.45 0.31
  253 R    -1   4   0  -4  -3   2  -3   1   0  -5  -2   4  -2  -5  -5   0  -3   1  -5  -5    4  26   4   0   1   9   1  11   2   0   4  27   1   0   0   6   1   2   0   0  0.74 0.42
  254 I    -4  -7  -7  -8   4  -6  -7  -8  -7   2   5  -7   7   0  -7  -5  -5  -6  -5  -3    1   0   0   0   9   0   0   0   0   9  53   0  23   3   0   0   0   0   0   1  1.61 0.67
  255 L    -6  -7  -8  -8  -1  -7  -8  -8  -7   0   6  -7   2   2  -8  -7  -6  -6  -5  -3    0   0   0   0   1   0   0   0   0   4  82   0   5   7   0   0   0   0   0   1  1.95 0.77
  256 E    -2   1   1   1   2   3   1  -4   0  -1  -3   1  -1  -4  -4  -1   2  -5  -4   2    2   7   6   9   5  12   9   0   2   2   1  10   1   0   0   3  14   0   0  16  0.34 0.27
  257 P    -1   3  -3  -2  -4  -1  -2  -4  -1  -1  -1   4  -2  -3   2  -2  -1  -5   0   2    4  14   1   2   0   2   1   0   2   3   6  25   1   1  10   2   4   0   3  18  0.41 0.29
  258 N    -5  -3   6   6  -5  -1   1  -6  -1  -5  -6  -2  -7  -8  -5  -1  -4  -8  -6  -4    1   1  32  45   0   2   8   0   1   1   1   2   0   0   0   4   1   0   0   1  1.53 0.67
  259 P    -1  -2  -7  -5  -8  -3  -4  -7  -2  -4  -5  -4  -2  -6   8  -3  -3  -8  -4  -1    4   3   0   1   0   1   1   0   1   1   1   1   1   0  76   2   1   0   1   4  2.25 0.91
  260 I     1   1   1   1  -2  -1   2  -1   0  -3  -2   2   0  -3  -3   2   1  -4  -2  -2   11   6   8   6   1   2  15   4   3   1   3  12   2   1   1  14   8   0   1   2  0.23 0.19
  261 T    -1   2  -1   1  -4   3   2  -4   2  -4  -2   4  -2  -4  -4  -1   1  -3  -4  -3    4   9   3   8   0  11  12   0   4   0   4  29   1   1   0   3   8   0   0   2  0.53 0.34
  262 R    -7   9  -6  -8 -10  -5  -6  -8  -6  -9  -8  -4  -7  -9  -8  -7  -6  -9  -8  -9    0 100   0   0   0   0   0   0   0   0   0   0   0   0   0   0   0   0   0   0  3.42 1.22
  263 I    -1  -6  -5  -6  -1  -6  -6  -5  -4   4   4  -6   3   1   4  -4  -5  -1   0  -2    5   0   0   0   1   0   0   1   0  22  34   0   6   5  18   1   0   1   4   2  0.88 0.45
  264 S    -3  -4   0  -2  -4  -3  -4   3  -3  -6  -6  -2  -4  -7  -3   3   5  -7  -6  -5    1   1   4   2   0   1   0  22   1   0   0   2   0   0   1  25  40   0   0   0  1.14 0.60
  265 I     4  -6  -6  -6   2  -5  -5  -5  -6   4   1  -5   0   0  -5  -2  -1  -1  -5   1   38   0   0   0   4   0   0   0   0  21  14   0   2   5   0   2   3   1   0  10  0.79 0.43
  266 A     1   0  -1   1  -5   2   3  -1   2  -5  -3   2  -3  -4   0   0   0  -5  -3  -4   14   3   3   9   0   8  21   4   5   0   2  11   0   1   5   8   6   0   1   1  0.35 0.26
  267 E    -2  -4  -1   4  -5   5   5  -3  -2  -7  -7  -1  -3  -8  -6  -2  -3  -7  -5  -7    3   0   3  19   0  23  41   2   1   0   0   3   1   0   0   2   1   0   0   0  1.28 0.63
  268 L     1  -6  -7  -6   1  -6  -6  -6  -6   5   2  -6  -2   1  -6  -4  -3  -6  -4   4   12   0   0   0   3   0   0   0   0  35  17   0   1   6   0   1   1   0   0  26  1.03 0.48
  269 L    -2   1  -5  -6  -1  -1  -4  -6  -4  -1   4   3   4   0  -5  -4  -4  -5  -5  -2    2   7   0   0   1   3   1   0   0   3  45  21   9   5   0   1   0   0   0   1  0.86 0.46
  270 E     0   2   3   0   1   3   2  -2  -1  -4  -3   2  -2  -5  -4   1  -1  -4  -4  -3    7  10  14   6   3  13  13   2   1   0   2  14   1   0   0   9   3   0   0   2  0.40 0.28
  271 D    -7  -5  -1   1  -9  -3  -5  -8  11  -6  -8  -5  -6  -3  -8  -3  -5  -8  -3  -6    0   1   3   8   0   1   0   0  81   0   0   0   0   1   0   2   1   0   0   1  3.29 1.13
  272 E    -2   0  -3  -2  -3  -2   0  -4  -3  -4  -5   0  -3  -8   7  -1  -4  -4  -4  -4    3   4   1   2   1   2   5   1   1   1   1   6   1   0  63   4   1   0   1   1  1.67 0.73
  273 W    -8  -9  -9 -10  -8  -8  -9  -9  -8  -5  -4  -9  -7   6 -10  -9  -8  12  -1  -5    0   0   0   0   0   0   0   0   0   1   2   0   0  34   0   0   0  61   2   1  3.70 1.22
  274 F    -6  -7  -7  -7  -6  -6  -6  -7  -6   4   2  -7   4   7  -7  -6  -4  -3  -1   2    0   0   0   0   0   0   0   0   0  20  17   0   8  39   0   0   1   0   1  13  1.40 0.58
  275 K    -2   3   1  -3   0   3  -1  -4   1  -3  -2   3   0  -5  -4   0   2  -5  -4  -2    2  16   8   1   2  15   3   0   3   2   5  22   3   0   0   5  12   0   0   2  0.49 0.33
  276 K    -1   2   1   1  -3   2   1  -1   0  -3  -4   4  -3  -4  -3  -1  -2  -1  -4  -3    4  13   6   9   0   9   9   5   2   1   1  30   1   0   1   4   2   1   0   2  0.49 0.30
  277 G     0   1   3   1  -1   0   0   3   0  -4  -4   1  -2  -3  -1   0  -1  -2  -2  -3    8   6  16   9   1   3   6  20   3   1   1  10   1   1   2   7   2   1   2   2  0.30 0.20
  278 Y    -1  -1  -1  -1  -2  -1  -1   0   1   1   1  -1   0   0  -2   0   0  -2   2   1    5   3   2   4   0   3   4   7   4   9  15   4   2   4   1   6   6   0  11  10  0.05 0.07
  279 K    -1   0   0  -1  -2   1   1  -2   0  -1  -2   2   0  -1   3   0   1  -2  -3   0    4   4   3   3   1   7  10   2   2   3   4  17   3   3  15   5   9   0   0   6  0.22 0.17
  280 P     1  -1  -2  -2  -2  -1   0  -3  -2  -2  -2  -1  -2  -4   6  -1  -1  -2  -3   0   13   3   2   2   1   2   6   2   1   2   4   4   1   0  41   4   3   1   1   7  0.79 0.37
  281 P     0  -2  -3  -1  -5  -3  -1  -3  -4  -2  -3   0  -1  -3   7   1  -1  -5  -2  -2    7   2   1   3   0   1   4   1   0   2   2   7   2   1  49   9   3   0   2   3  1.04 0.46
  282 S    -1   0   0   1  -3   0   0  -2  -1   0  -1   0   0   3   0   2  -1  -2   2   0    5   4   3   9   0   4   6   1   1   5   6   4   2  14   4  16   3   0   8   6  0.12 0.13
  283 F    -1  -1  -1  -2  -1  -1  -1  -3  -2   1   1   1   1   2  -1   0   0  -1   1   1    2   3   3   1   1   2   5   1   1   8  15  12   3  11   3   5   6   1   4  13  0.10 0.11
  284 D    -1  -1   0   2  -4   1   1  -3   1  -3  -2   0  -1  -2   5   0  -2  -1  -2  -2    4   3   4  12   0   6   7   1   3   1   4   5   1   2  33   7   2   1   1   2  0.60 0.31
  285 Q    -1   0   0   0   0   2   1  -2   1  -1   0   1   0  -2   1   1   1  -2  -2  -1    3   4   5   4   2   9  10   2   4   4  13   8   3   1   6  11   9   0   1   3  0.10 0.11
  286 D    -1   0   1   2  -2   0   2  -1   0   1  -1   0  -1  -1   0   0  -1  -4  -1   0    2   4   9  14   1   2  15   4   2  10   7   5   1   2   4   6   2   0   2   9  0.12 0.12
  287 D    -1   0   1   3  -2   1   0  -1   0  -1  -2   2  -2  -4   1   1   1  -4  -2  -2    5   3   5  18   1   5   5   3   3   4   4  14   0   0   6  11   9   0   1   3  0.21 0.16
  288 E     0   1   1   1  -1   0   2   0   0  -3  -2   1  -1  -3   0   2   0  -3  -1  -2    6   7   7   7   1   3  13   7   3   1   3   9   1   1   5  18   4   0   2   3  0.17 0.13
  289 D     0   0   1   2  -3  -1   2   0  -2  -2  -2  -1  -3  -3   3   1   1  -2  -3  -2    8   5   6  13   0   2  12   6   1   2   5   3   0   1  15  10   8   1   0   2  0.25 0.17
  290 I     0   1  -1   0   0  -1   0  -1  -1   1   0   0   0   0   0   0   1  -2  -1   0    5   7   2   5   2   1   7   4   1  11  10   6   3   3   4   9   8   0   2   8  0.02 0.04
  291 T    -1  -2   1   4  -2   0   0  -2   0  -1  -2   0  -2  -1   0   1   1  -4   0  -1    4   1   7  25   1   5   5   2   2   3   4   6   1   2   4  13   9   0   4   4  0.26 0.18
  292 I    -1  -1  -1  -1   2  -1  -1  -3  -1   1   2  -1   1   1  -1  -1   1  -2   0   1    5   3   2   4   5   2   4   1   1   9  20   2   3   6   3   4  12   0   3   9  0.09 0.09
  293 D     0   0   1   2  -3   0   1  -1  -1  -2  -1   0  -1  -2   0   2   0  -4  -2  -1    5   4   5  14   0   4  10   3   1   2   7   4   1   1   5  22   6   0   1   3  0.20 0.16
  294 D    -1  -1   4   3  -3   0   1  -2   0  -2  -2  -1   0  -2  -1   1  -1  -4   0  -1    5   2  20  18   1   5   9   3   2   2   4   2   2   1   3  11   4   0   3   4  0.30 0.19
  295 V    -1  -1  -3  -3   0  -2  -1  -2  -3   2   0  -2   1   4  -1  -1  -2   0   0   2    3   3   1   1   2   2   4   3   0  12   8   3   4  24   3   5   2   1   3  15  0.29 0.18
  296 D    -1  -2   1   5  -3   0   2  -3   0  -4  -2   0   0  -2  -1   1  -2  -2  -2  -3    5   1   7  36   1   4  13   2   2   1   3   4   3   2   4   9   1   1   1   1  0.56 0.29
  297 A     2   0   0   0  -1   1   1  -1  -1  -1  -1   0   0  -3   1   1   0  -3  -2   0   18   4   3   5   2   8   8   4   1   3   4   5   3   0   7  11   6   0   1   6  0.12 0.11
  298 A     0  -1   0   1  -2   0   2   0  -2   0  -2  -1  -2  -2   0   0   0  -2  -1   1    6   3   4   7   0   5  18   7   1   5   3   3   0   2   5   8   6   1   1  16  0.12 0.13
  299 F    -2  -1  -2  -2  -2  -1  -1  -2  -1   0   2  -2   2   5  -1  -1   0  -2   0  -1    3   4   2   2   1   2   4   4   1   4  17   2   5  31   3   4   5   0   2   4  0.36 0.22
  300 S     0  -2   0   1  -2   0   0  -1   0  -1  -2   0  -3  -1  -2   2   3  -4  -1  -2    9   2   3   7   1   5   6   4   2   3   4   6   0   3   1  20  22   0   2   2  0.25 0.21
  301 N     0   3   2   1  -2   0   1   0  -1  -1  -2   1   0  -2  -2   1  -1  -2  -2  -1    9  17   9   6   1   4   9   6   1   3   2   8   2   1   1  12   3   0   1   3  0.18 0.14
  302 S     0  -1   0   0  -3   0   2  -2  -1   0   0   0   3  -2  -1   1   0  -4  -2  -1    6   3   5   4   0   3  16   3   1   4  11   6  11   1   3  10   7   0   1   4  0.13 0.14
  303 K    -1   1   0   0  -3   1   2  -3   0  -2  -2   3  -1  -1   1   0   0  -4   0  -3    5   9   5   4   0   5  16   0   2   2   3  22   1   3   6   6   7   0   3   1  0.28 0.20
  304 E    -1   1  -1   1  -3   2   2  -2  -1   0  -2   0   0  -3   3   0   0  -4  -3   0    5   6   3   7   0  12  14   2   1   5   2   5   2   1  16   7   4   0   1   7  0.26 0.18
  305 C     0  -1   0  -1   1   0  -1  -2   2   0  -1   0  -1   2   0   0   0  -2   0   0    8   2   6   3   4   6   3   2   5   8   5   5   0  11   4   7   7   0   3   7  0.05 0.08
  306 L    -1   1  -1   0  -3   0   0  -2   0   0   2  -1   1  -1  -2   1   0  -2   0   0    4   7   2   5   0   3   8   2   3   5  25   3   4   2   2  11   6   0   3   5  0.09 0.11
  307 V     1  -2   0   0  -2  -1   1  -1  -2   1  -1  -1  -1  -2  -1   2   2  -4  -2   0   10   1   3   5   1   2  11   4   1   8   5   4   1   1   2  19  14   0   1   7  0.15 0.15
  308 T    -1  -1   0   0  -3  -1   0  -2  -2  -1  -1   0   3  -2   3   2   1  -4  -2  -1    4   3   3   5   0   2   8   2   1   4   7   4  10   1  16  18   8   0   1   3  0.25 0.20
  309 E    -1   0   2   1  -2   1   3  -1   1  -2  -3   0  -3  -1   2   1  -1  -4  -3  -2    3   6  12   7   1   5  19   3   3   3   2   4   0   3   9  12   4   0   0   3  0.25 0.18
  310 K    -1   2   0   2  -2   1   2  -1  -1  -2  -2   3  -1  -3  -1   1  -1  -4  -3  -2    4  10   4  10   1   7  11   4   1   2   3  20   2   1   3  12   3   0   0   3  0.27 0.19
  311 K    -1   1   0   0  -2   1   1  -2   0  -1   1   1   0   0   1   1   0   2  -1  -1    4   7   4   5   1   6   9   2   3   2  15  10   2   4   6  11   4   4   1   2  0.09 0.10
  312 E    -1   0  -1   1  -4   2   2  -1  -2  -2  -2   2  -1  -3   2   0   0  -4  -2  -1    5   4   2   7   0   9  17   4   0   1   4  16   1   1   9   6   6   0   1   6  0.23 0.17
  313 K    -1   1   0   1  -3   3   1  -2  -1  -2  -1   3  -1  -3   0   0   0  -4  -1  -2    4   8   3  10   0  13   7   2   1   2   6  23   1   1   5   6   4   0   2   3  0.25 0.18
  314 P    -1   0   0   0   0  -1   0  -2  -1  -2  -1  -1   1  -1   5   0  -1  -4  -2  -1    5   5   5   5   3   3   6   3   2   3   5   4   4   3  31   6   3   0   1   4  0.44 0.23
  315 V     1  -1   0   0  -3   0   1  -1  -2   0   0  -1   0  -1   1   0   0  -3  -2   0   17   2   4   5   0   3  13   4   0   7   8   3   3   2   7   7   7   0   0   6  0.09 0.10
  316 S     1  -1   1   1  -2  -1   0  -1  -2  -1   0  -1  -1  -1  -1   2   1  -4  -3   0    9   2   6   7   0   2   6   4   1   3  13   3   1   2   3  22   8   0   0   5  0.13 0.14
  317 M    -1   2  -2  -2  -1   1   1  -1   0   1   1   0   2   0  -2  -1  -1  -2  -2   0    5  12   1   1   1   5   9   4   3   7  19   6   8   5   1   4   3   0   0   5  0.11 0.12
  318 N    -1   0   5   1  -4  -1  -1  -1  -1  -2  -3  -1  -2  -3  -3   0   2  -1  -4   2    5   4  32   6   0   3   3   3   1   1   1   2   1   1   1   8  12   1   0  14  0.48 0.30
  319 A     4  -2  -1  -1  -2   1  -1  -1  -3   2  -1  -2  -2  -3  -1   0  -1  -4  -1   0   37   1   3   3   1   6   4   5   0  12   7   2   1   1   3   4   4   0   2   5  0.27 0.22
  320 F     1  -2  -3   0  -2  -2  -2  -3  -1  -2   0  -3  -2   6  -4  -2  -2   1   3  -1   15   2   1   5   1   1   3   2   2   1   9   1   0  35   1   1   2   2  11   5  0.60 0.31
  321 E    -2   0  -1   4  -5   1   3  -2   2  -4  -3   0  -2  -4  -1   1  -2  -4   0  -3    2   4   2  25   0   7  24   2   5   1   2   5   1   0   3   9   1   0   4   2  0.52 0.29
  322 L    -1  -2  -1  -2  -1   0  -2  -1   2   2   2  -2   0   2  -1   0   0  -2   1   0    4   2   4   2   1   4   0   4   6  14  23   1   1   8   2   8   6   0   6   3  0.13 0.13
  323 I    -2  -1  -3  -3  -3  -3  -2  -3  -1   4   2  -2   1   1   0  -2  -2   0  -1   1    1   3   1   1   0   1   2   1   2  32  24   3   3   6   5   3   1   1   2   8  0.41 0.23
  324 S     1  -1   1  -1  -1  -2  -2   1  -2  -1  -3  -1  -3  -3  -2   4   1  -5  -4  -2   10   4   7   3   1   1   2   9   0   5   1   3   0   1   2  42   7   0   0   2  0.48 0.31
  325 S     1   0  -1  -1   1   0   1  -1  -2  -1   0   0   2   2  -1   0   0  -1   0  -1   11   4   2   3   3   2  11   4   0   2  11   7   7  12   2   6   4   1   3   3  0.06 0.09
  326 S     0  -3   1  -1  -2  -1   3  -1  -3  -2  -3  -1  -4  -2  -2   4   2  -5  -2  -2    5   0   6   3   1   1  17   4   0   2   2   2   0   2   1  40  10   0   2   3  0.53 0.33
  327 S     0   0   0   0  -2   2   2  -1  -1  -3  -2   1   0  -2   1   2   1  -3   0  -1    5   4   4   4   1   9  18   4   1   1   3   7   2   1   8  15   8   0   4   3  0.20 0.15
  328 E    -1  -1  -1   3   0  -2   0   3  -2   1  -2  -2  -1  -1   0   1  -1  -3  -1  -1    5   3   1  18   2   1   5  22   1  10   3   0   2   2   4  10   4   0   3   5  0.19 0.15
  329 F     0  -1  -1  -1  -2  -2  -1  -1  -2  -1   2   1   1   3  -3  -1  -1  -2   2  -1   10   2   3   3   1   1   4   4   0   2  23   9   3  18   0   4   4   0   7   3  0.17 0.15
  330 S    -1  -2   1   4   0   0   0   2  -1  -2   0  -2  -1  -1  -1   0  -1  -3  -1  -2    4   2   6  27   2   5   5  15   1   1   9   1   2   3   3   6   4   0   2   3  0.25 0.17
  331 L    -2  -2  -3  -3  -3  -2  -1  -3  -4   2   4  -1   0  -1  -1  -2  -2  -3  -1   0    3   2   1   1   0   1   5   2   0  11  50   4   1   2   4   2   2   0   2   6  0.46 0.25
  332 E     0   0  -1   1  -4  -1   1  -1  -3  -3  -4   2  -4  -5   1   4   0  -5  -4  -4    5   4   2   6   0   2  10   4   0   1   1  16   0   0   6  38   5   0   0   1  0.53 0.32
  333 N     0  -1   4   0  -4   0   1   3   2  -3  -4   0  -3  -3   0   0   1  -4  -2  -4    6   2  21   4   0   3  11  23   5   1   0   4   0   1   4   4   8   0   1   1  0.41 0.23
  334 L    -1   1  -2  -3  -2  -1  -4  -4  -4   1   4  -3   5   0  -1  -1  -1  -4  -2  -1    4   9   1   1   1   3   0   0   0   6  40   0  18   3   3   4   3   0   1   2  0.54 0.29
  335 F    -1  -4  -3  -2  -4  -3  -2  -4  -1  -1   0   0   0   7   1  -1  -2  -2   0  -1    6   0   1   3   0   1   2   1   1   2   9   5   2  47   7   5   1   0   2   4  0.76 0.34
  336 E    -1   0  -1   2   0   1   4   1  -2  -3  -2   1  -1  -4   0   0  -1  -4  -1  -2    4   4   2   9   2   6  29   9   0   1   3   9   2   0   4   8   2   0   2   3  0.29 0.19
  337 K     0   1   1   2  -2   0   3  -1   0  -2  -2   2  -1  -3  -1   1  -1  -4  -2  -2    7  10   6  10   0   1  20   3   2   3   3  13   2   0   2  12   2   0   1   3  0.23 0.15
  338 Q    -1   1   0   1  -2   1   2  -1   0  -1  -1   2   2  -3  -1   1  -1  -1  -3  -1    2   8   3   7   0   7  14   3   2   5   5  13   9   0   3  10   3   1   0   3  0.16 0.13
  339 A    -1   0   0   3  -3   2   2   0  -2  -2  -2   2   0   0  -1   1  -2  -3  -1  -2    4   3   3  18   0   8  13   7   0   2   3  12   3   4   2  11   0   0   2   2  0.22 0.15
  340 Q     0   1   1   1  -2   1   1   0  -1  -2  -1   1   0  -1  -1   1   0  -2  -2  -1    8   6   6   7   0   8   8   7   1   2   7  11   3   2   2  15   3   0   1   3  0.11 0.08
  341 L    -1   0  -1   0  -2  -1   0  -1  -1   0   1   0   1   1   1   0   0  -1   1   0    3   6   3   4   0   2   6   6   1   4  16   4   4   7   6   9   5   0   6   8  0.02 0.03
  342 V     0   0   0  -1   0   0  -1  -1   0   0   0   0   0   0  -1   2   0  -1   0   1    5   5   4   3   2   4   2   4   3   6   9   5   2   4   3  20   3   1   3  13  0.04 0.06
  343 K    -1   2  -1  -1   0   2   2  -2   0  -2  -2   4  -1  -2  -2   0  -1  -3  -2  -1    4  11   2   3   2   9  11   3   2   1   4  27   2   2   2   6   3   0   1   5  0.27 0.15
  344 K    -1   4  -1   0  -1   1   0   0   2  -2  -2   0  -2  -2   1   0  -1   0  -1  -2    3  32   2   5   1   7   7   7   5   2   3   5   0   2   6   6   2   1   2   3  0.33 0.17
  345 E    -1   1   0   0  -2   2   2   0  -1  -2   0   1   2  -1   0   0  -1  -2  -1  -1    3   7   5   3   1   9  19   6   1   2   7   8  10   3   3   5   3   0   1   3  0.13 0.11
  346 T     0   0   0  -1  -2   0   0  -1  -1   1  -2   1   0   0  -1   1   3  -2   0   0    5   4   3   4   0   5   4   3   1   9   2  10   3   4   3  10  22   0   3   5  0.12 0.11
  347 R    -2   6   1  -2   0   2  -1  -3   0  -3  -2   1   1  -3  -2   0  -1  -3  -3  -2    1  43   5   2   2   9   2   1   2   1   4   7   5   1   2   6   3   0   1   2  0.63 0.27
  348 F    -1  -2  -2  -2  -3  -2  -1  -2  -2   1   0  -2  -1   6  -2   0  -2  -2   0   0    4   2   2   2   0   1   5   4   1  10   8   2   1  40   2   9   1   0   1   4  0.51 0.22
  349 T     0  -1   0   0   2  -1  -1  -2  -2   0   0  -2   0   0  -2   1   3  -3  -1   1    9   4   3   7   5   1   3   2   0   3   7   1   3   4   2   9  24   0   2  12  0.15 0.13
  350 S     0  -1  -1  -1  -3   0  -1  -3  -2  -2  -1  -2  -2  -3  -1   4   4  -4  -2   0    7   2   1   3   0   4   2   0   1   1   5   1   1   0   2  35  25   0   1   7  0.50 0.31
  351 Q    -1   2   1   3  -4   2   1  -1  -2  -3  -3   2  -3  -4   0   0   0  -5  -4  -2    5  10   5  21   0  11  10   3   1   1   1  12   0   0   5   4   5   0   0   3  0.36 0.21
  352 R     1   1   1  -1   1   0   1  -1   0  -2  -1   2  -2  -1  -1   1   0  -1  -2  -1   13   9  10   1   3   3  11   3   2   1   5  16   0   3   2   9   4   1   1   4  0.14 0.13
  353 S     0  -2   1   1  -4  -2  -1  -1   0  -4  -3   1  -4  -2   4   3   1  -5  -4  -3    6   1   7   9   0   1   2   4   2   0   2   8   0   1  21  26   8   0   0   1  0.49 0.28
  354 A     2  -1  -2   0  -3  -1  -1   2  -3  -1  -1  -2   0  -4   3  -2   0  -4  -4   0   22   4   1   5   0   2   4  19   0   4   6   1   3   0  16   0   5   0   0   8  0.30 0.20
  355 S     1   0   1   0  -3   1   1  -1   1  -2  -3   1  -1  -4   0   2   2  -4  -3  -2    9   4   5   4   0   5   9   4   4   2   0   9   1   0   5  22  15   0   0   2  0.26 0.19
  356 E     0   0   0   2  -3   0   1  -2  -2   1  -1   0  -1  -2  -1   1   1  -4  -3   0    8   3   3  13   0   4  12   2   0  14   3   6   0   1   2  11  12   0   0   5  0.15 0.13
  357 I    -2  -3  -2  -2  -1  -2  -2  -4  -4   4   0  -3  -1  -1  -1   1   3  -4  -2   3    2   0   1   2   1   1   2   0   0  25   6   1   1   3   2  12  21   0   1  18  0.40 0.25
  358 M    -2  -3  -2  -4  -1  -2  -2  -4  -1   3   2  -1   2   2  -3  -3   0   0   3   2    3   0   1   0   1   2   2   1   1  20  21   3   5   8   1   0   4   1  13  14  0.33 0.19
  359 S    -1   1   0   2  -4   3   4  -2  -1  -4  -4   1  -3  -4  -1   2  -2  -2  -1  -2    3   7   2  10   0  12  27   1   1   0   1   6   0   0   3  19   1   1   3   2  0.47 0.28
  360 K    -3   2   0  -1  -1   3   4  -3   2  -3  -4   4  -3  -3  -1  -1  -2  -5  -3  -4    0   8   3   3   1  11  25   1   5   1   1  29   0   1   2   4   2   0   0   0  0.62 0.31
  361 M    -1  -4  -5  -3  -3  -4  -4  -5  -5   2   5  -3   1  -1  -1  -2  -1  -4  -3   0    6   0   0   1   0   0   1   0   0  12  56   1   3   2   4   3   4   0   0   5  0.67 0.32
  362 E    -2   1  -1  -2  -5   0   5  -1  -1  -3  -3   4  -2  -3  -4  -1  -3  -5  -1  -2    1   7   1   0   0   3  41   5   1   1   3  26   1   1   0   3   0   0   2   3  0.71 0.36
  363 E     1  -1   1   2  -3   1   3  -1   1  -3  -2   0   0  -3  -3   0   1  -4  -3  -1   14   2   5  12   0   5  26   3   4   1   3   4   3   0   0   6   8   0   0   3  0.30 0.19
  364 T     2  -3  -2  -3  -2  -1  -1   3  -3   1   0  -1  -1  -2  -3   0   1   0  -3   2   18   0   1   0   0   3   4  22   0  10   6   2   1   1   0   6   9   1   0  15  0.22 0.16
  365 A     2  -2  -3  -2   1  -1  -2   2  -3   0   2  -2  -1   0  -3   0  -2  -3  -1  -1   25   2   0   1   3   2   1  15   0   3  26   2   1   3   0   8   1   0   1   4  0.23 0.18
  366 K     0   2   0  -1  -4   1   3   0   1  -4  -3   2  -2  -4  -1   0   0  -4  -3  -3    9  13   3   1   0   6  21   7   4   0   2  17   1   0   2   5   6   0   0   1  0.32 0.19
  367 P     0   2   0   0  -2   0   1  -3   2  -1  -2   3  -2  -3   2   0  -1  -4  -1  -2    9  12   4   3   1   2  12   1   5   3   3  24   1   0  11   4   3   0   2   2  0.28 0.17
  368 L    -1  -2  -2  -3  -3  -1   1  -2  -2   0   2   0   3   1  -1  -1  -2  -3   0   2    4   0   1   0   0   1  12   3   1   1  25   6  11   7   2   5   0   0   2  16  0.19 0.17
  369 G    -1  -1   1  -1  -4  -3  -2   5   1  -4  -3   0  -4  -4  -1   1  -2   1  -4  -3    3   2   6   4   0   0   1  51   3   1   2   7   0   0   3  10   2   2   0   1  0.72 0.31
  370 F    -1  -3   0  -2  -3  -1  -3  -4   4  -1   1  -3   2   4  -4   1   0   0   3  -1    4   0   4   2   0   2   0   0  11   2  15   1   6  18   0  14   6   1  10   4  0.33 0.22
  371 N    -1   1   1   0  -2   2   1  -1  -1  -2  -2   2  -1  -1   0   0   1  -2  -2  -1    4   7   9   5   1   9   7   4   1   0   3  18   1   3   5   8  10   1   0   6  0.16 0.13
  372 V    -1  -2  -4  -4   0  -3  -3  -3  -4   2   2  -1   1   1  -2  -2  -1   3  -2   3    5   2   0   0   2   0   1   1   0  11  25   3   3   5   2   3   2   5   0  29  0.38 0.21
  373 R    -1   3   0  -2  -4   2   0  -2   1  -3  -3   3   0  -2   2   0   1  -4  -2  -2    2  19   3   0   0  12   4   2   4   0   0  18   3   1   9   7  11   0   1   3  0.37 0.22
  374 K    -2   1  -1   1  -4   2   3  -3  -1  -1  -3   4   1  -2  -3  -1   0  -4   0  -2    1   8   2   7   0   8  20   1   1   3   1  29   5   1   0   2   6   0   4   3  0.42 0.25
  375 D    -1   0   1   2  -4   0   1  -1   0  -3  -3   3  -3  -1   0   1   0  -4  -1  -3    4   4   5  15   0   3   6   5   2   0   2  27   0   3   3  11   7   0   3   1  0.28 0.19
  376 N    -2  -2   3   3   1  -1   4   1   1  -4  -4  -1  -4  -4  -3   0  -1  -5  -1  -3    2   1  17  19   3   1  29   9   4   0   1   2   0   0   0   5   3   0   2   1  0.54 0.28
  377 Y    -1  -1  -2  -1   0  -1  -2   0  -2   1   0  -1   1   0   0  -1   0   3   3   1    5   3   0   4   2   2   1  10   0  12   5   4   4   4   5   3   5   4  15  11  0.11 0.11
  378 K    -1   3   1  -2  -4   1   1   1  -2  -1  -1   3  -2  -4  -3  -1   0  -4  -2  -1    3  19   6   1   0   7  10  12   0   3   5  22   0   0   0   2   5   0   1   4  0.31 0.20
  379 I    -2   0  -3  -1  -3   2  -1  -2  -3   2   2  -1   3  -1  -2  -2  -1  -1  -1   2    1   5   0   4   0  11   3   3   0  11  23   3  11   2   1   1   3   1   1  17  0.21 0.18
  380 K    -2   3  -3  -3  -2  -2   1  -4  -3  -1   3   3  -1  -3  -4  -1  -2  -1  -3   0    2  17   0   0   1   0  10   0   0   2  31  25   0   0   0   3   1   1   0   7  0.44 0.27
  381 M    -2  -2  -4  -1  -2  -1  -2  -3  -4   2   2  -3   6  -2  -4  -3   1  -4   0   1    1   2   0   3   1   3   2   2   0   9  23   0  30   0   0   0  11   0   3   8  0.58 0.30
  382 K    -2   0  -2   1  -4   2   5  -2  -2  -1   0  -1   0  -1  -2  -1  -1  -4  -3   0    2   4   0   6   0   8  43   2   0   3  10   2   2   2   1   2   2   0   0   8  0.44 0.24
  383 G     3   1   0  -2  -3   0   0   3  -2  -1  -2   0  -2  -3  -1   0  -1  -4  -3  -1   29   8   6   1   0   3   4  21   0   3   3   6   0   0   2   7   1   0   0   4  0.27 0.17
  384 D     2  -1  -1  -1  -1  -1   1  -2  -1  -1   1   0  -1  -2   2   0   1  -1  -1   0   21   2   3   3   1   1  10   2   1   1  14   4   0   0   9   7   9   1   3   8  0.12 0.12
  385 K    -1   1   0   3   0   0   1  -2   0  -2  -3   2  -1  -3  -3   1   1  -4  -1   0    3   8   2  24   2   2   6   2   2   1   1  15   2   0   0   9   8   0   2  11  0.25 0.17
  386 S     0  -1  -1   2  -3  -1   2  -2  -2   1  -1   0  -1  -3   0   0   1  -4  -1   1    6   2   2  12   0   1  17   2   0  12   2   6   1   0   4   8   9   0   2  13  0.14 0.13
  387 G    -1   1   1   4  -4  -2  -1   4  -3  -4  -3   0  -1  -4  -3  -1  -3   2  -4  -3    3   8   5  26   0   0   1  37   0   1   2   7   2   0   0   3   0   3   0   2  0.63 0.29
  388 R    -1   5   1  -1  -4   1  -1   2  -2  -2  -3   1  -1  -4  -3   0  -2  -4  -3   0    2  37   7   2   0   5   2  15   0   2   2   7   2   0   0   8   1   0   0   7  0.46 0.25
  389 K    -1  -1   4  -1  -4  -1   0   0   0  -4  -4   4  -2  -5  -3   2  -1  -5  -4  -2    4   1  26   2   0   1   3   6   2   0   0  34   1   0   0  15   1   0   0   3  0.62 0.32
  390 G     0  -1   1  -3   0  -3  -4   6  -4  -4  -3  -3  -4  -2  -2   0   0  -4  -2  -3    5   4   7   0   3   0   0  59   0   0   3   0   0   2   2   7   5   0   2   2  0.88 0.35
  391 Q    -1   2   0  -1  -2   1  -1  -1   0  -1   0   1  -1  -1   1   0   2  -3   1  -1    3  15   4   2   1   6   2   5   3   3  10   6   1   1   6   7  15   0   6   5  0.10 0.10
  392 L    -2  -3  -4  -3  -3  -3  -4  -3  -3   3   4  -2   1   3  -2  -1  -2  -3   0   0    2   0   0   2   0   0   0   2   0  17  44   2   3  13   2   5   0   0   3   4  0.48 0.23
  393 S     1  -2   1   4   0   0   1  -2  -2  -1  -1  -1   0  -3  -3   1   1  -4  -3   0   15   1   6  29   2   4   6   1   0   4   4   2   2   0   0   9   8   0   0   6  0.29 0.18
  394 V     0  -2  -4  -4   4  -3  -4  -3  -3   3   0  -2   2   2  -4  -3  -2  -2   4   2    8   2   0   0  10   0   0   2   0  19   5   2   6   8   0   0   0   0  19  18  0.47 0.24
  395 A     1  -1  -1   2  -2  -1   0   0  -1  -2  -3   3   0  -3  -2   1   0  -4  -2   0   13   1   1  16   1   0   4   6   1   1   0  24   2   0   0  12   6   0   2   9  0.23 0.17
  396 T     2   0  -1  -2  -2  -2  -1  -2  -2   1   0  -2   0   0  -1  -1   1  -2   0   1   29   4   3   1   0   1   4   1   0  10  10   1   1   3   3   1  13   0   5  12  0.15 0.12
  397 E    -3  -1   1   0   3   1   6  -3   0  -4  -4   0  -3  -2  -3  -2  -3  -3   1  -4    1   2   5   2   6   4  60   1   2   0   1   5   0   1   0   1   1   0   6   1  0.91 0.35
  398 V    -2  -3  -3  -3  -3  -2   2  -2  -3   3   1  -3   1  -2  -1  -2   0  -4  -3   3    1   0   0   0   0   0  20   4   0  22   9   0   4   0   2   2   6   0   0  29  0.38 0.23
  399 F    -2  -3  -2  -4  -4  -3  -4  -4   1  -1   0  -2   1   7  -4  -1  -1  -2   3  -1    2   1   2   0   0   0   0   0   4   3   8   2   5  49   0   4   4   0   9   3  0.82 0.31
  400 E    -1   0   0  -1  -3   3   4   0  -1  -2  -2   1  -2  -1  -2   0  -1  -3  -2  -2    3   3   3   1   0  12  41   6   1   3   4  10   1   3   1   5   1   0   1   2  0.43 0.18
  401 V    -1  -1  -4  -2   0  -3  -3  -4  -4   2   2  -3   2  -2  -3  -3  -2  -4  -3   4    5   3   0   3   2   0   0   0   0  11  22   0   7   0   0   0   0   0   0  44  0.54 0.24
  402 A     3  -3  -1   1   1  -2   0   0  -3  -2  -3  -2  -2  -4  -1   0   4  -4  -3  -2   34   0   2   9   3   0   5   4   0   3   1   1   0   0   2   4  30   0   0   0  0.44 0.24
  403 P     0  -2   0   1  -4  -2  -1  -2   2  -2  -3  -1  -3  -4   6   0  -2  -5  -3   0    8   2   4  11   0   0   2   2   5   2   2   2   0   0  43   5   1   0   0  10  0.80 0.27
  404 S     0   0   0   1  -3  -1   1  -1  -2  -4  -3   0   0  -4  -2   4   1  -4  -3  -3    7   4   4   8   0   0  10   2   0   0   2   6   2   0   1  44   9   0   0   0  0.46 0.25
  405 L    -1   1  -2  -4  -1  -2  -1  -4  -3   2   3  -2   1   2  -1  -3  -1  -3   1   1    4  10   1   0   1   0   5   0   0  12  34   0   3   8   4   0   2   0   4  12  0.27 0.16
  406 H    -2  -2   0  -3  -1  -2   1  -3   6  -1   0  -2  -1   0  -3   0  -1  -3   3   2    2   0   3   0   1   0  11   0  30   1   8   0   1   3   0   6   2   0  11  17  0.50 0.25
  407 V     0  -4  -4  -5  -3  -3  -4  -4  -4   1   3  -4   6  -2  -4  -3  -2  -4  -3   4    7   0   0   0   0   0   0   0   0   3  30   0  26   0   0   0   0   0   0  31  0.79 0.32
  408 V    -2  -3  -4  -4  -2  -3  -3  -4  -1   3   1  -3  -1   0  -3  -3  -2  -3  -2   6    1   1   1   1   0   1   1   1   2  13   8   1   0   3   1   1   1   0   0  64  0.81 0.29
  409 E    -2  -2   0   3  -4   1   5  -3   0  -4  -4   0  -3  -4  -3  -1  -2   3  -3  -3    1   1   3  20   0   5  50   1   1   1   1   6   0   0   1   4   1   4   0   2  0.81 0.28
  410 L    -1  -3  -3  -3   0  -3  -2  -4  -3   2   2  -2   1   4  -1  -3  -2  -2  -1   3    3   0   0   0   2   0   3   1   0   8  20   3   3  24   3   1   1   0   0  26  0.36 0.17
  411 R    -2   5  -2  -3   1   1   0  -2  -2   0  -3   4  -3  -4  -3   0  -2  -5  -4  -1    1  36   0   0   4   5   4   3   0   8   0  30   0   0   0   5   1   0   0   3  0.66 0.29
  412 K    -2   3  -1  -3  -5   1  -1  -4  -1  -4   0   6  -3  -5  -3  -2  -3  -5  -4  -4    3  12   2   0   0   4   2   0   1   0  10  65   0   0   0   0   0   0   0   0  1.01 0.37
  413 T     0   1  -1   1  -1  -1  -1  -2   0   0  -1   1   2  -3  -2   3   1  -4  -3  -1    5   8   1   9   1   0   0   1   2   6   4   8   7   0   0  33   9   0   0   4  0.23 0.17
  414 G     2   1   2   0  -3   0  -1   2   1  -2  -3   2  -2  -3  -2   1  -1  -3  -2  -3   18   6  11   5   0   2   2  20   3   2   0  18   0   0   0   9   0   0   1   0  0.29 0.14
  415 G    -2   1   3  -3  -5  -3  -4   6  -3  -6  -5  -3  -4  -5  -4  -2  -3  -5  -5  -5    0   8  16   0   0   0   0  73   0   0   0   0   0   0   0   1   0   0   0   0  1.41 0.39
  416 D    -3  -4  -1   7   0  -2   1   0  -3  -5  -6  -3  -5  -5  -4  -3  -3  -6  -2  -5    1   0   1  80   2   0   7   6   0   0   0   0   0   0   0   0   0   0   2   0  1.63 0.45
  417 T     0  -2  -1  -2  -1  -2   1   3  -3  -2  -3  -1  -3  -4   2   0   4  -4  -3  -2    6   1   1   0   1   0  10  25   0   1   2   2   0   0  11   5  32   0   0   0  0.45 0.21
  418 L     0  -2  -2  -2  -1  -2   0  -3   2   1   3  -2   2  -2  -2   1  -1  -3  -2  -1    8   2   0   1   1   0   9   0   8   7  40   0   8   0   1  12   1   0   0   0  0.26 0.17
  419 E    -3  -2  -2   1  -2   1   6  -4  -2  -4   1   0  -3  -4  -3  -2  -3  -5  -4  -3    0   0   0   5   1   5  68   0   0   0  15   3   0   0   0   1   0   0   0   1  1.04 0.37
  420 F    -3  -2  -4  -5  -4  -4  -4  -3   2  -1  -3  -2  -3   5  -5  -4  -4   5   7  -2    2   2   0   0   0   0   0   1   4   2   0   3   0  29   0   0   0   8  48   1  1.35 0.37
  421 H    -1   3   0  -1  -4   3   1  -2   4  -4  -2   4  -1  -4  -1  -2  -2  -4  -1  -3    3  20   4   3   0  13   5   2  11   0   3  31   2   0   2   0   0   0   1   0  0.51 0.21
  422 K     0   3  -1   1  -4   2   1  -2  -1  -4  -3   4  -2  -4  -1   0  -2  -4  -3  -3   10  21   2   6   0  12   7   2   1   0   1  31   0   0   2   4   0   0   0   0  0.49 0.19
  423 F    -4  -1  -4  -5  -4  -4  -4  -5   2  -1   2  -4   3   7  -5  -4  -3  -2   0  -1    0   3   0   0   0   0   0   0   7   0  21   0   8  57   0   0   0   0   0   2  1.10 0.32
  424 Y    -3  -2  -3  -5   6  -4  -4  -5  -2   1  -1  -3   1   5  -5  -3  -3   6   5  -1    0   2   1   0  21   0   0   0   0   9   1   1   3  25   0   0   0  12  21   3  0.97 0.28
  425 K    -1   1   0   1  -4   2   3  -3   1  -1   0   3   1  -3  -2  -1  -1  -4  -3  -2    3   5   5   7   0   7  25   0   3   3  10  25   4   0   0   1   1   0   0   0  0.32 0.15
  426 N    -2   2   2   3  -4   1   4  -2  -2  -4  -4   3  -3  -4  -3   0   0  -4  -3  -4    0   9  13  15   0   4  30   1   0   0   0  20   0   0   0   3   4   0   0   0  0.58 0.19
  427 F    -3  -4  -5  -5  -3  -4  -4  -5  -4   3   4  -4   2   0  -4  -4  -2  -3  -1   2    0   0   0   0   0   0   0   0   0  19  58   0   3   3   0   0   0   0   1  15  0.76 0.23
  428 S    -2   6  -2  -3   2  -1  -1  -3  -2  -3  -3   3  -3  -4  -3   1  -1  -4  -3  -1    0  50   0   0   5   0   3   0   0   0   2  21   0   0   0  14   1   0   0   4  0.77 0.25
  429 S    -1  -1   2   0  -3  -1   1   0  -2  -4  -4  -1  -1  -4   5   1   0  -4  -3  -2    4   3  15   4   0   0   9   6   0   0   0   2   2   0  37  14   4   0   0   2  0.69 0.19
  430 G     3   1  -1  -1  -2   1   1   1  -2  -3  -2   2  -2  -2  -2   1  -1  -3  -3  -2   33   7   0   3   0   5   9   8   0   0   4  15   0   2   0  14   1   0   0   0  0.27 0.13
  431 L    -3  -4  -5  -5  -3  -4  -5  -5  -4   1   5  -4   5   0  -5  -4  -3  -3  -3  -1    0   0   0   0   0   0   0   0   0   6  77   0  16   2   0   0   0   0   0   0  1.10 0.31
  432 K     0   1   2   1  -3   1   1   1   1  -2  -3   3  -2  -4  -2   0  -1  -4  -3  -2    5   5  14   7   0   5  11  13   3   3   0  25   0   0   0   8   0   0   0   2  0.29 0.12
  433 D    -2  -2   1   6  -5   0   2  -1   0  -5  -5   0  -4  -5  -3  -1  -2  -5  -4  -4    3   0   4  68   0   3   8   3   2   0   0   7   0   0   0   2   0   0   0   0  1.11 0.27
  434 V    -2  -3  -3  -1  -2  -3  -1  -4  -4   4   1  -3   1  -1   1  -1  -2   2  -2   3    0   0   0   4   0   0   4   0   0  40  13   0   2   1   7   4   0   4   0  21  0.39 0.15
  435 V    -2  -4  -5  -5   1  -4  -4  -5  -5   4   0  -4   1  -1  -4  -3  -2  -4  -3   6    0   0   0   0   3   0   0   0   0  22   0   0   3   1   0   0   0   0   0  72  1.00 0.28
  436 W    -3  -2  -5  -5   5  -4  -4  -4   1  -3   0  -4   0  -1  -5  -4  -3  11   1   0    0   2   0   0  14   0   0   0   5   0   9   0   3   0   0   0   0  56   3   9  1.88 0.33
  437 N     2   0   0   0  -2  -1   0  -2  -2  -1   0   2  -1  -2  -2   1   1  -3  -1   0   22   2   4   7   0   0   4   0   0   0  11  22   0   0   0   8  13   0   2   5  0.15 0.09
  438 T    -2  -3  -1   1  -1  -1  -2   0  -3  -3  -2  -3  -3  -1   2   1   1   9  -1  -2    0   0   2   8   1   3   0   7   0   0   2   0   0   2  13  11  14  34   0   3  0.86 0.20
  439 D     0   0   0   2  -4   3   2  -2   3  -3  -3  -1  -2  -4   4  -1  -1  -4  -2  -3    6   3   2  15   0  24  11   2  12   2   0   0   0   0  23   0   2   0   0   0  0.56 0.14
  440 A     0  -2  -1   2  -3   0   0   4  -2  -2  -3  -2  -2  -3   2   0  -1  -4  -3  -1    8   0   0  14   0   6   4  38   0   2   0   0   0   0  12   8   0   0   0   8  0.41 0.10
  441 A     0  -2  -1   3   3  -1   2   0  -2  -1  -2   0  -2  -3  -2   1   1  -4  -3  -1    9   0   0  19  10   0  20   5   0   6   2   4   0   0   0  13  10   0   0   2  0.23 0.08
  442 A     0   1   0   2  -3   3   1  -2  -1  -3  -3   1  -2  -4   2   0  -1  -3  -3  -1   11   6   3  15   0  24   9   0   0   0   0  11   0   0  11   5   0   0   0   6  0.33 0.08
  443 E    -1   1   0   2  -3   1   2   0   3  -3  -3   2  -2  -3   2   0  -1  -3  -2  -3    4   5   3  12   0   7  22   5  10   0   0  14   0   0  13   5   0   0   0   0  0.36 0.05
  444 E     0   0   1   2  -3   2   3   0  -1  -3  -3   1  -2  -3  -2   1   0  -3  -2  -2    9   0   4  13   0  12  30   7   0   0   0   9   0   0   0  10   6   0   0   0  0.34 0.05
  445 Q     1   0  -1   1  -3   2   3  -2  -1  -3  -3   1  -2  -3   2   1   0  -3  -2  -2   11   0   0   6   0  15  29   0   0   0   0   9   0   0  12  13   5   0   0   0  0.39 0.05
  446 K     0   1  -1  -1  -3   2   1   1  -1  -3  -3   3  -2  -3   3   0   0  -3  -2  -2    7   8   0   0   0  12   7  14   0   0   0  29   0   0  14   0   8   0   0   0  0.34 0.04
  447 Q    -1   0   2   3  -4   3   3  -2   0  -3  -3   2  -2  -4  -2   0  -1  -3  -2  -3    0   0  10  23   0  29  20   0   0   0   0  18   0   0   0   0   0   0   0   0  0.49 0.04

                      K         Lambda
Standard Ungapped    0.1330     0.3165
Standard Gapped      0.0537     0.2670
PSI Ungapped         0.1753     0.3108
PSI Gapped           0.0537     0.2670
