
Last position-specific scoring matrix computed, weighted observed percentages rounded down, information per position, and relative weight of gapless real matches to pseudocounts
            A   R   N   D   C   Q   E   G   H   I   L   K   M   F   P   S   T   W   Y   V   A   R   N   D   C   Q   E   G   H   I   L   K   M   F   P   S   T   W   Y   V
    1 M    -2  -2  -3  -4  -2  -1  -3  -4  -3   2   1  -2   7  -1  -3  -2  -1  -2  -2   2    0   0   0   0   0   0   0   0   0  17   0   0  72   0   0   0   0   0   0  11  0.61 0.11
    2 A     3  -2  -1  -2  -2  -2  -2   4  -2  -3  -3  -2  -2  -3  -2   2   0  -3  -3  -2   39   0   0   0   0   0   0  32   0   0   0   0   0   0   0  24   5   0   0   0  0.55 0.14
    3 V    -1  -3  -3  -3  -2   0  -2  -2  -3   3   2  -2   1   1  -3   0  -1  -3  -1   1    4   0   0   0   0   8   0   3   0  34  30   0   2   5   0  10   0   0   0   4  0.25 0.11
    4 V    -2  -3  -4  -4  -2  -3  -1  -4  -4   1   4  -3   2   1  -4  -3  -1  -3  -2   2    2   0   0   0   0   0   6   0   0   4  60   0   3   7   0   0   1   0   0  16  0.53 0.19
    5 V     2   0  -1   0  -2   0  -2  -2  -3   0   1  -2  -1  -1  -3   1  -1  -3  -2   2   22   6   1   6   0   3   0   0   0   2  18   0   0   2   0  15   0   0   0  25  0.17 0.15
    6 S     0  -1   1  -1  -2   1   0  -1  -2   0   1   0   0  -2  -2   2   1  -3  -2   0    4   2   8   1   0   9   5   4   0   4  17   3   3   0   0  24   9   0   0   7  0.13 0.12
    7 N    -1  -1   3   1  -3   0   1   2   0  -2  -3   1  -2  -4   1   1   0  -4  -3   0    0   0  17   7   0   4   9  15   2   1   0  12   0   0   7   8   5   0   0  12  0.23 0.13
    8 A     0  -1   0   1  -4   1   4   2  -2  -2  -3   0  -3  -4   1   0  -2   0  -3  -1    9   2   4   6   0   5  35  15   0   3   0   4   0   0   5   6   0   1   0   5  0.35 0.19
    9 N    -1   1   3   4  -4   2   2   0   0  -4  -4   1  -3  -4  -1   0  -2  -5  -3  -3    2  10  15  26   0  10  11   8   2   0   0   6   0   0   2   7   0   0   0   1  0.46 0.21
   10 A     1   3   0   1  -3   0   0   2   1  -3  -2   0   0  -3   0   0   0  -4  -3  -2   14  21   4   7   0   2   4  17   4   0   2   3   4   0   5   7   5   0   0   3  0.21 0.14
   11 P    -2  -1  -3   0  -5  -1   2  -1   0  -4  -5   1  -4  -5   6   0  -2  -5  -4  -3    2   3   0   5   0   1  16   5   3   1   0   7   0   0  48   5   2   0   0   2  1.04 0.37
   12 A     0   0   0   1  -3   1   0   0  -1  -1  -2   0  -1  -3   2   1   2  -4  -3   0    8   5   4  10   0   7   4   6   1   1   3   4   1   0   9  11  15   0   0  11  0.16 0.12
   13 F    -1   1   0  -1  -2   0  -1  -2  -1  -2  -3   0  -2   1   4   0   0   2   3  -1    4   9   4   2   1   5   3   3   1   1   0   6   0   5  21   6   7   3  15   5  0.32 0.19
   14 E    -1   1   2   1  -4   2   2  -2  -2  -3  -2   2  -3  -4   3   0   0  -4  -2  -1    2   8  10   5   0  10  17   1   0   0   3  12   0   0  14   8   4   0   1   4  0.34 0.21
   15 A     2  -1   0  -1   0   1   0   2   0  -3  -3   1  -2  -4   1   1   0  -4  -1  -2   24   2   3   3   2   7   7  16   2   0   1  10   1   0   6  10   4   0   2   1  0.24 0.17
   16 K    -1   3   0  -2  -4  -1  -1   1   1  -1  -3   4  -3  -4   0   0  -2  -4  -1  -1    4  20   4   1   0   1   2  12   3   4   2  31   0   0   4   5   0   0   2   4  0.40 0.26
   17 M     0   0   0  -3  -1  -1  -2  -2  -2   2   1  -2   1   0  -3  -1   1   1   2   1    6   5   5   0   1   3   1   2   0  14  17   1   5   4   1   5  10   2   7  13  0.12 0.12
   18 T    -2  -1   2  -3  -4   2  -2  -1  -3  -1  -3  -1  -1  -4  -2   1   5  -4   1  -1    0   3  10   0   0  10   1   4   0   4   1   2   2   0   2  11  41   0   6   3  0.54 0.37
   19 V     1   0  -3  -4  -1  -2  -3   1  -3  -1  -1   0   1   0   2  -1  -2   7   1   0   12   5   0   0   1   0   0  10   0   4   5   6   4   5  12   5   1  19   5   6  0.45 0.26
   20 Y    -1   2  -3  -3   0  -2  -3  -2  -1  -2  -2   0   0   4   0   1   2   0   4  -1    5  11   0   1   2   0   0   2   1   2   3   5   2  18   4  10  14   1  16   3  0.30 0.24
   21 V    -1  -4  -2  -4  -3   0  -2  -5   3   2   3  -4  -1  -1  -4  -2  -1  -4  -3   4    5   0   1   0   0   5   2   0   9  10  28   0   0   1   0   2   2   0   0  34  0.53 0.32
   22 F    -1  -3  -4  -5   0  -4  -4  -5  -3   3   1  -3   1   4  -3  -1   0   2   4   2    3   0   0   0   2   0   0   0   0  17  13   0   3  19   1   4   5   2  14  16  0.49 0.28
   23 I    -1  -1  -4  -4  -2  -2  -3  -2  -3   2   3   0   2   2  -2  -2   0   0   0   1    4   3   0   1   0   1   0   2   0  11  35   7   6  11   1   2   6   1   2   8  0.30 0.21
   24 C     3  -3  -3  -4   4  -3  -3  -2  -3   2   1  -3   0  -1  -1   1   1  -4  -3   0   30   0   0   0  10   0   0   1   1  12  17   0   3   2   2   9   9   0   0   5  0.37 0.27
   25 V     3  -4  -4  -4   5  -2  -4  -2  -4   2  -1  -3   0  -1  -4   0   2  -4  -3   2   24   0   0   0  15   2   0   3   0  13   4   0   2   3   0   4  16   0   0  13  0.46 0.30
   26 M    -1  -4  -4  -5  -1  -4  -4  -2  -4   3   2  -4   1   4  -4  -1   0  -3  -1   2    6   0   0   0   1   0   0   3   0  17  24   0   4  21   0   6   4   0   1  13  0.46 0.27
   27 I     0  -4  -4  -4  -1  -4  -4  -2  -4   3   0  -4   3   2  -3   0   0   1   0   4    9   0   0   0   1   0   0   2   0  17   6   0   9   9   1   8   4   2   3  30  0.42 0.28
   28 A     5  -4  -4  -4  -3  -4  -2  -1  -5   1  -3  -4  -2  -5  -2   2  -2  -5  -4   2   56   0   0   0   0   0   2   3   0   7   1   0   0   0   1  13   1   0   0  16  0.84 0.48
   29 A     3  -4  -2  -4   2  -3  -3   2  -4  -3  -2  -3  -3  -4  -4   3   1  -1  -2   2   28   0   1   0   5   0   0  17   0   0   3   0   0   0   0  21   9   1   1  14  0.50 0.34
   30 V    -2  -4  -5  -5   3  -4  -5  -5  -4   3   3  -4   5   3  -5  -2   0  -4  -2   1    3   0   0   0   7   0   0   0   0  16  32   0  15  11   0   3   6   0   0   6  0.64 0.34
   31 G     1  -5  -3  -4   1  -2  -4   6  -5  -4  -6  -4  -5  -6  -5   0  -1  -5  -5  -4   10   0   1   0   3   2   0  70   0   1   0   0   0   0   0   7   5   0   0   1  1.40 0.56
   32 G    -1  -4   0  -3  -4  -2  -4   4  -4  -3  -2  -3  -3   3  -2   3  -2  -4  -1  -2    3   0   4   0   0   1   0  35   0   1   3   0   0  14   2  30   1   0   2   3  0.69 0.40
   33 L    -3  -5  -5  -6   3  -5  -5  -3  -5   1   3  -5   2   6  -3  -3  -3   2  -1  -1    2   0   0   0   7   0   0   2   0   7  27   0   4  41   1   2   1   2   0   3  0.96 0.44
   34 I    -2  -2  -4  -4   1   2  -3  -4  -4   2   3  -2   4   0  -4  -1   1  -4  -3   0    1   1   0   0   3  13   1   0   0  12  30   2  15   3   0   5   9   0   0   6  0.46 0.31
   35 F    -4  -4  -4   2  -4   0  -2  -4  -3   0  -1  -4   0   7  -3  -3  -3  -2   3   0    1   0   0  14   0   6   3   1   0   5   3   0   2  49   1   1   1   0   8   6  1.00 0.45
   36 G     0  -5  -4  -4  -5  -2  -5   7  -5  -6  -6  -4  -5  -3  -5  -1  -4  -1  -5  -5    6   0   0   0   0   2   0  81   0   0   1   0   0   1   0   5   0   1   0   0  1.83 0.67
   37 Y    -1  -5  -5  -6   0  -5  -5  -6  -3   0  -2  -5  -4   3  -6  -4  -4   5   8  -3    5   0   0   0   2   0   0   0   0   5   4   0   0  11   0   1   1   8  60   1  1.81 0.72
   38 D     0   0   3   6  -1  -2   1  -4   1  -3  -5  -2  -5  -6  -4  -1  -2  -6  -5  -4    7   5  13  51   2   1   8   1   3   1   0   1   0   0   0   3   2   0   0   1  1.04 0.51
   39 I    -2  -2  -1  -4   2  -1  -4  -4  -4   3   2  -3   1  -1  -4   0   3  -1  -3   1    1   2   3   0   4   3   0   1   0  19  23   1   3   2   0   7  24   1   0   7  0.43 0.31
   40 G     2  -4   0  -4  -4  -4  -4   5  -2  -4  -4  -4  -4   1  -4   1  -2   1  -4  -1   20   1   4   0   0   0   0  46   1   0   1   0   0   7   0  10   3   2   0   6  0.83 0.45
   41 I    -1  -4  -4  -5   2  -2  -3  -4  -3   3   1  -3   0   0  -3  -1   0   2   3   3    5   0   0   0   4   2   1   1   0  17  11   1   1   4   1   5   6   3  11  27  0.41 0.28
   42 S    -3  -4  -1  -4  -2  -4  -4  -1  -5   5   1  -3   3  -3  -5   1   1  -5  -2   0    1   0   3   1   1   0   0   6   0  41  10   1   7   0   0  14  10   0   1   5  0.65 0.40
   43 G     1  -3   1  -3  -3  -2  -2   3  -3  -3  -3  -2   0  -4  -3   4   0  -4  -2   0   10   1   7   1   0   1   1  23   0   1   2   2   2   0   1  33   5   0   2   8  0.50 0.33
   44 G     2  -3  -2  -3   0   0  -2   4  -3  -2   0  -3  -1  -2   1   0  -1   0  -1  -2   18   1   1   1   2   4   2  35   0   2   9   1   1   1   8   6   4   1   2   2  0.43 0.27
   45 V     2  -3  -3  -4  -3  -3  -3  -3  -4   4   1  -2  -1   1  -3  -1   0  -3  -2   3   16   1   1   1   0   1   1   2   0  24  11   2   1   5   1   5   6   0   1  21  0.37 0.24
   46 S    -1  -3   2  -3  -3  -1  -3  -3  -2   2   2  -3   1  -1   0  -1   2  -3   0   2    5   0  10   0   0   3   0   1   1  10  23   0   3   2   5   5  15   0   3  13  0.26 0.22
   47 A     3  -1   0  -1   0  -2  -1   0  -3  -1   0  -1  -1  -2  -2   2   1   1  -3  -1   26   2   4   2   2   1   3   6   0   2   9   4   1   2   2  20   9   2   0   4  0.22 0.20
   48 M    -1  -3  -3  -3  -1   0  -2  -3  -3   1   2  -3   6   0   2  -1   0  -1  -1   0    4   1   1   1   1   4   2   2   0   7  21   1  22   5  11   5   6   1   2   4  0.42 0.27
   49 D     0  -1  -1   1  -1   0   0   0  -1   0   0  -1   0  -1   2   1   1  -1  -1   0    8   3   2   7   1   5   6   6   2   4  13   3   2   3   9  10  10   1   1   6  0.06 0.06
   50 D     0  -1   1   1   0   0   0   1  -1  -1  -1   0  -1  -1   1   1   0  -2   0  -1   10   1   7   9   2   3   6   9   1   3   8   6   1   2   7   9   7   0   4   5  0.06 0.06
   51 F    -2  -1  -3  -3  -1  -3  -3  -3  -1   2   1  -4  -1   7  -2  -3  -3  -1   2   0    3   4   1   2   1   1   2   2   1  11  12   1   1  41   2   1   1   0   6   5  0.77 0.35
   52 L     0  -1  -1  -2  -1   1  -2  -3  -2   3   2   0   3   0  -1  -2   0   1  -2   0    6   2   3   2   1   8   2   2   1  20  19   6   8   5   3   2   5   2   1   4  0.18 0.16
   53 K     0   1   0   0  -1   1   1  -1  -1   0  -1   2   1  -1  -2   1   0  -2   1  -1    6   8   4   4   1   5  10   4   0   5   7  13   5   1   1  10   6   0   5   4  0.07 0.08
   54 E     0   1   0   2  -1   2   1  -1   0  -2  -2   1  -1  -1  -1   0   1  -1   1  -1    7   7   4  11   1   9  11   5   1   3   2   7   1   2   3   8   8   1   6   3  0.12 0.10
   55 F    -2  -3  -2  -2  -2  -3  -3  -1   0   0   2  -3   0   6  -2   0  -1   1   1  -1    3   1   2   2   1   1   1   5   3   4  17   1   2  37   2   6   3   1   3   3  0.57 0.29
   56 F    -1  -2   1   1  -3  -2  -2   1  -1  -1   0  -2  -1   3  -1   0  -1   1   3  -1    5   2   7   9   0   1   2  13   1   4   9   2   1  13   3   6   4   1  13   3  0.16 0.13
   57 P     0  -1   2   1  -2   0  -1  -1  -1  -1   0  -1  -1   0   2   1   0  -1  -1  -1    6   3  13   9   0   3   3   5   1   3   9   3   1   4  12  11   7   1   2   5  0.13 0.11
   58 A     0   0   0   1  -2   0   0  -1   0  -2  -1  -1  -1   0   0   2   2  -2   1  -1    7   4   3   7   0   4   6   4   2   1   5   3   2   3   5  15  14   0   7   5  0.10 0.10
   59 V    -1  -2  -1  -1   1  -1  -2  -2  -2   2   0  -1   1  -2  -2   0   2  -3  -2   3    4   1   3   3   3   2   3   3   1  10   8   3   3   1   1   8  15   0   1  26  0.21 0.16
   60 W    -1  -1   0  -1  -1  -1  -1  -2   0   0   0  -1   0   1  -1   0   0   4   4   0    5   2   5   3   1   1   4   3   2   6  12   3   2   7   4   7   5   6  15   6  0.15 0.11
   61 E     0   0   0   0  -2   0   0   0  -1   0   0   0   0   0   0   0   0   0   1   0    6   5   5   6   1   4   7   7   1   9   8   5   2   4   5   6   6   2   5   6  0.02 0.01
   62 R     0   1   0   0  -2   1   0   1   0  -1  -1   1   0   0   1   0   0   0   0  -1    9   7   5   6   1   6   5   9   2   2   5   8   3   4   7   7   5   1   3   4  0.06 0.04
   63 K     0   1   0   0  -1   0   0   1  -1  -1  -1   0   0  -1   0   1   0  -1   1  -1   10   7   3   6   1   3   4  10   1   4   7   7   2   2   5  12   5   1   6   5  0.04 0.04
   64 K     1   0   0   0  -2   0   0  -1   0   0   0   0   0  -1   0   1   1  -1  -1   0   16   4   3   5   0   5   3   4   3   6  10   7   2   3   4   9   8   1   2   5  0.04 0.05
   65 H     0  -1   0  -1  -2   0   0   0   1   1   0  -1   1  -1   1   0   0   0   1   0    7   2   4   3   0   5   8   7   4   9   9   3   4   2   7   5   5   1   6   7  0.03 0.04
   66 V     0  -1   0   0  -1  -1   0  -1  -1   1   0  -1   1   0   0  -1   0  -1   0   1    8   4   5   4   1   2   6   3   1   8  11   4   4   4   5   3   7   1   3  16  0.03 0.05
   67 H     0  -1   0   0  -2   0   0   1   2   0  -1  -1   0   0   0   1   1  -2   1  -1    6   3   5   4   0   5   5  10   8   7   4   2   3   4   5   9  13   0   4   4  0.07 0.09
   68 E     0  -1   0   0  -3   0   2  -1  -1   1   0  -1   1  -1   0   0   0   1   0   0    7   2   4   5   0   3  18   4   1  11   7   3   6   2   4   9   4   2   3   4  0.08 0.11
   69 N     0  -1   1   1  -3   0   0   0  -1  -1  -1   0   0   1   0   1   1   3  -1  -1    9   2   8   9   0   5   5   5   1   3   4   7   3   6   3   8  12   5   1   2  0.10 0.11
   70 N     0  -2   3   2  -3   1   1   1   1  -1  -1   0  -2  -3  -1   0   0  -2  -2  -2    7   1  18  10   0   6  10  11   3   3   6   5   1   0   3   7   6   0   1   2  0.19 0.16
   71 Y    -1  -2   0   1  -2   0   0  -1   0  -1   1  -1  -1   2  -1   1   0   0   2   0    3   1   4   8   1   5   7   3   2   2  16   3   1   9   3  13   5   1   8   6  0.08 0.12
   72 C    -1  -3  -2  -1   2  -2  -1   0  -1   0   0  -2   0   4  -1  -1  -1   0   2   1    4   1   2   4   5   1   4   8   2   3  11   1   2  21   4   4   2   1   7  13  0.18 0.16
   73 K    -1  -1   1   0   4   1   0   1   2  -1  -2   1  -1  -2   0   1   0  -3   1  -1    4   2   8   6  11   5   5   9   6   3   2   8   1   1   4  11   4   0   5   3  0.15 0.14
   74 Y    -1  -2  -1   0  -3  -2  -1  -1  -1   1   2  -2   1   0  -2  -1   0   4   2   0    5   1   2   6   0   1   3   4   1  10  27   2   3   4   2   6   5   5   8   4  0.16 0.16
   75 D    -1  -2   1   2  -4  -1  -1  -1  -1  -2  -2  -2  -2  -3   2   3   2  -4  -1  -2    5   2   6  13   0   3   3   5   1   3   5   2   1   1   9  28  11   0   2   2  0.33 0.28
   76 N     1  -1   1   1  -1  -1   0  -1   0  -2  -2   0  -2  -3   2   2   2  -4  -2  -1   12   2   8   8   1   3   4   4   2   2   3   4   1   1  10  18  12   0   1   4  0.21 0.20
   77 Q     1  -2  -1  -1  -3   1   0  -2   0  -1   0  -1   0   0  -1   2   1   5  -1   0   10   1   3   3   0   6   8   3   2   2   7   2   2   4   2  18   8   8   1   8  0.16 0.18
   78 F    -1   0  -2  -1  -3   3   0  -2  -1   0   1   0   0   1  -3  -1   0   2   1   1    4   4   1   3   0  15   5   3   1   5  19   5   2   5   1   4   7   3   5   9  0.12 0.16
   79 L     1  -1  -2  -2  -2   1  -1  -1  -2   1   1  -1   1   0  -3   0   0   4   1   2   11   3   1   1   0   8   2   4   0   8  13   3   3   3   0   8   5   6   5  15  0.12 0.15
   80 Q     0  -4  -1  -1  -5   1  -1   5  -2  -4  -4  -3  -4  -5  -1   3   1  -1  -4  -3    8   0   2   3   0   6   4  38   1   0   2   0   0   0   2  23   7   1   0   1  0.66 0.44
   81 L    -1  -4  -3  -5  -3  -3  -5  -3  -4   2   4  -5   3   0  -4  -2  -1   6  -1   0    6   0   1   0   0   1   0   2   0   9  41   0   7   3   1   2   4  12   2   7  0.72 0.42
   82 F    -1  -4  -2  -4  -1  -4  -4  -1  -3   3   1  -4   1   3  -2   0   0   1   0   3    5   0   2   0   1   0   1   4   1  20  13   0   3  12   2   6   6   2   2  20  0.33 0.26
   83 T     0  -3   0  -3  -2   2  -3   1  -1   1   0  -3   1  -1  -3   0   3  -4  -3   2    7   0   4   0   0  10   1  12   2   7   7   1   3   3   0   8  18   0   0  18  0.24 0.26
   84 S     1  -5  -3  -4   0  -3  -4   1  -5  -4  -3  -4  -3  -2  -3   5   2  -6  -4   0    9   0   1   0   2   0   0  11   0   1   2   0   1   2   1  50  14   0   0   7  0.88 0.58
   85 S     1  -4  -3  -4   1  -4  -4  -1  -4   3   1  -3   2  -1  -4   2  -1  -3  -2   2   14   0   1   0   3   0   0   4   0  19  13   1   6   3   0  21   3   0   1  12  0.37 0.31
   86 L     0  -5  -3  -6  -1  -3  -5  -4  -3  -1   1  -5   2   6  -4  -2  -1  -2   5   0    8   0   1   0   1   1   0   1   0   2  13   0   5  33   1   4   5   0  17   7  0.80 0.46
   87 Y     0  -3   1  -4  -2  -2  -3  -2  -3   0   1  -3   3   3  -1   0   0  -2   3   0    8   0   9   0   1   1   0   3   0   6  16   0   7  14   4   7   7   0  10   7  0.26 0.25
   88 L     1  -5  -5  -5   1  -4  -5  -4  -5   3   3  -5   1   1  -4  -3  -2   4  -1   3   12   0   0   0   2   0   0   1   0  15  28   0   3   6   0   2   2   5   2  20  0.57 0.35
   89 A     2  -6  -4  -5   0  -4  -4   6  -5  -3  -3  -5  -3  -3  -4  -1  -1  -6  -3  -2   13   0   0   0   2   0   1  63   0   1   2   0   1   1   1   5   4   0   1   4  1.28 0.64
   90 A     1  -2   0  -3   1   0  -2   1  -2  -1  -1  -3   1   2  -3   1   0  -2   3   0   14   2   4   1   3   4   2  13   0   3   5   0   5   8   1  10   5   0  12   8  0.17 0.19
   91 L     2  -4  -4  -5   0  -4  -4  -1  -4   2   3  -4   4   2  -3  -2  -1  -2  -2   0   20   0   0   0   2   0   0   5   0  12  24   0  12  10   1   3   4   1   1   6  0.46 0.33
   92 V     0  -5  -5  -6  -1  -4  -5  -5  -5   4   2  -5   1   3  -4  -2  -1  -2  -3   4    9   0   0   0   1   0   0   1   0  23  19   0   3  12   0   2   3   1   0  25  0.68 0.39
   93 A     1  -5  -3  -4  -1  -4  -5   6  -5  -3  -2  -4   0   0  -4   1   0  -2  -5  -2   11   0   1   0   1   0   0  52   0   1   3   0   3   4   1  12   6   1   0   2  0.93 0.51
   94 S     3  -2  -2  -3   1   3  -2   1  -3  -2  -2  -2   0  -3   1   3   0  -5  -2  -2   21   1   2   0   3  13   2  10   0   2   3   1   2   1   8  24   5   0   1   2  0.38 0.34
   95 F    -2  -5  -4  -5  -3  -3  -5  -4  -5   3   3  -5   2   3   2  -3  -2   0  -1   1    3   0   1   0   0   1   0   1   0  15  32   0   6  11  13   2   2   1   2   9  0.58 0.36
   96 V    -1  -4  -3  -5  -1  -4  -5  -2  -4   3   2  -4   1   4   2  -2  -1  -3  -1   2    4   1   1   0   1   0   0   3   0  18  17   0   3  19  10   3   3   0   1  15  0.50 0.33
   97 A     1  -4  -4  -5   1  -4  -4   1  -4   0   1  -4   0   4  -5   1  -1   5   1   0   14   0   0   0   3   0   0  11   0   4  13   0   2  17   0  12   4   8   5   6  0.42 0.31
   98 S     1  -5  -3  -5  -3  -5  -5   7  -6  -5  -6  -4   0  -4  -4   1  -2  -7  -3  -4   10   0   1   0   1   0   0  69   0   1   1   1   2   1   1   9   2   0   1   1  1.53 0.73
   99 A    -1   1  -2  -4  -2   0  -3  -2   1  -1   0   1  -1   1   4  -1  -2   5   3  -2    6   7   1   1   1   3   0   3   3   4   8  10   2   5  19   3   2   7  12   2  0.37 0.29
  100 T    -2  -5  -6  -7  -1  -5  -6  -5  -6   3   5  -6   3   1  -4  -4  -2   1  -1   1    3   0   0   0   1   0   0   1   0  17  50   0   7   6   1   1   2   2   1   7  0.94 0.50
  101 C     3  -5  -2  -4   1  -3  -4   2  -5   0  -2  -4  -2  -3  -4   4   0  -5  -1  -1   24   0   2   0   3   1   0  13   0   5   5   0   1   1   0  33   6   0   3   5  0.56 0.43
  102 S    -4  -1   1   7  -7   0   2  -3  -3  -5  -7  -1  -5  -4  -6  -2  -2  -8  -5  -6    1   4   6  61   0   3  10   2   1   0   0   4   0   1   0   3   2   0   0   0  1.47 0.73
  103 K    -2   5  -2  -4  -2   0  -3  -5  -1   1  -1   3   0  -1  -4  -2  -2   1   0  -1    2  36   1   0   1   3   0   0   1   9   7  18   2   3   0   3   2   2   3   5  0.64 0.42
  104 L    -4  -3  -5  -7  -2  -5  -6  -5  -2   2   2  -4   1   6  -6  -2  -3   3   5   1    1   1   0   0   1   0   0   1   1  12  17   1   3  31   0   3   1   3  17   8  0.95 0.50
  105 G    -2  -5  -1  -3  -7  -4  -3   7  -6  -8  -6  -5  -7  -7  -2  -1  -4  -7  -5  -7    2   1   3   2   0   1   2  81   0   0   1   1   0   0   2   4   1   0   1   0  1.94 0.85
  106 R    -2   8  -3  -6  -3  -3  -4  -3  -2  -4  -3  -1  -4  -2  -2  -4  -3  -7  -3  -3    4  75   1   0   1   0   1   2   1   1   2   2   0   2   3   1   1   0   1   2  1.84 0.86
  107 R    -4   6  -2  -4  -4  -1  -3  -6  -3  -2  -3   6  -4  -5  -4  -3  -3  -2  -3  -3    1  35   2   0   1   2   1   0   1   2   3  45   0   1   1   1   1   1   1   2  1.33 0.68
  108 P    -2   2   0  -3  -4  -1  -2  -1  -2   0  -1   2  -1   0   3  -1  -1   4   1  -1    3  12   6   0   0   1   2   5   1   5   7  14   2   3  17   4   4   6   6   4  0.28 0.24
  109 T     0  -4  -3  -4   1  -3  -3   0  -3   2   1  -4   2  -1  -1   1   2  -1  -3   3    8   0   0   0   3   1   1   7   0  13  10   0   5   2   3  11  11   1   0  23  0.30 0.26
  110 M    -3  -4  -4  -6  -3  -5  -5  -6  -4   3   4  -5   4   3  -4  -4  -2   0   4   0    2   1   1   0   0   0   0   0   0  14  34   0  12  13   1   1   2   1  14   4  0.86 0.46
  111 Q    -1  -2  -3  -5  -2  -2  -4  -1  -2   3   3  -3   2   2  -3  -2  -1   2  -1   1    4   2   1   0   1   2   0   6   1  17  31   1   6   8   1   3   4   2   2   9  0.34 0.25
  112 F     1  -2  -3  -4   2  -4  -4  -1  -4   2   2  -3   1   3  -3  -1   0   2  -1   2   11   2   0   0   4   0   0   4   0  15  17   1   4  11   1   4   5   3   2  14  0.29 0.22
  113 A     2  -4   0  -3   3  -3  -3   3  -4  -2  -3  -4  -1  -2  -4   3   2  -1  -3  -1   18   0   4   0   6   1   1  22   0   2   2   0   1   2   0  23  11   1   1   5  0.48 0.37
  114 S     1  -3   1  -2   1  -3  -3  -1  -2   2   2  -3   2   1  -4   0   0  -3   1   1   11   0   7   2   3   0   1   5   1  12  22   0   6   5   0   8   6   0   4   8  0.19 0.20
  115 I     0  -5  -5  -5   0  -4  -5  -1  -5   3   3  -5   1   3  -4  -2   0  -3  -3   2    9   0   0   0   2   0   0   5   0  18  26   0   2  12   1   3   5   0   0  16  0.50 0.33
  116 F    -1  -4  -5  -5  -1  -1  -5   0  -5   3   3  -4   2   2  -2  -2  -1   1  -2   2    4   0   0   0   1   3   0   7   0  16  31   0   4  10   3   3   3   2   0  13  0.44 0.30
  117 F    -1  -5  -1  -4   2  -2  -4  -2  -2  -1   0  -5   3   5  -5   0  -1   5   3   0    6   0   3   1   4   2   1   3   1   2   8   0   7  30   0   7   4   7  10   6  0.63 0.39
  118 L     2  -4  -3  -4   1  -3  -2   0  -4   3   1  -4   1   0  -4   1   1  -4  -3   2   17   0   1   0   3   0   2   8   0  18  10   0   3   4   0  11  10   0   0  12  0.30 0.26
  119 I     2  -5  -4  -6   0  -5  -5  -3  -5   4   2  -5  -1   1  -4  -3  -1  -2  -2   3   15   0   1   0   2   0   0   2   0  25  22   0   1   5   1   1   4   1   1  20  0.60 0.37
  120 G     1  -5  -2  -4   1  -4  -5   5  -5  -3  -2  -4  -1   3  -3   1  -1  -1  -2  -1   12   0   1   1   3   0   0  38   0   1   4   0   2  14   1  13   4   1   1   4  0.66 0.43
  121 V     1  -4   1  -3   2   0  -2   1  -1  -1  -2  -3   1  -2  -4   3   2   3  -1  -1   13   0   6   0   4   4   2  11   2   4   3   0   4   2   0  22  14   4   2   3  0.30 0.28
  122 G     0  -5  -5  -6   0  -5  -5  -2  -5   4   3  -5   1   2  -5  -3   0   0  -2   2    9   0   0   0   2   0   0   4   0  21  29   0   2   9   0   1   5   1   1  15  0.59 0.35
  123 L     1  -5  -4  -5   2  -4  -5   1  -5   2   3  -5   1   0   0  -1  -3   0  -3   1   11   0   0   0   5   0   0  10   0  14  33   0   4   4   4   4   1   1   0   9  0.44 0.31
  124 T     0  -4  -1  -4   5   1  -4  -2  -3   1   0  -3   3   0  -3   1   1  -1  -1   0    8   0   3   0  14   8   0   3   0   9   9   1   9   5   1  13  10   1   2   6  0.34 0.29
  125 A     4  -5  -4  -5  -1  -2  -4   3  -2   0  -2  -4  -2   0  -2   1  -1  -2  -1  -1   40   0   0   0   1   1   0  21   1   5   4   0   1   3   2   9   3   1   2   4  0.60 0.41
  126 G     1  -3  -4  -5   2  -1  -4  -2  -4   0   3  -4   0   5  -4  -2   0   1  -1   0   13   1   0   0   4   3   0   4   0   4  25   0   1  26   0   3   5   2   1   6  0.50 0.34
  127 A     5  -4  -5  -5   1  -4  -5  -2  -5  -1  -3  -5   0  -4  -3   4   0  -6  -6  -1   48   1   0   0   2   0   0   3   0   3   2   0   2   0   1  27   6   0   0   4  0.97 0.59
  128 V    -2   0   0  -2  -5   2  -1  -2   1  -2  -3   1  -4  -2   4   0   1   2  -1   0    2   6   5   2   0   9   3   3   4   3   1   9   0   2  22   8  10   3   2   6  0.37 0.29
  129 N    -2  -2   5   2  -4  -2  -2   0   1  -4  -6  -2  -5  -4  -5   4   2  -7  -4  -3    3   1  27  11   0   1   2   8   4   1   0   2   0   1   0  27  10   0   0   1  0.78 0.49
  130 L    -3  -4  -4  -5  -5  -4  -5  -4  -1   2   1  -3   1   5  -1  -2  -2   4   4   2    2   1   0   0   0   1   0   1   1  12  12   1   4  23   3   3   2   5  15  14  0.64 0.37
  131 V     1  -2  -1  -2  -4   0   1   0  -1   0  -2  -3   0  -1   1   0   0   7   1  -1   14   1   3   2   0   3   8   9   1   5   4   0   2   2   8   7   7  14   4   4  0.30 0.25
  132 M     0  -2  -3  -3   0   1  -2  -1  -2   0   1  -3   5  -1  -3   0   1   3  -2   2    6   1   0   1   2   8   2   5   1   5  12   0  17   3   1   8   8   4   1  14  0.29 0.27
  133 L    -4  -6  -7  -7  -5  -5  -5  -7  -2   2   4  -6   2   4  -7  -6  -3   1   3   0    1   0   0   0   0   0   0   0   1  11  44   0   5  19   0   0   2   2  10   5  1.04 0.52
  134 I     0  -5  -4  -2   4  -5  -5  -4  -5   4   3  -5   3   2  -5  -3  -1  -4   0   1    8   0   1   2   8   0   0   1   0  22  24   0   7   7   0   1   4   0   3  10  0.57 0.34
  135 I     2  -5  -5  -6   1  -5  -5  -1  -5   3   1  -5   0   2  -4  -2  -1  -1  -3   4   17   0   0   0   3   0   0   5   0  19  13   0   1   9   0   3   2   1   0  26  0.58 0.36
  136 G     1  -5  -3  -5   2  -5  -5   4  -5  -2   2  -5   0   3  -5   0  -1   1  -2  -1   10   0   1   0   5   0   0  32   0   1  19   0   2  11   0   9   3   2   1   4  0.57 0.38
  137 R    -3   8  -4  -5  -8  -1  -5  -6  -4  -5  -6  -1  -4  -3  -7  -5  -5  -1  -4  -5    2  85   0   0   0   3   0   1   0   1   0   2   0   1   0   1   0   1   1   1  2.43 1.03
  138 L     0  -6  -6  -6   0  -5  -6  -1  -5   3   1  -6   0   6  -6  -3   0   0  -2   2   10   0   0   0   2   0   0   5   0  15  13   0   2  32   0   1   5   1   0  15  0.79 0.44
  139 F    -3  -6  -7  -7  -1  -6  -6  -3  -6   4   4  -6   1   4  -5  -4  -3   1  -3   2    2   0   0   0   1   0   0   2   0  21  41   0   2  15   1   1   1   2   0  11  0.95 0.49
  140 L     1  -3   0  -3   1   3  -2  -2  -2   1   1  -3   1  -2  -4   0   1  -2   0   1   13   0   4   1   4  17   1   3   1   8  14   0   3   1   0   7   8   1   3  12  0.24 0.26
  141 G    -1  -7  -4  -6  -4  -4  -6   7  -7  -9  -9  -5  -8  -8  -7  -3  -6  -8  -4  -5    5   0   1   0   0   1   0  89   0   0   0   0   0   0   0   2   0   0   1   1  2.41 0.98
  142 F    -1  -5  -6  -6   0  -5  -5  -5  -5   4   2  -5   3   4  -5  -3  -2  -1  -1   2    6   0   0   0   2   0   0   1   0  21  21   0   8  20   0   2   2   1   1  14  0.74 0.40
  143 G     2  -5  -3  -4   1  -4  -5   5  -5  -3  -3  -4  -2   2  -2   1  -1  -1  -2  -1   17   0   1   1   3   0   0  42   0   2   3   0   1  10   2  10   3   1   1   4  0.73 0.43
  144 V     1  -2  -1  -2   2   0   0   1   0   1   0  -1   0  -1  -3   0   0  -1  -1   1   10   1   3   1   5   4   8  10   2  11   9   2   2   2   1   8   3   1   2  14  0.06 0.10
  145 G     2  -5  -4  -5   1  -5  -4   6  -2  -4  -6  -3  -2  -5  -4   2  -3  -6  -6  -3   18   0   0   0   3   0   0  53   1   1   0   1   1   0   1  17   1   0   0   2  1.21 0.61
  146 F     1  -4  -2  -4   1  -3  -4   3  -4   1   0  -4   1   1   0   0   0  -1  -3   1   14   0   2   0   3   1   0  26   0   7  11   0   4   7   4   7   4   1   1   9  0.30 0.24
  147 G     1  -3  -1  -1   1  -2  -1  -1  -2   2   1  -3   1   2   0  -1   0  -3   0   1   14   0   2   3   3   1   4   5   1  14  11   0   3  10   5   5   5   0   3  10  0.12 0.14
  148 N    -1  -2  -1  -2  -1  -2  -2  -2  -1   0   1  -3   3   1  -1   2   0   4   3  -1    4   1   3   1   1   2   1   3   1   6  11   1   7   5   3  21   6   7  12   4  0.27 0.25
  149 Q     1  -3  -1  -4  -1  -1  -3   0  -2   0   0  -3   1  -2   4   1   1  -4   0   1   10   1   3   0   1   3   0   7   1   4  11   0   3   1  20  10   8   0   4  12  0.30 0.25
  150 A     1  -4   0  -4   1  -2  -3   0  -3   2   1  -3   0  -1  -2   0   1  -4  -2   2   12   0   6   0   2   2   1   7   0  14  16   0   2   2   1   7   7   0   1  18  0.24 0.21
  151 V     2  -3  -1  -3   3  -2  -3   1  -5   0  -1  -3  -1  -2  -3   2   2  -2  -3   3   19   1   3   1   6   2   1  11   0   4   4   1   1   1   1  14  11   1   0  20  0.35 0.30
  152 P     1  -1  -1  -3   0  -1  -2   0   1  -2  -1  -3   1   1   4   0   0  -2   1  -1   13   3   3   1   2   3   2   7   3   2   7   1   4   7  22   7   6   1   5   4  0.29 0.24
  153 L     2  -2  -2  -4  -4  -3  -3   0  -3   2   1  -3   3  -3  -2   1   2  -1  -2   2   15   2   1   0   0   0   1   9   0  10  11   1   7   1   2   9  13   1   1  14  0.27 0.25
  154 F    -1  -4  -6  -6  -5  -4  -5  -5  -3   3   3  -5   2   1  -5  -2   0   0   6   0    4   1   0   0   0   0   1   1   0  17  23   0   5   5   0   4   5   1  27   6  0.82 0.47
  155 L     0  -3  -2  -5  -1  -2  -3  -3  -5   4   3  -3   2   0  -5  -3  -1   2  -3   2    9   1   2   0   1   2   1   2   0  25  24   1   4   3   0   2   4   2   1  15  0.50 0.32
  156 S     3  -1  -1  -1  -3  -2  -4   1  -4  -2  -1  -3   2  -3  -3   3   1  -6  -4   0   24   3   3   3   0   1   0   9   0   2   6   1   5   1   1  26  10   0   0   5  0.43 0.37
  157 E    -4   0  -2   4  -2   0   6  -5  -1  -4  -5   0  -4  -5  -6  -2  -3  -3  -2  -5    1   4   1  22   1   3  50   0   1   1   1   6   0   1   0   2   1   0   2   1  1.22 0.69
  158 I    -2  -3  -1  -4  -1  -4  -3  -5  -3   3   1  -4   3   2  -5  -1   0   6   1   1    3   1   3   1   1   0   2   0   1  19  14   1   7   8   0   4   6  12   5  11  0.55 0.35
  159 A     3  -4  -4  -5   2  -3  -4  -3  -4   1  -1  -4   0   3  -4   1   1   2   0   2   25   0   0   0   4   1   1   2   0   6   6   0   2  13   1  12   9   3   3  12  0.42 0.33
  160 P    -3  -1  -1   0  -5  -1  -2   0   0  -5  -4  -2  -6  -4   7   1   0  -7  -4  -4    2   4   3   5   0   3   3   8   2   0   2   2   0   1  49   9   6   0   1   1  1.13 0.64
  161 A     0   1  -2  -1  -5   0   0  -2  -1  -2  -1   2  -2  -4   4   0   1  -5  -4  -1    9   6   2   3   0   3   6   3   2   2   7  15   1   0  23   5   8   0   0   4  0.38 0.30
  162 Q     0   3   1   0  -2   1   2  -1   3  -4  -3   3  -2  -4  -3   1  -1  -1  -3  -4    6  15   6   4   1   5  13   5   8   1   3  15   1   0   1  10   4   1   0   1  0.34 0.27
  163 L    -2   1   0  -1  -4   2   2  -3   1   1   0   1   0  -1  -3  -1   0   3   2   0    3   8   5   3   0   9  12   1   4   7  10   9   2   2   0   3   5   4   7   6  0.15 0.17
  164 R    -3   8  -3  -6  -2   0  -4  -5  -2  -4  -3  -1  -3  -4  -6  -3  -4  -1  -2  -3    2  72   1   0   1   4   1   1   1   1   3   3   1   1   0   2   1   1   2   2  1.87 0.89
  165 G     2  -2  -2  -5  -5  -3  -4   5  -5  -3  -3  -2  -1  -3   0   0   0  -6  -2  -4   14   2   2   0   0   1   0  48   0   2   3   3   1   1   5   8   6   0   2   1  0.82 0.49
  166 G     1   2  -2  -3  -1  -1  -2  -1  -2   0   0   1   1   1  -3   0   1   1   0  -1   13  12   1   0   1   3   2   4   1   4  10  10   3   8   1   5  12   2   4   4  0.14 0.17
  167 L     2  -3  -4  -4  -1  -4  -5  -3  -2   1   3  -4   3   2  -4  -2  -2   3   1   2   21   1   1   1   1   0   0   1   1   6  25   0   7   9   1   2   3   3   5  12  0.46 0.34
  168 N     0  -4  -1  -5  -3  -2  -4   2  -4   2   1  -4   4   0  -5   0   1  -1  -1   2    7   1   3   0   0   2   0  17   0  10  16   0  11   4   0   6   8   1   2  13  0.33 0.28
  169 I     2  -4  -2  -4   0  -3  -4   2  -5   1  -2  -4   0  -2  -2   3   2  -2  -4   0   18   0   2   0   2   1   0  15   0   8   3   0   2   2   2  22  14   0   0   7  0.43 0.36
  170 V     0  -4  -4  -5   0  -3  -4  -1  -2   2   3  -4   2   3  -5  -2   0   1   1   2    8   1   1   0   2   1   0   5   1  11  28   0   4  11   0   3   6   2   4  12  0.39 0.28
  171 F    -1  -3   1  -4  -2  -2  -4  -2   0   1   0  -3   1   4   0   0   0   2   3   1    5   1   8   0   1   1   1   3   2   8   9   1   4  17   4   6   7   3  12   8  0.31 0.25
  172 Q     0  -3   1  -3  -1   4   0   2  -1  -2  -3  -3   1   2  -3   2   0  -3   0  -2    8   0   8   1   2  20   5  13   1   2   2   1   4   8   1  14   5   0   3   2  0.32 0.31
  173 L     1  -5  -3  -5   2  -4  -5  -1  -5   1   3  -4   3   1  -4   0   1   1  -1   1   12   0   1   0   4   0   0   5   0   8  29   0   6   6   0   8   8   2   2   8  0.38 0.29
  174 M     2  -5  -2  -5   2  -5  -5   2  -5   0  -1  -5   3   4  -1   0  -2   1  -3   0   17   0   1   0   5   0   0  18   0   5   5   0   9  18   4   8   2   2   0   7  0.49 0.37
  175 V     0  -3  -2  -5  -3   1  -4   0  -2   3  -1  -4   0   3  -1   0   1   5   2   1    6   1   2   0   0   6   1   7   1  18   4   0   3  11   4   7   7   8   6   8  0.33 0.28
  176 T     1  -3   1  -2   2  -1  -3   0  -4   0  -1  -3   0   0  -1   1   3  -3   0   2   11   0   7   1   4   3   0   8   0   4   5   0   2   4   3  11  18   0   4  13  0.20 0.23
  177 I     0  -5  -4  -5  -1  -5  -5  -1  -5   4   2  -5   0   3  -5  -1  -1   0  -3   3    7   0   0   0   1   0   0   5   0  22  20   0   2  11   0   6   4   1   0  18  0.56 0.36
  178 G     0  -7  -3  -7  -7  -7  -7   7  -7  -3  -7  -7  -8  -6  -6  -2  -4  -8  -8  -5    9   0   1   0   0   0   0  83   0   2   1   0   0   0   0   3   1   0   0   1  2.22 0.99
  179 I     0  -4  -2  -4  -2   2  -3   0  -2   3  -1  -3   1   1   3   0   0  -3  -1   0   10   0   2   0   1  10   1   6   1  18   6   0   3   6  14   7   7   0   2   6  0.28 0.27
  180 L     0  -5  -4  -5  -1  -4  -5  -2  -3   2   3  -5   3   3  -2  -2  -2   2  -2   3    9   0   1   0   1   0   0   4   1  10  26   0   8  12   2   4   2   2   1  18  0.50 0.33
  181 I     0  -5  -6  -6   0  -3  -6  -3  -6   4   4  -5   1   2  -5  -2  -2  -3  -2   3    6   0   0   0   2   1   0   2   0  20  35   0   3   7   0   3   3   0   1  17  0.70 0.41
  182 A     3  -5  -4  -5   0  -4  -4   5  -5  -2   0  -5  -1  -3  -3   1  -2  -6  -3  -2   27   0   1   0   2   0   1  40   0   2   9   0   1   1   1   9   3   0   1   3  0.83 0.50
  183 N     2  -2   0  -4  -3   0  -4   0  -4  -4  -2  -4  -3   0   5   0  -2  -2   4  -3   16   2   4   0   1   5   1   9   0   1   4   0   0   4  29   7   2   0  12   2  0.64 0.44
  184 I     0  -4  -3  -5   1  -3  -4   1  -3   3   2  -4   0   1  -1  -2  -2   0  -2   2    9   0   1   0   3   1   0  13   0  17  23   1   2   5   3   3   2   2   1  16  0.36 0.27
  185 V    -1  -5  -6  -6   0  -5  -6  -4  -6   4   3  -5   3   2  -3  -2  -1  -5  -2   3    5   0   0   0   2   0   0   1   0  25  23   0   6   8   2   3   3   0   1  20  0.72 0.41
  186 N     2  -3   2  -3  -2  -2  -4   5  -5  -2  -4  -4  -2  -4  -1   0  -1  -4  -3  -1   16   1   8   1   1   2   0  45   0   2   2   0   1   1   3   6   4   0   1   4  0.79 0.47
  187 Y     0  -3  -2  -4  -3  -2  -3   2   1  -1   1  -2   0   1  -3   1  -2   2   5  -2    8   1   2   1   1   1   1  17   3   3  16   2   2   6   1  10   2   2  18   2  0.35 0.27
  188 F     1  -2  -3  -2  -3  -3  -2   2  -2   1   1  -2   1   3  -1  -1  -2   1   1   0   13   3   1   2   0   1   2  15   1   7  14   2   3  16   3   4   1   2   5   6  0.22 0.19
  189 T     0  -4  -3  -3  -2  -3  -3  -1  -2   3   2  -3   1   2  -2   0   1  -2  -1   1    8   0   1   2   1   1   2   5   1  17  18   1   4  11   1   6   9   1   1  11  0.26 0.21
  190 A     1   0   0   0  -1  -1  -1   0   0   1   0  -1   0  -1   0   0   0  -1  -1   0   14   7   4   4   1   2   3   9   3   9   8   3   3   1   5   9   4   1   1   7  0.03 0.06
  191 T     0  -1   0   1  -2   0   0  -1   1   0   1   0   0  -1   0   0   0   1  -1  -1    7   2   5   9   1   5   6   3   4   4  18   7   2   3   5   8   5   3   1   5  0.05 0.07
  192 V     0  -1   0  -1  -2  -1  -2   0   0   1   1  -1   1   0  -1   0   0  -1   1   1    5   3   4   3   1   3   2   9   3   8  14   3   5   4   2   7   6   1   6  12  0.04 0.06
  193 H     0  -1   1   1  -2   1   1   0   1  -1  -1   0  -1   0   0   1   0   0   0  -1   10   3   8   6   1   6   7   7   3   2   5   4   1   6   5   9   6   1   4   6  0.05 0.06
  194 P     0   0   1   0  -2   0   0   1   2  -2  -1   0  -1  -1   1   1   0  -1   0  -1    9   4   7   6   1   3   6   9   5   2   6   5   2   2   7  12   6   1   4   3  0.09 0.08
  195 Y    -1  -2  -1   0  -2  -1  -1  -2   1   0   0  -1  -1   2  -2  -1   0   7   1   0    6   2   2   5   1   2   5   3   3   6  11   4   2   9   2   5   6  14   5   6  0.27 0.17
  196 G     0   0  -1  -1  -3   1  -2   4   2  -3  -2  -2  -1  -3  -1   1  -1   0  -2  -3    7   6   3   4   0   6   1  33   4   2   5   2   1   1   3  12   4   2   1   2  0.39 0.24
  197 W    -8  -5  -3  -8  -8  -5  -7  -5  -7  -8  -6  -8  -4   0  -6  -8  -7  13   1  -6    0   1   1   0   0   1   1   1   0   0   1   0   0   3   1   0   0  84   4   1  4.37 1.63
  198 R    -4   7  -3  -3  -2   1  -2  -5   2  -1  -4   0  -5  -4   1  -2  -4  -1  -3  -4    1  55   1   2   1   7   2   1   5   4   1   5   0   1   6   4   1   1   1   2  1.27 0.68
  199 I    -1  -5  -4  -6  -3  -5  -4  -3  -1   3   1  -5   1   1  -5   0   0   9   2   1    5   0   1   0   1   0   1   2   1  15  12   0   3   5   1   6   6  23   8  10  0.89 0.49
  200 A     0  -4  -3  -4   1  -2  -4  -2  -5   2   3  -5   3   0   2  -1   0  -2  -3   1    7   1   1   1   3   2   1   3   0   9  28   0   9   4  12   5   6   0   1   8  0.42 0.31
  201 L    -1  -7  -7  -7  -6   1  -4  -7  -3   0   2  -7   1   7  -6  -4  -4   2   1  -1    6   0   0   0   0   7   1   0   1   5  20   0   4  43   0   1   1   2   5   4  1.24 0.64
  202 G     0  -2  -3  -5  -2  -5  -5   2  -4   1   2  -5   0   2  -3  -3  -3   6   3   0    9   2   1   1   1   0   0  18   0   7  18   0   3   9   1   2   2  10  10   7  0.51 0.35
  203 G     1  -5  -5  -5  -1  -4  -5  -1  -3   4   3  -5   1   1  -5  -2   1  -2  -3   2   10   0   0   0   1   0   0   5   1  23  23   0   3   6   0   3   7   1   0  15  0.56 0.36
  204 A     1  -3   1  -2   1   0  -1   1  -2   1  -1  -3   2   0  -3   1   1  -4  -1   1   13   0   9   1   4   4   3  12   0  10   5   0   5   4   1   9   8   0   2   9  0.16 0.19
  205 G     2  -5  -3  -4   0  -4  -4   2  -5   2   0  -4   1   1  -3   2   0   0  -2   0   19   0   1   0   2   0   0  17   0  10  11   0   4   6   1  13   6   1   1   6  0.34 0.29
  206 I     1  -6  -6  -4   0  -5  -6  -2  -6   4   2  -5   1   0   1  -2  -2  -6  -5   3   13   0   0   1   2   0   0   3   0  22  19   0   3   5   7   2   2   0   0  20  0.60 0.39
  207 P    -3  -6  -4  -6  -2  -3  -5  -3  -6   2   2  -5   2   2   6  -2  -3   4  -4   0    2   0   1   0   1   1   0   2   0   9  17   0   5   8  37   3   1   5   0   6  0.97 0.57
  208 A     3  -5  -3  -5   4  -4  -5   3  -5   0  -3  -4  -1   0   0   1   0  -3  -4  -1   26   0   1   0   8   0   0  24   0   5   3   1   2   4   5  10   6   0   1   3  0.56 0.40
  209 V     1  -5  -5  -6   0  -5  -6   0  -6   3   3  -5  -1   3  -4  -2  -1  -3  -2   3   12   0   0   0   2   0   0   7   0  16  23   0   1  10   1   2   4   0   1  20  0.54 0.35
  210 I     0  -6  -5  -6   0  -5  -6  -3  -6   4   3  -6   1   3   0  -3  -2  -5  -2   2    8   0   0   0   2   0   0   3   0  22  26   0   3  12   4   2   2   0   1  14  0.67 0.40
  211 L     0  -5  -2  -5   2   1  -4  -2  -3   0   2  -4   3   4  -3  -1   0   2  -1   1    9   0   2   0   4   7   0   3   0   5  22   0   7  16   1   4   6   3   2   8  0.36 0.29
  212 L     1  -5  -5  -5   1  -5  -5  -2  -5   2   3  -5   2   4  -3  -1  -1   2   0   1   11   0   0   0   2   0   0   4   0  12  25   0   4  18   1   4   3   3   3   8  0.52 0.34
  213 F     0  -6  -6  -6  -3  -5  -6  -3  -5   4   3  -6   2   3  -2  -3  -2   1   1   2    7   0   0   0   0   0   0   2   0  20  29   0   4  11   2   2   2   2   5  13  0.67 0.40
  214 G     0  -4  -4  -4   2  -3  -5   2  -3   1   2  -4   0   1  -2  -1  -1   2   2   0    8   0   0   0   4   1   0  17   1   7  23   0   2   6   2   6   3   3   8   8  0.33 0.27
  215 S    -1   1  -4  -5   1  -3  -4  -1  -4   2   2  -3   4   1  -4   1  -1   4   1   0    5   9   0   0   3   0   0   5   0  12  19   1   9   6   1  10   3   6   4   7  0.35 0.28
  216 L    -3  -2  -5  -5   2  -3  -5  -5  -2   1   2  -3   1   5   0  -2  -2   6   1  -1    2   3   0   1   4   1   0   1   1   6  21   2   4  23   5   3   2  12   5   4  0.75 0.43
  217 L    -3  -1  -4  -6   1  -5  -5  -5  -4   0   2   0   0   7  -5  -4  -2   5   0   0    3   3   1   0   3   0   0   1   0   5  18   6   2  37   0   1   2   8   2   5  0.97 0.51
  218 I    -2  -4  -6  -6   2  -4  -6  -6  -5   3   4  -5   4   3  -6  -4  -2  -2  -2   2    3   1   0   0   4   0   0   0   0  16  34   1   9  10   0   1   2   1   1  15  0.83 0.44
  219 I    -3   0  -4  -3  -2  -2  -1  -5  -2  -2  -2  -1  -4  -1   7  -2  -3  -6  -2  -2    2   4   1   2   1   2   4   1   1   2   4   5   0   3  59   3   1   0   1   3  1.47 0.71
  220 E    -2  -4  -1   1  -6  -1   7  -5  -1  -6  -5  -1  -5  -4  -2  -2  -4  -5  -4  -5    4   1   2   8   0   2  67   1   1   1   1   3   0   1   2   3   1   0   1   1  1.57 0.76
  221 T    -2  -4  -2  -3  -3  -3  -2  -4  -2  -4  -3  -2  -4  -4  -2   6   5  -5  -4  -3    3   1   2   1   1   1   2   1   1   1   2   2   0   1   2  48  29   0   1   2  1.15 0.63
  222 P     1  -3  -3  -3  -3  -3  -3  -4  -2  -3  -2  -2  -4  -4   7  -2  -2  -4   0  -4   13   1   1   1   1   1   2   1   1   2   4   3   0   1  56   3   3   0   3   1  1.38 0.62
  223 T     0   6   0  -2  -3  -1  -1  -3   2  -3  -4   1  -3  -2  -2  -1  -1   0  -1  -2    8  46   5   2   1   3   3   2   4   1   2   6   1   2   2   4   4   1   2   3  0.79 0.41
  224 S    -3  -4  -4  -4  -3  -3  -4  -4  -4  -2  -2  -3  -3   3  -1   0  -1  10   4  -3    2   1   1   1   1   1   1   1   0   2   3   2   0  13   3   7   4  39  13   2  1.60 0.63
  225 L    -2  -2  -3  -3  -2  -2  -2  -4   1   0   5  -3   0   1  -3  -2  -2  -3   2  -1    3   2   1   2   1   2   2   2   3   3  56   2   2   5   1   3   2   0   6   3  0.71 0.36
  226 I     1  -2  -2  -3  -2  -1  -2  -2  -2   3   2  -2   0   0  -2  -1  -2  -2   0   3   11   2   2   1   1   2   3   2   1  19  18   2   2   5   2   5   2   1   2  19  0.25 0.17
  227 E     0   0   0  -1  -2   0   0  -1   0   0   1   1   1  -2  -1   1   1  -3  -2  -1    9   5   5   2   0   4   7   4   2   5  13   8   4   1   2  15   7   0   1   4  0.07 0.09
  228 R    -1   3   0  -1  -2   2   0  -2   2  -1  -2   3  -1  -3  -2   0   0  -2  -1   0    3  15   4   3   1  11   4   2   6   3   4  20   1   1   2   6   5   0   2   8  0.28 0.20
  229 N    -2   0   2   0  -3  -1  -1   5   0  -3  -3   0  -2  -3  -2  -1  -1  -2  -3  -3    3   5  11   6   0   3   3  39   2   2   3   7   1   1   2   4   3   1   1   2  0.53 0.28
  230 K    -2   4   0   0  -4   2   0  -2   2  -3  -1   3  -2  -2  -3  -2  -2  -3  -1  -3    3  26   4   6   0   7   6   3   5   1   6  20   1   1   1   3   2   0   2   2  0.47 0.28
  231 N     0   0   0   1  -2   0   1  -1   1   0   0   0   0   0   1   0   0   0   0   0    6   7   5   9   0   2   9   3   4   7   8   6   2   3   5   3   6   2   3   8  0.03 0.04
  232 E     0   0  -1   2  -3   1   4  -2  -1  -2  -2   2  -2  -3  -1   0  -1  -2  -2  -1    7   4   3  11   0   5  27   3   1   2   5  11   1   1   3   7   4   1   2   4  0.31 0.22
  233 E     0   2  -1   0  -1   1   5  -3  -2  -2  -2   2  -1  -4   0  -1  -2  -2  -1  -2    6   9   2   5   1   6  34   2   1   2   4  11   1   1   4   4   2   1   2   2  0.46 0.30
  234 G     5  -1  -2  -3   1  -2  -2   0  -3  -2  -1  -1  -2  -1  -2  -1   0   0  -1  -1   46   3   2   2   2   1   3   8   0   2   7   4   1   3   1   4   5   1   2   4  0.49 0.31
  235 K     0   3  -2  -1  -2   1   1  -1   0   0   0   2   1  -2  -2  -1  -1   0  -2  -1    6  16   1   2   1   6  12   4   2   6  12  13   3   1   2   4   3   2   1   4  0.15 0.14
  236 E     1   2  -1   0  -2   1   1  -2   0  -1  -2   3  -1  -3  -1   0   0  -3  -2  -1   10   9   3   4   1   6  11   3   2   3   4  23   2   1   2   5   5   0   1   5  0.22 0.17
  237 A     1  -1   0  -1  -2  -1   0  -2  -1   2  -1  -1   1  -2  -1   2   0  -1  -1   2   12   4   4   3   0   1   6   2   2  13   5   3   3   1   3  15   6   1   2  14  0.11 0.13
  238 L    -2  -2  -3  -3  -2  -2  -3  -4  -1   2   5  -3   3   0  -4  -2  -2  -2  -3   0    3   2   1   2   1   2   1   1   2  10  52   2   6   3   1   3   3   1   1   5  0.68 0.35
  239 R     0   3  -1  -1   0   3   1  -2   1  -1  -2   2  -1  -2  -1   0  -1  -1  -2  -2   10  15   2   4   3  12   8   3   3   3   4  13   1   1   3   8   3   1   1   2  0.20 0.17
  240 K    -2   4  -1  -2  -3   0  -1  -3   0  -1  -2   4  -2   0  -2   0   0   4   0  -2    2  22   3   2   1   4   2   2   2   3   3  25   1   4   2   7   5   5   3   3  0.47 0.29
  241 I     0  -3  -2  -3  -2  -2  -3  -3  -3   3   3  -2   2   0  -3  -2  -1  -2  -1   1    6   1   2   1   1   2   2   2   1  20  31   2   5   4   1   4   4   1   2  11  0.39 0.23
  242 R     1   4   1  -1  -2  -1  -1  -2   1  -3  -2   0  -1  -1  -1   0   0   2   0  -2   14  25   8   3   1   2   4   2   3   1   5   5   1   3   2   7   6   3   3   2  0.29 0.22
  243 G     0   0   0   0  -3   0   0   4  -2  -3  -3   1  -1  -3   0  -1  -2   0  -3  -2    6   6   5   5   1   4   6  36   1   2   2   9   2   1   5   4   2   2   1   3  0.42 0.26
  244 V     0   0   1   0  -2   0   0   0  -1   0   0   1   1  -1   0   0   1   1  -1   0    6   5   7   3   0   3   7   6   2   6   7   9   4   3   4   6  10   3   1   8  0.04 0.05
  245 D     0  -1   3   2  -3   0   2  -1   1  -3  -2   1  -2  -3   0   0   0  -2  -1  -2    7   3  16   9   1   3  15   5   4   1   4   8   1   1   5   7   5   1   2   2  0.22 0.18
  246 D    -1   1   0   4  -2   0   1   0   0  -2  -2   0  -2  -3   0   0  -1  -4  -1  -1    4   9   4  22   1   4  10   8   3   2   4   6   1   1   5   5   2   0   3   5  0.22 0.18
  247 I     0  -2  -1  -2  -1  -2  -2   0  -3   3   1   0  -1  -2  -1  -2   1  -4   0   3    8   2   2   2   1   1   2   8   0  16  11   6   1   1   3   1   8   0   3  23  0.22 0.19
  248 N     0   0   0   2  -3   1   1  -1   1  -1  -1   0  -2  -2  -1   1   1  -1   0   0    6   5   5  12   0   5  11   4   5   3   5   5   1   2   2  11   9   1   3   7  0.10 0.11
  249 D     1   0  -1   1  -3   0   2  -2  -1   0  -1   0   0  -2   1   0   0   0  -2   0   13   5   3   9   0   4  15   3   1   5   5   6   3   2   6   5   7   1   1   5  0.11 0.12
  250 E     0  -1  -2   1  -2  -1   5  -4  -3  -2  -3  -1  -1  -3   0   0  -2  -3  -2  -4    9   4   2   7   1   2  42   1   1   3   3   4   1   1   5   7   3   0   2   1  0.66 0.43
  251 Y     0  -2  -1  -2  -2  -1  -1   0  -1   1   2  -1   1   1  -1  -1   0  -2   1   1    8   2   2   2   0   3   5   6   2  11  19   3   3   6   3   4   6   0   5   8  0.07 0.08
  252 E     0   0   1   1  -2   2   3   1   0  -2  -2   1  -2  -2  -1   0   0  -4  -2  -1    9   3   8   7   1   8  17   9   2   2   4   7   1   1   2   6   6   0   1   4  0.17 0.16
  253 S     0   0   0   1  -2   1   3  -1  -1  -2  -1   0  -1  -1   0   0   1  -2  -2  -1    7   5   3   8   1   5  21   5   1   2   7   6   2   3   4   6   8   1   1   4  0.15 0.16
  254 I    -1  -3  -1  -2  -1  -2   0  -3  -2   4   2  -1   2  -1  -3   0  -1  -2  -2   1    5   1   2   2   1   2   7   2   1  22  23   3   6   2   1   7   4   1   1   7  0.29 0.21
  255 V     0   1  -1  -1  -1   1   0  -2  -2   1   0   2   1  -2  -1   0   0  -2  -2   1    7   8   2   3   2   7   7   3   1   7   7  12   4   2   3   6   6   1   1  10  0.10 0.10
  256 H     2   1  -1   1  -5   1   2  -2   1  -1  -1   1   1  -3  -1   1  -1  -2   0  -2   15   8   3   7   0   5  12   3   4   3   7   7   3   1   3   9   4   1   3   3  0.15 0.15
  257 A     2  -1   0   0  -3   0   2   0  -1  -3  -1   0  -1  -3   0   2   0  -6  -1  -1   16   3   4   5   1   4  12   7   1   2   6   5   2   1   4  14   6   0   2   5  0.16 0.18
  258 C     0   0  -1   0   0   0   0  -2   1   0   0   0   1  -1   0   0   0  -1  -1   1    7   5   3   4   2   5   6   3   3   6  11   6   4   3   5   8   5   1   2  10  0.03 0.04
  259 D    -1   0   1   1  -3   1   3  -1  -1  -1  -1   1   0  -1  -1   0   0  -6  -4  -2    6   4   6   8   1   7  20   5   2   3   6   8   2   2   4   7   5   0   1   3  0.22 0.21
  260 I     1   0  -1   0  -5   0   1  -2   0   0   0   1   0   0   0   0   0  -5  -2   1   12   5   2   4   0   4   9   3   2   5  11   8   3   4   6   7   6   0   1   8  0.07 0.09
  261 A     2  -1  -4  -1  -4  -1   3   0  -1  -3  -1   1   0  -3   0   2   0   1  -4  -2   15   4   1   3   0   3  15   7   2   2   6   9   3   2   5  12   5   2   1   4  0.23 0.23
  262 S     0   1   0   0  -2   1   2   0   1  -2  -2   2  -1  -2   0   1   0  -6   0  -2    7   7   4   5   1   6  11   6   3   3   5  11   2   2   4  12   6   0   3   3  0.13 0.14
  263 Q     1   1   0   0  -1   3   1  -2  -1  -1  -1   2   0  -1   0   0  -1  -6  -3  -1   10   7   4   5   1  10   9   4   2   4   6  12   2   2   5   8   4   0   1   4  0.14 0.15
  264 V     0  -1  -1  -1  -2   1   0   0   0   0   0   1   0   1   1   0   0   1  -1   0    8   3   3   4   1   6   6   6   2   6  10   8   2   6   6   8   6   2   2   7  0.03 0.03
  265 K    -1   3  -1  -3  -2   2   0   0  -2  -2  -3   4  -3  -4  -2   1  -1   1  -2  -3    5  12   3   1   1   9   7   8   1   3   3  22   1   1   2  10   4   2   2   2  0.40 0.31
  266 D     0   0   2   0  -3   0   0   1   3  -2  -3  -2  -3   0   1   1  -1  -6   0   0    8   5   9   6   1   4   6  11   6   2   3   3   1   5   7   9   5   0   3   7  0.14 0.14
  267 P    -1  -1   0  -1  -3  -2  -3   0   0  -1  -1  -1  -4  -1   3   3   2  -3  -2  -1    6   4   5   4   1   2   2   7   2   3   6   4   0   3  13  21  10   0   1   5  0.28 0.27
  268 Y    -1  -4  -4  -5  -2  -3  -5  -4  -8   2   1  -1   1   5  -3  -2  -3   8   2   0    5   1   1   1   1   1   1   2   0  11  13   4   3  20   2   3   2  16   6   6  0.92 0.51
  269 R     0   3  -3  -3  -3  -1   0  -1   0  -1   1   2   0   0  -2   1  -1   4  -1  -2    7  12   1   1   1   3   5   6   2   4  13  12   2   3   2  10   4   5   2   4  0.20 0.18
  270 K    -2   0   0   3  -2   1   2  -3  -1  -2   1   0   0  -3  -4   1  -2  -7   0  -3    4   6   4  17   1   7  14   2   2   3  12   6   3   1   1   9   3   0   3   2  0.30 0.25
  271 L    -2  -6  -6  -5   0  -3  -4  -6  -4   2   5  -4   1   3   0  -4  -4  -1  -3   0    4   1   1   1   2   2   2   1   1  10  45   1   3  11   5   2   1   1   1   7  0.90 0.50
  272 L    -2   0  -6  -6  -1  -1  -5  -3  -3  -1   3  -2   0   6  -6  -1  -4  -2  -4   0    3   5   1   1   1   3   1   3   1   4  25   3   2  32   1   5   1   1   1   7  0.94 0.51
  273 K    -1   4   0   0  -6   1   0  -2   0  -2  -3   3   0  -3  -3   0   1  -2  -2  -2    6  18   4   6   0   6   6   4   2   2   3  18   2   1   1   8   7   1   2   3  0.34 0.28
  274 P    -1   3  -1   0   0  -1  -1  -1  -2  -1   0   1   0  -2   3   0   0  -5  -1  -2    4  14   3   5   2   2   4   5   1   3   9   9   3   2  14   9   7   0   2   3  0.19 0.20
  275 A    -1   2   0  -2  -2  -1  -1  -1   0  -1   0   1   0   2   0   0   0   2   0   0    5  12   5   2   1   2   3   6   3   4   7   8   3  10   5   9   4   3   3   5  0.08 0.11
  276 S    -2  -1   1  -3  -1  -2  -3  -3   1   1   1  -1   2   2  -1  -1  -1   1   4   1    3   4   8   1   1   1   2   2   4   7  13   3   6   9   4   4   4   1  13  10  0.23 0.20
  277 R    -1   4  -1  -2  -3  -2  -3  -2   0  -1   1  -1   1   1  -3  -2   1   2   0   0    5  23   4   2   0   1   1   3   2   4  16   4   3   6   2   2   9   3   4   6  0.30 0.27
  278 P    -2   4  -3  -4  -4   1  -1  -2   1  -3  -2   2  -2   0   3  -1  -3   5   2  -2    3  20   1   1   0   5   4   4   3   1   4  11   1   4  12   5   2   8   6   4  0.47 0.37
  279 P     0   3   0  -3  -5   2  -3  -3   2   0  -1   0  -1  -2   4  -1  -2   1  -1   0    9  16   4   1   0   8   2   2   5   5   5   5   2   1  18   4   3   2   2   6  0.35 0.31
  280 F    -2  -1  -3  -5  -3  -3  -6  -4  -1   4   3  -4   2   1  -3  -3   2  -3  -1   2    3   3   1   1   0   1   0   1   2  18  30   1   4   6   2   2  11   0   2  11  0.56 0.37
  281 I    -2   0  -5  -5   1  -4  -5  -4  -3   4   2  -3   0   3  -6  -1   1   2  -1   2    4   5   0   1   2   1   0   2   1  19  18   1   2  13   0   5   8   3   2  14  0.49 0.33
  282 I    -1  -2  -3  -5  -1  -3  -5  -3  -4   4   2   0   4   1  -6  -1  -1   2  -2   2    5   2   1   1   1   1   0   3   0  22  16   6   9   5   0   4   4   2   1  15  0.49 0.33
  283 G     2  -2  -1  -4   3  -4  -5   4  -1   0   0  -3  -1  -1  -4   0   0  -6  -3  -1   17   2   3   1   7   1   0  29   2   4   9   1   2   3   1   8   5   0   1   5  0.46 0.35
  284 M    -1  -3  -2  -5   3  -4  -5  -2  -3   3   2  -5   3   1  -6  -1   2  -2   0   2    4   1   2   1   5   0   1   4   1  17  16   0   6   6   0   5  15   0   3  12  0.44 0.32
  285 L     1  -5  -3  -4   1  -4  -5   2  -2  -1   2  -4   4   2  -5   0   1  -1  -1   2   10   0   1   1   3   1   0  14   1   3  17   1   9   9   0   8   8   1   2  12  0.35 0.30
  286 L    -1  -6  -6  -7   2  -6  -4  -2  -6   4   4  -6   2  -1  -4  -3   0  -6   0   1    6   0   0   0   4   0   1   3   0  18  37   0   5   3   1   2   6   0   3  10  0.73 0.46
  287 Q     0  -2  -3  -5  -1   3  -4  -3   0   1   1  -5   5   0   1  -1  -2   4   2   1    7   2   1   0   1  11   1   2   2   6  14   0  13   4   6   5   2   6   7   9  0.42 0.36
  288 L     0  -4  -3  -5   0  -4  -4  -2  -5   1   1  -5   3   5  -5   1  -1   6   0   1    9   1   1   1   2   1   1   4   0   8  12   0   6  19   1   9   3  11   3   8  0.59 0.39
  289 F     0  -4  -5  -6   0  -4  -4  -1  -5  -1   2  -4   1   6  -5  -1  -1   5   0  -1    7   1   0   0   2   1   1   6   0   3  16   1   4  31   1   6   5   7   3   5  0.76 0.45
  290 Q    -1  -2  -1  -2   0   5  -2  -1  -3  -1   1  -2   1  -1  -3  -2   1   1   1   1    4   2   3   2   2  25   2   4   0   4  12   2   4   3   2   3   8   2   4  11  0.36 0.29
  291 Q    -2  -1   1   0   1   6  -2  -2  -1   1  -2  -2  -1  -2  -3  -1  -1   6  -2  -2    4   3   7   5   3  30   3   3   1   9   4   2   2   2   1   5   4   9   2   3  0.61 0.38
  292 F    -2  -3  -3  -3  -3  -3  -3  -2  -3   0   3  -3   0   5  -4   0   0   2   1   0    3   1   1   2   1   1   2   3   0   5  26   2   2  25   1   6   7   2   4   5  0.55 0.31
  293 T     0  -3  -2  -3   3  -3  -3  -1  -2   1  -1  -3   0  -1  -2   3   4   2  -2   0    6   1   2   2   5   1   2   5   1   7   6   1   2   2   2  20  24   3   1   7  0.41 0.29
  294 G     0  -3  -2  -3  -1  -2  -3   6  -2  -1  -2  -3  -2   1  -1  -2  -1  -3  -3  -1    7   1   2   2   1   2   2  49   1   4   5   1   1   6   3   3   4   0   1   5  0.80 0.40
  295 I    -1  -4  -1  -2   0  -1  -3  -4  -1   4   1  -4   1   1  -2  -1   0   1   2   2    6   1   4   2   2   3   1   1   1  25  11   1   4   5   2   4   5   2   6  13  0.35 0.23
  296 N    -1  -3   5  -1  -2  -4  -3  -1  -4  -2   0  -4  -2   1  -1   1   1  -2   2  -2    5   1  29   3   1   1   2   5   0   2   9   1   1   5   3  10  10   0   8   3  0.51 0.37
  297 A     3  -4  -2  -1  -3  -2  -4   1  -4   0  -1  -4   0   1  -2   2   0   0   3   0   22   0   2   3   1   1   1  10   0   6   5   0   3   6   2  15   5   1   9   7  0.30 0.27
  298 I    -3  -3  -4  -5  -2  -6  -6  -4  -3   5   2  -6   1   4  -3  -4  -3  -5   1   3    2   1   1   1   1   0   0   2   1  25  15   0   3  16   1   2   1   0   5  21  0.81 0.45
  299 M     0  -5   0  -5  -3  -3  -5  -2   0   1   2  -4   4   3  -2   1   1  -2   3   0    9   0   4   0   0   1   0   4   2   6  17   0  10  11   3   9   7   1   9   7  0.32 0.28
  300 F    -2  -6  -1  -6   0  -4  -5  -4  -3  -2  -2  -6  -3   6  -5  -1   0  -2   7  -2    4   0   4   0   2   1   1   2   0   2   5   0   1  25   1   5   6   0  39   3  1.40 0.75
  301 Y    -4  -6  -7  -7  -7  -2  -5  -1  -5  -4  -3  -4  -2   3  -7  -3  -2   6   9  -3    2   0   0   0   0   2   1   5   0   1   3   1   1  11   0   2   3   9  55   2  1.97 0.98
  302 A     2  -5  -4  -4  -3  -2  -3   3  -5  -1   1  -5   2  -1  -1   3   1  -5  -3  -2   17   0   1   1   0   1   1  21   0   4  12   0   4   2   3  21   7   0   1   3  0.46 0.39
  303 P     0  -3  -2  -2  -5   1  -2  -2  -5  -1   0  -1  -1   0   5   0   2  -5  -2   0    7   2   2   3   0   5   3   3   0   4  10   4   1   4  27   6  11   0   1   6  0.43 0.34
  304 V    -1  -1   0  -2  -4   0  -1  -2  -1   0   1  -1   1  -1  -2   1   2  -1   2   2    4   2   5   2   0   4   4   2   2   6  14   4   3   2   2  10  14   1   6  14  0.15 0.18
  305 L    -2  -2  -3  -4  -5  -2  -3  -6  -1   5   3  -6   3   1  -3  -2  -2   0   1   2    4   2   1   1   0   2   2   0   2  26  24   0   6   5   1   3   2   2   5  11  0.61 0.38
  306 F    -3  -4  -4  -3  -2  -2  -4  -3  -2   0   3  -4   3   6  -2  -2  -2   1   1   0    2   1   1   2   1   2   1   3   1   6  22   1   7  30   2   3   3   2   4   5  0.73 0.44
  307 Q    -1   1   1   1  -5   3   2   0  -1  -1  -2   1   1  -2  -3   0  -1  -5  -2  -3    5   8   7   6   0  15  12   8   1   3   4   8   4   2   1   8   3   0   2   2  0.25 0.25
  308 T     0  -1   2   0  -2   1   1   0   2  -2  -2   1  -1  -2  -2   1   1   0  -2  -1    7   2   9   6   1   5   9   8   5   2   4   9   2   1   2  12  10   2   2   4  0.13 0.16
  309 V     2  -2  -2  -2  -1  -1  -1  -2  -1   1   1  -1   2   0   0   0  -1  -1   1   2   17   2   2   3   1   2   3   3   1   8  14   3   5   4   4   6   3   1   5  13  0.13 0.14
  310 G    -2   0   1  -4  -8  -2  -4   6   2  -2  -3  -2  -7  -1  -4  -4  -4  -1   1  -5    3   5   7   1   0   2   1  55   4   3   3   3   0   3   1   1   1   1   4   1  1.16 0.68
  311 F    -2  -4  -2  -2  -5  -4  -4  -4   0   2   2  -3   1   5  -3  -2  -2   1   2   2    3   1   2   3   0   1   1   2   2  10  20   2   3  22   1   4   3   2   6  12  0.52 0.33
  312 G    -1   0   1   0  -2   1   0   2   1  -1  -1   0   0  -1   0   2   1  -1  -2  -1    4   4   7   6   1   5   4  14   3   4   5   4   3   3   6  14   7   1   1   4  0.10 0.13
  313 S     0   0   0   0  -1   0   0   1  -1   0   0   0   0  -1   1   1   0  -1  -1   0    6   4   4   4   1   2   6  12   1   5   7   5   3   2   8  13   6   1   1   8  0.06 0.07
  314 D    -1   0   2   3  -4   0   1   1  -1  -3  -2   0  -2  -3  -1   1   0  -4  -3  -1    3   4  11  15   0   4   8  11   1   1   5   7   1   1   3  12   6   0   1   4  0.22 0.21
  315 A     1  -1   1   1  -2   1   1  -1   0  -1  -1   0   0  -1  -2   1   0  -3  -2   0   13   3   8   7   1   7   8   4   2   4   8   7   2   3   1   9   6   0   1   7  0.07 0.09
  316 A     2  -2   0  -2  -3  -1  -2   0  -2   1  -1  -2  -1  -2   2   2   0  -2   0   1   17   1   4   2   0   2   2   8   1   8   6   2   1   2   9  16   5   1   3  11  0.16 0.19
  317 L     0  -2  -1  -2  -3   0  -2   1  -2   1   1  -2   1   3  -2  -1   0  -1   3   0    9   1   2   2   0   4   2  10   0   8  15   1   3  11   2   5   6   1  12   5  0.15 0.17
  318 L    -1  -2  -2  -3   0  -1  -1  -1  -2   2   3  -3   2   1  -2  -2  -1   2   2   1    4   2   1   1   2   2   4   5   1  12  30   1   6   4   1   2   3   3   9   8  0.25 0.22
  319 S     1  -2   1  -1  -1  -1  -1   0  -1   1   1  -2   1   0   0   0   0   0   0   0   13   1   7   3   1   3   2   6   1   8  13   1   5   5   4   8   7   1   2   7  0.04 0.08
  320 A     1  -3   1  -3   0   0  -2  -1   0   0   0  -3   2   2  -3   2   2  -4   0  -1    9   0   6   1   2   5   1   5   2   4  11   0   5   8   1  16  16   0   3   3  0.19 0.24
  321 V     1  -4  -4  -4  -1  -1  -4  -1  -4   3   2  -3   1   1  -3   0   0  -1  -1   2   12   0   0   0   1   2   0   4   0  19  19   1   3   7   1   9   5   1   1  13  0.28 0.25
  322 I     0  -4  -4  -5  -1  -3  -4   1  -4   4   2  -4   2   0   0  -2  -2  -1   0   2    7   0   0   0   1   1   0  11   0  27  16   0   5   4   5   3   2   1   3  14  0.41 0.31
  323 T     0  -3  -1  -3  -3  -1  -2  -2  -1   2   1  -2   0   2   2   0   2  -2   0   1    8   1   2   0   0   3   1   2   1  11  11   2   2  12   9   8  12   0   3  11  0.17 0.18
  324 G     1  -4  -1  -2  -1  -2  -3   4   1  -1  -2  -4   2  -2  -3   0  -1   0   1  -1   14   0   2   2   2   2   1  37   3   4   4   0   6   1   1   7   3   1   6   3  0.46 0.34
  325 S     2  -4  -4  -5   2  -4  -4   0  -5   3   2  -4   1   0  -4  -2  -1  -1  -2   3   20   0   0   0   4   0   0   8   0  16  20   0   4   4   0   3   2   1   1  18  0.43 0.33
  326 I     0  -4  -4  -3   0  -2  -4   1  -2   3   0  -4   2   1  -4  -1  -1   0  -3   4    6   0   0   1   2   2   0  14   1  14   9   0   4   6   0   4   4   1   0  31  0.41 0.32
  327 N     1  -2   3   0  -1   0   1   2  -2  -1  -1  -1   2  -2  -2   1   0  -4  -1  -1   10   1  16   3   1   3  12  14   0   3   4   3   8   1   1   8   5   0   2   4  0.19 0.21
  328 V     0  -4  -5  -4   0  -4  -3  -4  -4   3   2  -4   3   4  -3  -3   0  -1   0   3    8   0   0   1   2   0   2   1   0  14  16   0   7  17   1   1   6   1   2  20  0.47 0.33
  329 L     0  -3  -5  -5   0  -4  -4  -1  -2   2   2  -4   0   1   4  -2  -1  -4  -1   2    7   1   0   0   2   0   1   5   1  14  19   0   2   6  22   1   3   0   2  14  0.47 0.34
  330 A     2  -4  -3  -4   2  -3  -4   3  -4  -1  -1  -2   1   1  -2   1   0  -1  -2   0   21   0   0   0   4   1   0  24   0   4   6   2   4   7   2  12   5   1   1   5  0.36 0.32
  331 T     1  -2  -1  -3   3  -1  -3  -1  -1   0  -1  -1   0   0  -1   1   3  -4   2   0   10   1   2   1   6   2   0   4   1   6   5   4   2   3   2  13  22   0   7   8  0.22 0.25
  332 F    -1  -4  -5  -5   0  -3  -5  -3  -4   3   2  -4   1   4   1  -3  -1   3   1   1    4   1   0   0   2   1   0   2   0  17  22   1   3  21   7   1   3   4   3   9  0.53 0.35
  333 V    -1  -5  -5  -5   2  -3  -5  -2  -5   3   2  -3   0   2  -1  -2  -1  -4  -2   3    5   0   0   0   5   1   0   3   0  20  22   1   1   9   4   3   3   0   1  22  0.49 0.34
  334 G     3  -4  -1  -4   0  -4  -4   3  -4   0  -1  -4   0  -1  -2   2   1   1  -3  -1   22   0   2   0   2   0   0  23   0   5   5   0   3   3   2  15  11   2   1   4  0.40 0.35
  335 I     0  -3  -3  -3   0  -3  -4   2  -4   2   0  -4   2   0   0   0   0   2   0   1    9   0   1   1   2   0   0  19   0  12  10   0   6   3   5   5   7   3   3  12  0.23 0.23
  336 Y    -1  -2  -3  -4  -3   0  -4  -4  -2   1   2  -2   1   4   0  -3  -2   5   3   1    4   3   1   0   1   5   0   1   1   7  18   2   3  21   5   1   1   7   9   9  0.49 0.34
  337 L    -1  -4  -2  -3   0  -4  -4  -3  -1   2   4  -4   1   2  -4  -1   0   1  -1   1    4   1   2   1   2   0   1   2   1  11  40   1   3   8   0   5   7   2   1   9  0.48 0.34
  338 V     0  -4  -1  -4  -2  -3  -3  -2  -3   3   1  -4   3  -2  -3   1  -1  -1  -2   3    9   1   3   1   1   1   1   2   0  19  12   0   8   2   1  13   2   1   1  23  0.42 0.33
  339 D    -4  -1   1   7  -7  -1   2  -3  -2  -4  -5   0  -1  -5  -1   0  -3  -7  -3  -5    1   3   6  51   0   2  12   2   1   1   1   5   2   0   3   6   1   0   1   1  1.12 0.64
  340 R    -3   5  -2  -2  -3  -1  -3  -4   1  -1  -1   4  -3   0  -4  -2  -2   0   2  -2    2  32   2   2   1   2   1   1   4   4   6  22   1   4   1   2   2   1   8   3  0.65 0.44
  341 T     0  -3  -3  -4  -1  -3  -4  -3  -2   2   2  -2   1   4  -4  -2   0   3   2   1    8   1   1   1   1   1   1   2   1  11  19   2   3  19   1   3   5   5   8   9  0.43 0.29
  342 G    -2  -1   0  -3  -6   0  -2   6  -2  -4  -4  -1   0  -4  -1  -2  -3  -3  -1  -3    2   3   5   1   0   4   2  56   1   1   2   4   2   1   4   3   1   0   3   2  0.97 0.55
  343 R    -5   8  -3  -4  -7  -2  -1  -5  -1  -3  -5  -1  -2  -7  -1  -1  -1  -7  -3  -3    1  66   1   1   0   2   3   1   2   2   1   4   1   0   4   5   3   0   1   2  1.62 0.83
  344 R    -4   7  -2  -5  -6  -1  -4  -4  -1  -3  -2   4  -2  -1  -4  -3  -3  -3  -3  -4    1  53   2   0   0   3   0   1   2   2   4  21   1   3   1   2   1   0   1   1  1.37 0.73
  345 F    -1   0   0  -2  -2  -2  -2  -1  -2   0   0   2   0   0   3  -1   1   3   1  -1    5   4   4   2   1   1   1   5   0   5   8  12   3   4  15   3  10   4   5   5  0.19 0.19
  346 L    -1  -3  -4  -5   1  -4  -4  -2  -2   3   3  -3   1   1   1  -2  -1   1  -3   1    6   1   0   0   3   0   1   3   1  17  33   2   4   5   7   3   4   2   0   8  0.44 0.30
  347 L    -2  -2  -3  -4  -3   1  -3  -3   1   1   4  -2   2   2  -2  -1  -2   1   1  -1    3   2   1   1   1   6   1   2   4   7  40   2   4   7   2   4   3   2   4   3  0.42 0.30
  348 L     1  -3  -2  -4   0  -3  -2  -2  -4   3   3  -2   3   1  -3  -1  -1  -2  -1   0   13   1   2   0   2   1   2   2   0  16  29   2   8   5   1   4   4   0   2   5  0.35 0.26
  349 Q     0  -1  -2  -3   1  -1  -2   1  -1   2   1  -3   1   1  -3  -1   1   2  -1   1   10   3   2   0   3   2   3  12   1  15  11   0   3   5   1   3   8   3   2  12  0.15 0.15
  350 S    -1  -1  -1  -4  -2  -3  -4   5  -4  -3  -2  -3  -3   0  -1   3   0  -5  -2  -3    5   4   3   1   1   1   1  39   0   2   4   1   1   5   4  21   5   0   1   2  0.67 0.44
  351 S     1  -2  -1  -2   1   0  -2   1  -3   0   1  -2   2   2  -2   0   1  -3   0  -1   12   2   2   1   4   4   2  10   0   3  17   2   6  10   2   7   8   0   3   4  0.12 0.14
  352 V     1  -3  -3  -4  -1  -3  -2   0  -4   3   1  -3  -1   2   0  -1  -1  -2  -1   2   13   1   1   1   1   0   2   7   0  16  13   1   1   9   4   5   4   1   2  18  0.24 0.20
  353 H     0  -2  -2  -3  -1  -1  -2   3  -2   1   2  -2   1   0  -1  -1   0   1  -3   0    8   2   1   1   2   3   2  22   1   7  18   2   4   5   4   5   5   2   0   6  0.18 0.18
  354 M    -1  -2  -2  -4   0   1  -4  -1  -3   1   1  -3   7   1  -1   0   1  -2  -3  -1    5   2   2   1   2   6   1   5   1   6  11   1  31   6   3   6   8   0   1   3  0.61 0.43
  355 L     1  -2  -2  -4   2  -2  -2   0  -3   1   1  -3   2   1   0   0   1  -2  -2   0   14   2   1   0   5   1   1   9   0  10  14   1   5   6   5   7  10   1   1   7  0.16 0.17
  356 I     1  -3  -4  -5   2  -4  -4  -1  -5   4   1  -3   1   1  -2  -1  -1  -4  -2   2   14   1   0   0   4   0   1   6   0  26  14   2   3   5   2   4   4   0   1  14  0.42 0.30
  357 C     2  -4  -4  -5   6  -4  -3   1  -3  -3   0  -3  -1   2  -3   1   1   0  -2  -1   17   1   0   0  18   1   1  11   1   1  10   1   2   8   1  13   7   2   1   4  0.52 0.38
  358 Q     0  -3  -2  -5   3   0  -4   0  -4   0   3  -4   4   2  -3   0  -2   0   0  -1    9   1   2   0   6   4   1   9   0   4  26   1  13   8   1   9   2   1   3   2  0.36 0.32
  359 L    -1  -3  -5  -6  -2  -4  -5  -2  -5   3   3  -3   1   5  -5  -2  -1   0  -1   2    5   2   0   0   1   0   0   3   0  15  23   1   3  21   0   4   4   1   1  15  0.57 0.37
  360 I     0  -5  -5  -5   0  -4  -5  -1  -5   3   3  -4   1   1  -1  -2   0   1  -1   2    9   0   0   0   2   0   0   6   0  17  26   0   3   5   3   3   7   2   2  14  0.41 0.31
  361 I     0  -4  -4  -5   1  -3  -4  -3  -5   3   3  -4   3   2  -3  -2   0  -2   1   1    9   0   1   0   3   1   0   2   0  15  29   0   7   8   2   3   6   1   4   9  0.45 0.32
  362 G     2  -3  -2  -4   0  -2  -3   4  -3  -3  -1  -4  -2   1  -1   1   0  -3  -2  -2   17   1   2   0   2   1   2  36   0   1   6   0   1   6   3  10   7   0   1   2  0.53 0.38
  363 I     1  -3  -2  -4   1  -2  -4  -1  -3   3   1  -4   1   1  -2  -1   0   3  -2   2   14   1   3   0   3   1   0   6   1  17  15   0   3   7   2   4   5   4   1  13  0.25 0.22
  364 I     1  -3  -3  -4   3  -2  -3  -1  -2   1   1  -3   0   2   1   0   1  -3   0   1   10   1   0   0   7   2   1   6   1   9  12   1   2   9   8   8   8   0   3  13  0.19 0.19
  365 L    -1  -2  -2  -4   1  -2  -3   0  -1   2   2  -3   2   3  -2  -1   0   0   2   1    4   2   2   1   3   1   1   7   1  11  24   1   5  12   2   3   5   1   6   7  0.21 0.18
  366 A    -1   0   0   0   2   0   0  -1   2   0  -1   0   2   1   0  -1   0   4   1  -1    5   5   5   5   5   5   5   5   5   5   5   5   5   5   5   5   5   5   5   5  0.09 0.08
  367 K     0   0  -1  -2   1   1  -1  -1   2   0   0  -1   0   1   1   0  -1   3   1   0    8   5   3   3   3   6   3   6   5   5  10   4   2   7   6   7   4   4   4   6  0.06 0.06
  368 D     1  -1  -1   0   0   0   0  -1   1   0  -1   1   0  -1   0   0   0   4   0  -1   10   4   3   5   2   5   7   5   4   5   7  10   2   3   5   6   5   6   3   4  0.08 0.08
  369 L    -1  -2   0   1  -1  -1  -1  -1   0   1   1  -1   1   1  -1   0   0   1   0   1    5   2   5   7   1   3   3   4   3   8  16   3   3   6   3   6   6   2   2  11  0.07 0.06
  370 G    -1  -2   1  -2  -1   0  -2   3   2  -1  -2  -2  -1   1   0   1   1   3   0  -1    5   3   5   2   2   5   3  18   5   3   5   3   1   5   5   9   9   4   3   4  0.19 0.16
  371 V     0  -1  -1  -1  -1  -1  -1  -1   1   0   0   0   0   1   1  -1   1   3   0   1    6   3   3   4   1   3   3   4   4   5  11   5   3   5   6   5   7   4   4  12  0.06 0.06
  372 T     0  -1   1   0   0  -1  -1   0   1   0   0  -2   0   1   2   1   1   2   0  -1    6   3   8   5   2   3   4   6   3   5   8   2   2   5   9  10   7   2   3   5  0.06 0.07
  373 G     0  -2   1   0  -2   0  -2   3   0  -2  -1  -2  -2  -2   0   1  -1   3   0  -2    8   3   7   5   1   4   2  24   2   3   7   3   1   2   4  10   4   3   3   3  0.24 0.18
  374 T    -1  -1   0   1  -1  -1   0  -2  -1  -1   0   0  -1   0   1   1   3   3   1   0    4   4   4   7   2   3   6   3   1   3   8   5   1   5   7   9  15   4   4   6  0.12 0.12
  375 L    -1  -3  -2  -1  -2  -2  -3  -2  -1   2   2  -2   2   1  -2   0   1   1  -1   1    4   1   2   4   1   2   2   4   2  11  20   3   5   5   3   8   8   2   2   9  0.20 0.13
  376 G     0  -1   0   0  -1   1  -1   1   1  -1  -1  -1   0  -1   2   1   0   0   0  -1    8   2   5   4   1   6   3  11   3   4   7   4   2   3  11  11   5   2   3   5  0.09 0.11
  377 R     0   0   0   0  -3   0   0  -1   2   0  -1   1   0  -1   0   1   0   3   0   0    7   4   5   4   0   3   5   4   6   5   6  10   3   3   4  10   7   4   3   6  0.06 0.09
  378 P     0  -1   0   0  -1   0  -1   1   1  -1   0  -1   0   0   1   0  -1   3   1   0   10   3   4   5   2   3   4  10   4   4  10   3   2   4   7   7   2   5   5   6  0.05 0.07
  379 Q     1   0  -1  -1  -1   0  -2   0   0   0   0  -1   2   0   0   0   0   3   1   0   13   4   3   3   1   4   0   6   3   4  11   4   6   3   4   8   7   4   5   6  0.06 0.10
  380 A     1  -2   0  -2  -4  -1  -2   2   0  -1  -1  -1   0  -2   1   1   0   3  -2  -1   13   2   5   2   0   3   2  18   2   4   5   3   3   2   8  11   6   5   2   5  0.20 0.21
  381 L    -1   0   0   0   2   0  -2  -1   2   0  -1   0   1   1   0   0   0   3   1   0    5   5   5   5   5   5   0   5   5   5   5   5   5   5   5   5   5   5   5   5  0.06 0.11
  382 V     0  -1  -1  -3   2  -1  -1  -1   0   1   1  -1   1   1  -1  -1   0   3   1   1    7   3   3   0   4   3   3   6   3   8  14   3   3   6   3   4   7   4   4  11  0.06 0.10
  383 V     1  -1  -1  -4   1  -3  -3  -1  -3   2   1  -1   2   0   0   1   0   2   0   1   11   4   3   0   4   0   0   4   0  11  11   3   6   4   4  12   5   3   3  11  0.14 0.18
  384 V     0  -2  -2  -4  -1  -2  -4  -1  -1   3   2  -2   1   1  -2  -1   0  -4  -1   2    7   2   2   0   1   1   0   5   1  21  18   2   4   7   1   4   6   0   2  13  0.24 0.22
  385 I     1  -4  -1  -4   0  -2  -3  -1  -1   2   0  -3   1   1  -1   0   1  -4   1   2   12   0   3   0   2   2   0   6   1  14  10   0   3   6   3   6  10   0   5  18  0.20 0.22
  386 F     0  -4  -2  -2   2  -3  -2   2  -1   0   0  -3   2   4  -2   0   0   1   0   0    9   0   1   2   5   0   2  15   2   5   8   1   6  19   1   8   5   2   2   8  0.23 0.24
  387 V     1  -3  -1  -4  -1  -2  -2  -2  -3   2   1  -1   1   2  -2   0   0  -3   0   2   13   0   3   0   1   2   2   3   0  14  16   3   3  10   1   5   7   0   2  13  0.18 0.19
  388 C     1  -3  -2  -4   6  -2  -2   0  -4   0   1  -4   1   2  -3  -1  -1   0   1   1   11   1   2   0  16   2   2   8   0   6  14   0   4   8   1   5   4   1   5  10  0.30 0.26
  389 V    -1  -4  -1  -4   1  -3  -3   0  -4   2   2  -3   1   2  -3  -2   0  -1  -1   2    6   0   3   0   3   1   1   8   0  12  23   1   4  10   1   3   5   1   2  17  0.31 0.25
  390 Y    -2  -3  -2  -4  -1  -3  -4   1  -2   0   0  -4   1   6  -3  -1  -2   1   4  -1    3   1   2   1   1   1   1  12   1   5   7   1   3  29   1   6   2   2  15   4  0.60 0.40
  391 V     0  -1  -2  -3   0  -2  -2   0  -2   2   1  -1   1   1  -2   0   1  -1  -2   2    5   4   2   0   2   2   2   9   1  14  11   3   3   6   1   5  11   1   1  18  0.15 0.16
  392 M     2  -3  -1  -4   1  -1  -3   1  -3  -1   0  -2   2   2  -2   1  -1  -1  -2   1   20   1   3   0   3   2   0  11   0   3  11   2   5  11   2  12   3   1   1   8  0.21 0.23
  393 G     1  -3   0  -2   2  -2  -3   3  -4  -1  -1  -3  -1   4  -4   1   0  -1  -1  -1   10   1   5   2   5   1   1  25   0   4   5   1   2  18   0   9   5   1   1   4  0.37 0.30
  394 F    -2  -3  -2  -5  -1  -3  -4  -3   1   1   0  -5   0   7  -5  -1  -3   0   3  -1    4   1   2   0   2   1   1   3   3   9   9   0   2  41   0   5   1   1   8   4  0.87 0.49
  395 A     3  -3   0  -2   2  -1   0   0  -3  -1  -1  -3   0  -1  -2   2   1  -1  -1  -2   26   1   4   2   4   3   5   8   0   3   5   1   2   3   1  19   8   1   2   2  0.28 0.27
  396 W     0  -2  -1  -2   0   0  -2  -1  -1   2   0  -1   2   2   0   0   0   2   0   0    8   1   3   2   2   5   2   4   1  14  10   2   7   9   5   7   5   3   3   7  0.09 0.11
  397 S     1  -3  -2  -3   0  -2  -4   4  -4  -2  -3  -2  -1  -2  -4   3   2  -4  -2  -2   12   1   1   1   2   1   1  33   0   3   2   2   2   2   1  22  10   0   1   3  0.58 0.41
  398 W     0  -2  -2  -3  -1  -1  -3  -1  -3   1   0  -3   2   2   3  -1  -2   6   2  -1   10   2   2   1   1   2   2   5   0   7  10   1   5   9  13   5   2  13   6   5  0.37 0.27
  399 G     1  -2   3  -2   0   0  -1   4  -2  -3  -2  -3  -3   2  -2   0  -1  -2  -1  -2   10   1  12   1   2   4   3  31   1   1   4   1   0   8   2   8   3   1   2   3  0.39 0.29
  400 P     1  -3   2  -1   1  -2  -3   1   0  -1  -2  -3  -3  -3   4   1   1  -4  -1  -1   12   1   8   2   3   2   1  12   2   3   3   1   0   1  23  11   7   0   3   4  0.41 0.31
  401 L    -1  -4  -1  -3   2  -3  -4  -3  -4   3   2  -3   3  -2  -3  -1   1  -2  -2   3    5   0   3   1   5   1   0   2   0  17  19   1   8   1   1   4   9   1   1  19  0.42 0.30
  402 G     0  -2   0  -2   1  -1  -2   0  -1   0   0  -2   1   0   3   0   1  -3  -2   1    8   1   5   2   3   2   2   8   2   6  10   2   3   4  16   5  11   0   1   9  0.17 0.16
  403 W     0  -3  -1  -2   0  -2  -4  -1   2  -3  -3  -3  -2   4  -3  -2  -2   9   5  -2    7   2   3   2   2   2   1   5   4   1   3   1   1  14   2   4   3  25  18   3  1.06 0.56
  404 L     0  -4  -3  -5   0  -2  -3  -3  -2   3   3  -3   0   0  -3  -1  -1  -2  -1   3    6   0   1   0   2   2   1   2   1  18  29   1   1   3   1   4   4   1   2  20  0.45 0.31
  405 I    -2  -4  -5  -2  -2  -4  -3  -5  -1   3   2  -4   3   2  -5  -3  -2   1   5   2    3   1   0   3   1   0   1   0   1  15  18   0   7   7   0   1   2   1  19  16  0.63 0.40
  406 P     0  -3   1  -2   2  -2  -3  -2  -4   1   0  -3   3  -2   2   0   2  -4  -2   1    9   1   6   2   4   1   1   2   0   8   9   1   9   2  12   8  17   0   1   8  0.25 0.26
  407 S     3  -3   1  -2  -4  -2  -3   1  -4  -1  -4  -3  -2  -5   0   4   1  -5  -3  -1   28   1   6   2   0   2   1   9   0   4   1   1   1   0   5  27   7   0   1   5  0.51 0.42
  408 E    -2  -3   0   1  -3  -1   7  -3   0  -5  -4  -2  -2  -4  -1  -1  -4  -5  -2  -3    4   1   4   7   1   2  60   3   2   0   2   2   1   1   3   3   1   0   2   2  1.15 0.68
  409 T    -1  -1  -3  -5   0  -2  -4  -4  -3   4   3  -4   2   1  -3  -1   0  -4   0   2    4   3   1   0   2   1   0   1   0  24  27   0   5   5   1   6   5   0   3  12  0.48 0.33
  410 F    -1  -5  -4  -5  -2  -4  -5  -3  -2  -1   0  -5  -1   6  -3  -2  -1   0   6  -1    5   0   1   0   1   1   0   2   1   3   8   0   1  36   1   4   4   1  24   4  1.08 0.58
  411 P    -1  -2  -2  -1  -5  -3  -3  -1  -5  -5  -3  -2  -5  -6   7   0  -2  -6  -3  -4    6   3   2   4   0   1   1   5   0   0   3   3   0   0  59   6   3   0   1   1  1.46 0.75
  412 L     0  -2  -1  -3  -2   2  -2  -1   0  -1   0  -1   0  -4   1   1   4  -4  -2   0    9   1   2   1   1   8   2   4   2   3  10   3   2   0   6   9  29   0   1   5  0.31 0.31
  413 E     0   2   1  -1   0   0   1  -1   1  -1  -2   0  -1   0  -1   0  -1  -2   1   0    9  13   8   3   2   3   9   4   4   4   2   6   1   5   3   9   3   0   5   7  0.08 0.11
  414 T     0  -2  -2  -2   0  -1  -3  -3  -2   3   1  -1   0  -1  -1   0  -1  -3   2   2    9   1   2   2   2   2   1   2   1  18  15   3   2   2   3   6   4   0   7  18  0.21 0.20
  415 R     0   7  -5  -5  -1  -1  -4  -3  -5  -3  -4   1   1  -4  -5  -3  -5  -6  -5  -2    8  64   0   0   1   2   1   2   0   2   2   6   4   1   0   1   0   0   0   3  1.55 0.80
  416 S     2  -4   1  -3  -1   0  -4   3  -4  -2  -4  -4  -2  -1   1   2   0  -5  -1  -1   19   0   8   1   1   5   0  25   0   2   1   0   1   3   8  15   5   0   2   4  0.43 0.37
  417 A     2   0  -3  -4  -4  -2  -3  -3  -4   0   1   0   0  -1  -3   2   3  -5  -4   0   17   6   1   0   0   2   1   1   0   5  13   5   2   3   1  14  23   0   0   6  0.33 0.33
  418 G     4  -4  -5  -5   3  -3  -5   4  -5  -4  -4  -5  -3  -4  -4   0   0  -6  -2  -3   38   1   0   0   6   1   0  33   0   1   2   0   0   1   1   7   6   0   2   2  0.96 0.61
  419 F     0  -3   1  -3  -2   0  -3  -1   1   1   1  -3   4   1  -4   0   0  -2   1   2    6   1   6   1   1   5   1   5   4  10  11   0  13   7   0   8   4   1   4  13  0.21 0.23
  420 A     3  -4  -4  -5  -1  -2  -5   5  -4  -1  -3  -5   1  -5  -4   2  -1  -2  -4  -2   21   1   0   0   1   1   0  39   0   4   3   0   4   0   1  17   4   1   1   2  0.81 0.55
  421 V     0  -5  -5  -6   1  -5  -5  -5  -3   4   3  -5   3   2  -5  -3   0   0  -1   3    7   0   0   0   3   0   0   1   1  20  24   0   6   8   0   2   5   1   2  19  0.63 0.41
  422 A     3  -3   1  -3   4  -2  -3   1  -4  -1  -2  -2  -1  -2  -4   2   0  -5  -2   0   24   1   7   1   8   2   1  12   0   3   4   2   1   1   0  18   6   0   1   8  0.35 0.32
  423 V     2  -2   1  -3  -1  -1  -3   1  -2   0  -1  -2   0  -1  -4   1   3  -4   0   1   16   2   8   0   1   3   1   9   1   5   6   1   2   2   0  13  18   0   4   8  0.21 0.25
  424 S     2  -4   0  -4   1  -1  -3   0  -4   0   0  -3   2   2  -4   1   1  -4  -3   1   19   0   4   0   3   3   1   7   0   5  11   0   5  10   0  13   9   0   0   9  0.24 0.27
  425 C     1  -3  -3  -4   2  -4  -4  -2  -3   1   1  -4   3   2  -2   1   0  -2  -2   3   14   1   1   0   4   0   0   3   1   6  11   0   8  11   2  10   6   0   1  21  0.31 0.28
  426 N     1   0   4  -2   1   0  -3   3   1  -2  -2  -3  -1  -1  -4   1  -2  -1   0  -3   10   6  21   2   3   4   0  22   4   2   4   0   1   3   0  11   1   1   3   1  0.41 0.34
  427 M    -2   3   0  -2  -2  -2  -4   0  -3   0  -1   0   2   2  -5   0  -3   9   0  -3    4  15   5   2   1   1   0   7   1   6   5   6   5   7   0   6   1  24   2   1  0.75 0.46
  428 F     0  -2  -4  -5  -1  -3  -4   0  -5   3   3  -4   1   2  -5  -1   0  -1  -3   2    8   2   0   0   1   1   0   7   0  19  24   0   3   9   0   5   5   1   0  15  0.39 0.30
  429 F     1  -3  -4  -5   3  -3  -5   4  -5  -2  -2  -4   1   2  -2   1  -1   4  -3  -2   11   1   0   0   6   1   0  35   0   2   4   0   3  11   2  13   4   5   1   2  0.63 0.44
  430 T     2  -3   4  -2  -4  -2  -4   3  -4  -2  -3  -3  -4  -4   0   1   1  -3  -5  -2   17   1  20   2   0   1   0  25   0   2   3   1   0   0   4  11   9   0   0   3  0.55 0.42
  431 F     1  -3  -5  -5  -2  -4  -5  -1  -4   3   1  -4   2   5  -1  -2  -2   2  -1   0   10   1   0   0   1   0   0   6   0  15  15   0   5  28   4   2   2   3   1   5  0.55 0.37
  432 V     0  -5  -5  -5  -1  -4  -5  -3  -5   4   3  -4   1   1  -3  -3   0  -2  -1   3    9   0   0   0   1   0   0   2   0  24  24   0   3   7   1   1   5   1   1  20  0.58 0.37
  433 I     1  -3  -2  -3  -2  -3  -3   0  -4   4   0  -4   1   1  -3  -1  -1  -2  -3   3   12   1   2   1   1   1   1   9   0  23   9   0   3   5   1   5   4   1   0  22  0.35 0.28
  434 A     2  -3   0  -2  -4  -1  -3   3  -4  -3  -3  -3  -4  -1   4   2   1  -5  -4  -2   15   1   3   1   0   3   1  22   0   1   2   1   0   3  18  17   9   0   0   3  0.52 0.39
  435 Q     0  -2  -3  -4  -2   2  -2   0  -3   0   2  -2   3   2   0   0  -1   1   1  -1   10   1   1   0   1   9   1   6   0   4  22   2   7  11   5   6   3   2   5   3  0.20 0.23
  436 A     1  -4  -3  -3   1  -3  -3   0  -2   1   1  -3   1   2   0   0   1   0   1   1   11   0   1   1   3   0   1   7   1   8  14   0   3  11   5   7  11   1   4  12  0.16 0.19
  437 F     0  -5  -5  -5   0  -5  -5  -2   0   1   0  -4  -2   6  -5  -1   2  -1   2   0    8   0   0   0   2   0   0   3   3   7  10   1   1  35   0   4  13   1   7   7  0.72 0.45
  438 L    -1   0   1  -3   0   0  -3   0  -3   1   2  -1  -1  -1   4  -1  -2  -5  -3   0    4   4   7   1   2   5   0   7   0   7  19   3   1   3  24   3   1   0   1   6  0.35 0.29
  439 S     0  -2  -1  -1  -3   0  -1  -3   0   0   0  -1   1   2   1   1   1  -1   3   0    7   2   2   3   0   4   3   1   2   6   7   4   4   9   7  14  10   1  10   5  0.13 0.18
  440 M     0  -2  -2  -1  -4  -1  -3  -2  -2   3   3  -1   5   0  -3  -2  -1  -4   0   0    7   2   2   4   0   2   1   3   1  15  25   3  17   3   1   3   4   0   3   4  0.38 0.32
  441 L     0  -1  -1  -3  -2   0  -2  -1  -1   1   1  -1   2   0  -1   0   2  -1   0   0   10   3   2   1   0   6   2   4   1   8  18   3   5   4   3   5  14   1   3   7  0.09 0.14
  442 C     1   0   1   1   1   1   1   0   0  -1  -1   0  -1  -2  -1   0   0  -1  -1   0   12   4   5   9   4   6  10   8   2   3   4   5   2   1   2   8   6   1   1   8  0.07 0.09
  443 G     1  -1   1  -2  -4  -1  -1   1   2  -1  -2   0  -2  -2  -3   1   0   6   1  -1   12   3   9   1   0   2   4  12   5   3   3   6   1   1   1  12   5  11   5   5  0.27 0.26
  444 M    -1  -4  -2  -3  -1  -2  -2  -2  -2   3   2  -2   3   1  -2   0  -1   3   1   0    4   0   2   1   1   1   3   4   1  19  21   2   9   7   3   7   2   5   6   3  0.30 0.26
  445 R    -1  -1   0  -2  -5  -1  -2   4   0  -1  -2  -1  -2   0  -1   0  -1   4   1  -2    5   3   5   2   0   2   2  34   2   3   4   4   1   4   3   8   4   5   6   2  0.38 0.30
  446 S     1  -1  -2  -4  -4   0  -2  -1   1  -1   0  -1  -2   2   2   1  -1   4   2  -1   12   3   1   0   0   5   2   4   4   4   8   4   1   9  10  12   4   6   8   4  0.19 0.22
  447 G    -1  -3   1  -3  -5  -1  -3   4   0  -1   0   0  -3   0   0   0  -1   3   3  -3    3   1   7   1   0   2   1  30   2   3   9   5   0   3   5   8   3   4  10   1  0.36 0.31
  448 I     1  -4  -1  -4   0  -3  -4  -2  -3   1   1  -3   2  -1   1  -1   2   3   0   3   14   0   3   0   2   1   0   3   0   8  13   1   4   2   7   5  12   4   3  19  0.27 0.27
  449 F     0  -5  -5  -5  -1  -4  -5   0  -2  -1   1  -4   1   6   1  -2  -1   2   2  -2    7   0   0   0   1   1   0   8   1   3  11   1   3  38   8   2   4   2   7   2  0.78 0.49
  450 F    -1  -5  -3  -6  -2  -4  -4  -2  -2   3   3  -5   0   4  -4  -2  -2   4   3   0    6   0   1   0   1   0   1   4   1  15  25   0   2  17   1   3   2   6  10   6  0.57 0.38
  451 F    -2  -5  -4  -6  -2  -4  -6  -4  -5   5   2  -5   1   4  -4  -1  -2   0   0   2    3   0   1   0   1   0   0   1   0  32  18   0   3  15   1   5   2   1   2  16  0.74 0.45
  452 F     0  -3  -5  -5  -1  -5  -5  -3  -4   2   0  -5   1   6  -3  -1  -3   2   4   0    8   1   0   1   1   0   0   3   0  12   9   0   3  34   1   5   1   2  12   5  0.79 0.47
  453 S     4  -4  -2  -4   0  -4  -3   3  -4  -3   0  -4   1   0  -4   1   1  -5   0  -1   31   1   2   0   2   0   1  21   0   1  10   0   3   5   0   8   7   0   3   4  0.48 0.39
  454 G     3  -5  -4  -5   0  -5  -4   4  -5   0   0  -5  -1  -1  -5   0  -1  -5  -3   1   22   0   0   0   2   0   0  34   0   6   9   0   2   3   0   8   4   0   1   9  0.61 0.44
  455 W     0  -5  -4  -5   5  -5  -5  -1  -5   3   2  -5   2   3  -4  -2  -2   1  -2   2    9   0   1   0  11   0   0   4   0  16  18   0   5  11   0   2   2   2   1  16  0.54 0.36
  456 I     0  -4   1  -3   6  -4  -4   0  -1   1   1  -4   3  -2  -2   1   0  -1  -1   1    9   0   6   1  16   0   0   6   2   8  13   0   8   1   2  11   5   1   2   8  0.35 0.30
  457 I     2  -4  -3  -5   1  -4  -4  -1  -4   2   2  -4   0   1  -1  -1  -1  -2  -1   2   15   0   1   0   2   0   0   6   0  13  23   0   2   5   3   4   4   0   2  18  0.34 0.29
  458 V     1  -5  -5  -5   0  -4  -5  -1  -5   2   3  -5   1   2  -3  -2  -2  -2  -3   3   13   0   0   0   2   0   0   5   0  12  29   0   2   7   1   3   2   1   0  22  0.51 0.36
  459 M     2  -4  -3  -3   2  -3  -3   3  -3   1   0  -3   2   1  -1   2   0  -4  -3   0   15   0   0   1   4   0   0  20   0   7  10   1   6   6   3  15   6   0   0   5  0.28 0.28
  460 G     2  -4  -3  -4   1  -3  -4   2  -4   1   1  -4  -1   2  -1   0   0   1  -1   1   19   0   0   0   3   0   0  17   0   8  13   0   1   9   3   6   7   2   2   9  0.26 0.26
  461 L     0  -5  -4  -5  -1  -4  -5   1  -5   4   2  -5   1   1  -2  -2  -1  -3  -3   2    7   0   0   0   1   0   0  10   0  24  23   0   3   6   3   2   4   0   0  15  0.48 0.34
  462 F    -1  -5  -4  -5   0  -4  -5  -3  -1   2   2  -5  -1   6  -3  -2  -3   0   2   0    5   0   1   0   2   1   0   2   1  11  17   0   1  37   1   4   2   1   6   7  0.78 0.45
  463 A     1  -4  -4  -4   1  -3  -4  -2  -4   2   0  -4   1   1  -2   0   2  -1   1   3   13   0   0   0   3   1   0   3   0  12   8   0   3   6   1   7  14   1   5  22  0.34 0.30
  464 F     0  -3  -4  -4  -1  -3  -4  -1  -2   2   1  -3   0   4  -3  -1   1   4   4   0    9   1   0   0   1   1   0   4   1  10  14   1   2  18   1   4   8   5  14   5  0.41 0.30
  465 F    -3  -3  -6  -6  -1  -5  -6  -5  -5   2   3  -1   2   6  -5  -4  -2   1   0  -1    2   1   0   0   2   0   0   1   0   9  32   4   4  33   0   1   3   2   2   4  0.89 0.51
  466 F    -2  -2  -2  -3   0  -4  -5  -5  -4   0   3   0   2   6  -2  -4  -2   1   1  -1    2   2   2   2   2   0   0   1   0   4  32   7   5  30   3   0   2   2   3   4  0.69 0.44
  467 I    -1  -3  -4  -5  -2  -4  -5  -2   0   1   4  -4   1   0  -1  -4  -1  -4   1   3    4   2   1   0   1   0   0   3   2   7  38   0   3   4   3   0   3   0   4  26  0.58 0.39
  468 P    -5  -3  -6  -6  -4  -5  -5  -5  -1  -2  -4   0  -6  -3   8  -4  -4  -7  -3  -2    0   2   0   0   0   0   0   1   1   3   2   6   0   1  78   1   1   0   1   3  2.30 1.00
  469 E    -4  -4  -1  -2  -8  -2   8  -6  -3  -8  -7  -1  -6  -8  -6  -2  -5  -7  -6  -7    1   0   2   1   0   0  89   0   1   0   0   3   0   0   0   2   0   0   0   0  2.30 1.04
  470 T    -4  -5  -2  -5  -5  -5  -5  -4  -6  -5  -1  -5  -5  -6  -2   0   8  -7  -6  -3    1   0   2   0   0   0   0   1   0   0   5   0   0   0   2   5  84   0   0   1  2.01 0.97
  471 K    -1   4  -3  -4  -6   0  -3  -4  -1  -4  -1   6  -1  -2  -5  -2  -3  -6  -5  -4    6  19   1   0   0   3   0   1   1   0   8  55   1   2   0   2   1   0   0   0  1.08 0.60
  472 G    -1  -1   3   0  -6  -1  -3   6  -1  -7  -6  -2  -3  -6  -5  -1  -4  -6  -6  -6    3   3  16   5   0   2   1  63   1   0   0   2   1   0   0   3   0   0   0   0  1.30 0.61
  473 I    -2   4  -3  -4  -3   2  -1  -4  -2   0   1   4   1  -4  -4  -2  -2  -5  -2   1    3  22   0   0   1   8   2   0   1   6  13  28   3   0   0   1   2   0   1   9  0.50 0.36
  474 A     0  -1  -1   0  -2  -1  -2  -3  -4  -4  -3  -2  -3  -5   4   3   3  -6  -5  -3    6   2   2   6   1   3   1   1   0   0   2   1   0   0  24  28  22   0   0   1  0.73 0.47
  475 I    -3  -5  -6  -7  -4  -5  -5  -7  -2   2   6  -6  -1   2  -5  -4  -4  -5  -2  -1    1   0   0   0   0   0   0   0   1   8  76   0   1   7   0   1   0   0   1   3  1.35 0.63
  476 D    -1  -4  -3   1  -6   1   6  -5  -4  -2  -5  -2  -5  -6   4  -1  -2  -6  -3  -2    5   0   0   7   0   5  49   0   0   2   1   1   0   0  22   3   2   0   1   3  1.05 0.56
  477 D    -2  -3  -2   3  -6   2   6  -5  -2  -3  -5  -2  -5  -6  -4  -2  -1  -6  -5  -4    2   0   1  17   0   8  60   0   1   1   0   1   0   0   0   2   3   0   0   1  1.26 0.62
  478 M    -3  -5  -2  -3  -4  -4  -3  -5  -5   6   0  -4   4  -3  -5  -2   3  -5  -4   2    1   0   2   1   0   0   2   0   0  44   7   0  11   0   0   3  19   0   0  10  0.85 0.46
  479 R    -1  -2   1   2  -4   2   2  -1  -2   2  -1  -1  -2  -3  -2   1   0  -4  -2  -1    2   1   9  12   0  10  16   4   0  19   5   2   0   0   2  11   4   0   1   3  0.22 0.22
  480 E     0   3   0   1  -3   3   4  -2   0  -2  -3   1  -2  -4  -3  -1  -1  -4  -3  -2   10  14   3   6   0  15  28   1   2   2   2   8   1   0   0   2   2   0   0   2  0.45 0.30
  481 S     0   0  -1   3  -3   1   2  -3  -1   0   0   0   1  -2  -2   0  -1  -4  -1  -1    9   6   1  19   0   5  17   1   1   5  12   5   4   2   1   7   3   0   1   2  0.18 0.16
  482 V    -2  -4  -4  -2  -4  -4  -2  -2  -4   1   3  -4   3   5  -3  -4  -3   2   2   2    3   0   0   3   0   0   4   3   0   5  26   0   8  25   1   0   0   3   6  13  0.51 0.31
  483 W     0  -1  -3  -1   0   2   4  -3  -1  -1  -2  -1   2  -2  -4  -1  -1   6   0  -2    8   3   0   1   3   7  38   1   2   4   2   1   6   2   0   4   4  10   3   1  0.53 0.34
  484 K    -1   3   1   1  -4   0   1   0  -2  -3  -3   3  -1  -4  -3   0  -1  -4  -1  -2    3  19   5   9   0   2   9   8   0   1   2  26   1   0   0   8   2   0   2   2  0.36 0.23
  485 P    -1   3   0   0  -4   2   0   0  -1  -3  -3   2   0  -2   2   0   0  -1  -2  -2    3  20   3   4   0   9   4   7   1   0   1  14   3   2  11   7   4   1   1   3  0.27 0.18
  486 H    -1   2   3  -1  -4   0  -1   0   4  -1  -2   0  -2  -2   2  -1  -1   2   0  -1    4  14  17   1   0   3   3   6  14   3   2   4   0   1  10   4   2   3   3   6  0.26 0.19
  487 W    -2   1  -3  -3  -4  -1  -1  -1   0  -1  -1   2   2  -1   1   0  -2   8   1  -1    2   9   0   0   0   1   2   4   2   5   5  19   6   2   8   7   1  21   4   3  0.51 0.27
  488 F     0  -1   0   0  -2   0   0  -2  -1  -1   0   0   0   2   2   0  -1   1   1   0    8   3   5   5   0   4   7   2   1   1  11   6   2  12  10   6   1   2   4  10  0.07 0.07
  489 W    -2   2  -1  -3  -2  -1  -2   1   0  -3   0   0  -1  -1  -2   1  -1   8  -2  -2    2  15   2   1   1   1   1  10   2   0  11   5   2   2   1  13   4  22   0   3  0.51 0.28
  490 K     0   3   0   0  -4   1   1   0  -1  -4  -3   3  -3  -4  -1   1  -1  -4  -3  -3    6  20   5   4   0   6   7   6   1   0   1  23   0   0   2  13   3   0   1   1  0.37 0.22
  491 R     0   3   0  -2  -3   1   0  -2   2  -3  -3   3  -1  -1  -1   2  -1  -4  -2  -1    7  16   4   0   0   6   6   1   5   0   1  22   1   3   3  18   2   0   0   4  0.30 0.21
  492 Y     0  -1   0  -1  -3   1   1  -1   0  -1  -1   2   1   1  -1  -1  -1   3   2   0    8   1   4   1   0   6  11   5   2   3   3  15   6   8   3   2   2   5   7   6  0.11 0.12
  493 M     0   0  -1  -2   1   1  -1  -2  -2   1   0   2   1  -2   2   0   0  -4  -2   1    5   2   3   0   3   6   3   2   0  12   5  18   5   1  12   5   5   0   1  13  0.15 0.14
  494 L    -1   0  -2  -1   0   1   0  -2   0  -2   0   1   1   0   4   0  -1   0  -1   0    3   4   0   3   3   8   4   3   3   0   9  12   5   5  20   7   3   2   1   7  0.20 0.14
  495 P    -1   1   0   0  -4   0   1  -2   0  -2  -2   2   1  -4   5   0   0  -4  -3  -2    3   8   5   6   0   2   9   1   2   1   4  13   6   0  28   5   4   0   0   3  0.43 0.21
  496 E     0   2  -1   2  -3   2   2  -2   1  -3  -3   0  -2  -2   0   1   0   1   0  -3    7  12   2  11   0   9  19   2   3   1   1   4   1   2   4  11   5   2   3   1  0.25 0.16
  497 D    -1   3   0   2   0   1   3  -3   0  -3  -3   2  -3  -4  -1  -1   0  -4  -3  -3    5  19   4  10   3   3  28   0   2   1   2  13   0   0   3   3   6   0   0   0  0.43 0.23
  498 D    -1   1   0   1  -1   1   2   0   0  -2  -1   2   0  -1   0   0   0  -3  -2  -1    4   6   3   6   1   5  17   7   2   1   6  18   2   3   4   4   6   0   1   4  0.14 0.10
  499 H     0   1   2   1  -4   1   3  -1   3  -2  -2   0  -1  -3  -3   0  -1  -4  -2  -2    8   9  11   6   0   6  21   4  11   2   3   4   1   1   0   8   3   0   0   2  0.26 0.17
  500 H     0  -1  -1   0  -3   0   3  -2   3  -2  -2   1   0  -2   0   0   0  -4  -2   1    9   1   2   3   0   2  27   2  10   1   1  11   3   2   3   6   5   0   0  12  0.25 0.19
  501 D    -1   0  -1   3  -4   0   3   1  -1  -3  -1   0  -1  -1   1  -1   0  -4  -3  -1    2   5   1  18   0   1  27  11   1   0   5   5   1   3   6   1   8   0   0   5  0.27 0.18
  502 I     0  -1  -2   0  -2   0   0   0  -2   1   2  -2   0  -1  -3  -1  -1  -3   0   2   10   3   1   5   0   4   9   9   0  10  23   0   0   0   0   4   0   0   5  16  0.10 0.12
  503 E    -2  -1   1   2  -5   2   5  -2   0  -4  -3   0  -3  -5   0   0  -2  -5  -4  -2    1   2   8  11   0   7  49   2   1   0   2   3   0   0   5   8   0   0   0   3  0.68 0.31
  504 K    -1   1   0  -2  -4   1   1   0  -2  -3  -1   4  -2  -4   2   0  -1  -4  -3  -2    3   6   3   0   0   7   9   7   0   0   6  38   0   0  10   8   2   0   0   2  0.38 0.19
  505 R     1   3  -2  -2  -4   4   2  -1  -2  -3  -3   1   0  -4  -3  -1   1  -4  -3  -3   13  21   0   0   0  24  17   4   0   0   0   6   3   0   0   2  10   0   0   0  0.45 0.22
  506 N    -2  -1   4   0  -4   3   4  -3  -1  -3  -4   1  -3  -4   0  -1   0  -4  -3  -2    0   0  27   0   0  16  31   0   0   0   0  10   0   0   3   0   7   0   0   4  0.55 0.20
  507 A     3  -2  -1  -2  -1  -1  -1  -1  -2  -3  -3  -1  -2  -3  -2   4   2  -4  -3  -2   40   0   0   0   0   0   0   0   0   0   0   0   0   0   0  50  10   0   0   0  0.55 0.15

                      K         Lambda
Standard Ungapped    0.1439     0.3295
Standard Gapped      0.0436     0.2670
PSI Ungapped         0.1425     0.3141
PSI Gapped           0.0436     0.2670
