
Last position-specific scoring matrix computed, weighted observed percentages rounded down, information per position, and relative weight of gapless real matches to pseudocounts
           A  R  N  D  C  Q  E  G  H  I  L  K  M  F  P  S  T  W  Y  V   A   R   N   D   C   Q   E   G   H   I   L   K   M   F   P   S   T   W   Y   V
    1 M   -1 -1 -2 -3 -1  0 -2 -3 -2  1  2 -1  6  0 -3 -2 -1 -1 -1  1    0   0   0   0   0   0   0   0   0   0   0   0 100   0   0   0   0   0   0   0  0.34 0.00
    2 A    4 -1 -2 -2  0 -1 -1  0 -2 -1 -1 -1 -1 -2 -1  1  0 -3 -2  0  100   0   0   0   0   0   0   0   0   0   0   0   0   0   0   0   0   0   0   0  0.40 0.00
    3 G    0 -2  0 -1 -3 -2 -2  6 -2 -4 -4 -2 -3 -3 -2  0 -2 -3 -3 -3    0   0   0   0   0   0   0 100   0   0   0   0   0   0   0   0   0   0   0   0  1.04 0.00
    4 Q   -1  0 -1 -2  7  4  0 -2 -1 -2 -2  0 -1 -3 -2  0 -1 -2 -2 -1    0   0   0   0  50  50   0   0   0   0   0   0   0   0   0   0   0   0   0   0  0.57 0.00
    5 K   -1  2  0 -1 -3  1  1 -2 -1 -3 -2  5 -1 -3 -1  0 -1 -3 -2 -2    0   0   0   0   0   0   0   0   0   0   0 100   0   0   0   0   0   0   0   0  0.51 0.00
    6 I   -1 -3 -3 -3 -1 -3 -3 -3 -3  3  1 -2  1  0 -3 -2  0 -3 -1  3    0   0   0   0   0   0   0   0   0  50   0   0   0   0   0   0   0   0   0  50  0.34 0.00
    7 L   -1 -2 -3 -4 -1 -2 -3 -4 -3  2  4 -2  2  0 -3 -2 -1 -2 -1  1    0   0   0   0   0   0   0   0   0   0 100   0   0   0   0   0   0   0   0   0  0.45 0.00
    8 S    0 -2 -1 -1 -2 -1 -1 -1 -1 -1 -1 -1 -1  4 -2  2  0  0  1 -1    0   0   0   0   0   0   0   0   0   0   0   0   0  50   0  50   0   0   0   0  0.28 0.00
    9 L   -2 -2 -3 -4 -2 -3 -3 -3 -2  1  3 -3  1  4 -3 -2 -2  0  2  0    0   0   0   0   0   0   0   0   0   0  50   0   0  50   0   0   0   0   0   0  0.43 0.00
   10 L   -1 -2 -3 -4 -1 -2 -3 -4 -3  2  4 -2  2  0 -3 -2 -1 -2 -1  1    0   0   0   0   0   0   0   0   0   0 100   0   0   0   0   0   0   0   0   0  0.45 0.00
   11 V   -1 -3 -3 -3 -1 -3 -3 -3 -3  3  1 -2  1  0 -3 -2  0 -3 -1  3    0   0   0   0   0   0   0   0   0  50   0   0   0   0   0   0   0   0   0  50  0.34 0.00
   12 I   -1 -3 -3 -3 -1 -2 -3 -4 -3  3  3 -3  2  0 -3 -2 -1 -2 -1  2    0   0   0   0   0   0   0   0   0  50  50   0   0   0   0   0   0   0   0   0  0.36 0.01
   13 A    4 -1 -2 -2  0 -1 -1  0 -2 -1 -1 -1 -1 -2 -1  1  0 -3 -2  0  100   0   0   0   0   0   0   0   0   0   0   0   0   0   0   0   0   0   0   0  0.40 0.00
   14 L   -1 -2 -3 -4 -1 -2 -3 -4 -3  2  4 -2  2  0 -3 -2 -1 -2 -1  1    0   0   0   0   0   0   0   0   0   0 100   0   0   0   0   0   0   0   0   0  0.45 0.00
   15 V    3 -2 -2 -2 -1 -1 -2 -1 -2  1  0 -1  0 -1 -2  0  0 -3 -1  2   50   0   0   0   0   0   0   0   0   0   0   0   0   0   0   0   0   0   0  50  0.21 0.01
   16 V   -1 -3 -3 -3 -1 -3 -3 -3 -3  3  1 -2  1  0 -3 -2  0 -3 -1  3    0   0   0   0   0   0   0   0   0  50   0   0   0   0   0   0   0   0   0  50  0.34 0.00
   17 T    0 -1  0 -1 -1 -1 -1 -2 -2 -1 -1 -1 -1 -2 -1  1  5 -2 -2  0    0   0   0   0   0   0   0   0   0   0   0   0   0   0   0   0 100   0   0   0  0.47 0.00
   18 F   -2 -3 -3 -4 -2 -3 -3 -3 -1  0  0 -3  0  6 -4 -2 -2  1  3 -1    0   0   0   0   0   0   0   0   0   0   0   0   0 100   0   0   0   0   0   0  0.73 0.00
   19 A    3 -2 -2 -2 -1 -1 -2 -1 -2  1  0 -1  0 -1 -2  0  0 -3 -1  2   50   0   0   0   0   0   0   0   0   0   0   0   0   0   0   0   0   0   0  50  0.21 0.01
   20 A    3 -1  0 -1 -1  0  0  0 -1 -2 -2  0 -1 -2 -1  3  1 -3 -2 -1   50   0   0   0   0   0   0   0   0   0   0   0   0   0   0  50   0   0   0   0  0.35 0.00
   21 A    4 -1 -2 -2  0 -1 -1  0 -2 -1 -1 -1 -1 -2 -1  1  0 -3 -2  0  100   0   0   0   0   0   0   0   0   0   0   0   0   0   0   0   0   0   0   0  0.40 0.00
   22 A    4 -1 -2 -2  0 -1 -1  0 -2 -1 -1 -1 -1 -2 -1  1  0 -3 -2  0  100   0   0   0   0   0   0   0   0   0   0   0   0   0   0   0   0   0   0   0  0.40 0.00
   23 R   -1  6  0 -2 -3  1  0 -2  0 -3 -2  2 -1 -3 -2 -1 -1 -3 -2 -3    0 100   0   0   0   0   0   0   0   0   0   0   0   0   0   0   0   0   0   0  0.74 0.00
   24 L   -1 -2 -3 -4 -1 -2 -3 -4 -3  2  4 -2  2  0 -3 -2 -1 -2 -1  1    0   0   0   0   0   0   0   0   0   0 100   0   0   0   0   0   0   0   0   0  0.45 0.00
   25 L   -1 -2 -3 -4 -1 -2 -3 -4 -3  2  4 -2  2  0 -3 -2 -1 -2 -1  1    0   0   0   0   0   0   0   0   0   0 100   0   0   0   0   0   0   0   0   0  0.45 0.00
   26 D   -2 -2  1  6 -4  0  2 -1 -1 -3 -4 -1 -3 -4 -2  0 -1 -4 -3 -3    0   0   0 100   0   0   0   0   0   0   0   0   0   0   0   0   0   0   0   0  0.92 0.00
   27 E   -1  0  0  2 -4  2  5 -2  0 -3 -3  1 -2 -3 -1  0 -1 -3 -2 -2    0   0   0   0   0   0 100   0   0   0   0   0   0   0   0   0   0   0   0   0  0.73 0.00
   28 E   -1  0  0  2 -4  2  5 -2  0 -3 -3  1 -2 -3 -1  0 -1 -3 -2 -2    0   0   0   0   0   0 100   0   0   0   0   0   0   0   0   0   0   0   0   0  0.73 0.00
   29 N   -1  0  5  1 -3  1  3 -1  0 -3 -3  0 -2 -3 -2  0  0 -3 -2 -3    0   0  66   0   0   0  34   0   0   0   0   0   0   0   0   0   0   0   0   0  0.57 0.01
   30 A    2 -2  0  3 -2 -1  0 -1 -2 -2 -3 -1 -2 -3  5  0 -1 -3 -3 -2   32   0   0  34   0   0   0   0   0   0   0   0   0   0  34   0   0   0   0   0  0.64 0.01
   31 F   -2 -3 -3 -4 -2 -3 -3 -3 -1  1  0 -3  0  5 -3 -2 -2  1  4  0    0   0   0   0   0   0   0   0   0  20   0   0   0  58   0   0   0   0  22   0  0.58 0.04
   32 S    0 -2  0  2 -2 -1 -1  5 -2 -3 -4 -1 -3 -3 -2  1 -1 -3 -3 -3    0   0   0  22   0   0   0  62   0   0   0   0   0   0   0  17   0   0   0   0  0.65 0.03
   33 A    2 -2 -1 -2 -1 -2 -2  4 -2 -1  0 -1 -1 -2 -2  0 -1 -2 -2 -1   37   0   0   0   0   0   0  43   0   0  20   0   0   0   0   0   0   0   0   0  0.36 0.03
   34 T    0 -1 -1 -1 -2  2  0 -2 -1  0 -1  0 -1 -2  3  1  2 -3 -2  1    0   0   0   0   0  20   0   0   0   0   0   0   0   0  22  22  17   0   0  20  0.33 0.02
   35 T   -1  2 -2 -2 -3 -1 -1 -2 -2 -3 -3  0 -2 -3  7 -1  1 -4 -3 -2    0  19   0   0   0   0   0   0   0   0   0   0   0   0  69   0  13   0   0   0  1.31 0.07
   36 T    0 -1  2 -1 -1 -1 -1 -1 -1 -1  0 -1  0 -2 -2  2  3 -3 -2 -1    0   0  17   0   0   0   0   0   0   0  17   0   0   0   0  18  49   0   0   0  0.28 0.04
   37 T    1 -1 -1 -1 -1  2  0 -1 -1 -2 -2  0 -1 -3  3  1  3 -3 -2 -1   19   0   0   0   0  17   0   0   0   0   0   0   0   0  17   0  48   0   0   0  0.40 0.05
   38 L    0 -1 -1 -1 -2  2 -1  1  0 -1  0 -1 -1  0 -2  1  1 -1  3 -1    0   0   0   0   0  17   0  17   0   0  13   0   0   0   0  18  17   0  19   0  0.16 0.03
   39 G    1 -2  0 -1 -1 -1 -1  3 -2 -2 -2 -1 -2 -3 -1  2  3 -3 -2 -1   18   0   0   0   0   0   0  31   0   0   0   0   0   0   0  17  34   0   0   0  0.37 0.04
   40 S    2 -1  0 -1  4 -1 -1 -1 -2 -2 -2 -1 -2 -3 -1  4  1 -3 -2 -1   17   0   0   0  18   0   0   0   0   0   0   0   0   0   0  65   0   0   0   0  0.44 0.06
   41 G   -1 -2 -1 -2 -3  1 -1  3 -2 -3 -2 -1 -2  2  4 -1 -2 -2 -1 -3    0   0   0   0   0  14   0  41   0   0   0   0   0  15  29   0   0   0   0   0  0.61 0.06
   42 S    0  1  0 -1 -2 -1 -1  5 -2 -3 -3 -1 -2 -3 -2  2 -1 -3 -3 -3    0  15   0   0   0   0   0  59   0   0   0   0   0   0   0  26   0   0   0   0  0.62 0.07
   43 G    0  1 -1 -2 -3 -1 -2  5 -2 -4 -4 -1 -3 -3  2 -1 -2 -3 -3 -3    0  16   0   0   0   0   0  70   0   0   0   0   0   0  14   0   0   0   0   0  0.80 0.07
   44 S    1 -2 -1 -2 -1 -1 -2 -2 -2  0  2 -1  1 -1 -2  2  1 -2 -2  0   15   0   0   0   0   0   0   0   0   0  44   0   0   0   0  24  16   0   0   0  0.19 0.05
   45 T   -1 -2 -2 -2 -2 -2 -2 -2 -2 -2 -3 -1 -2 -2  6 -1  2  5 -2 -2    0   0   0   0   0   0   0   0   0   0   0   0   0   0  60   0  26  14   0   0  1.26 0.10
   46 G    0 -1  0 -1 -1 -1 -1  4 -2 -2 -2 -1 -1 -2 -1  1  2 -2 -2 -1    1   1   1   1   0   1   1  41   0   1   1   1   0   1   1  17  30   0   1   1  0.38 0.04
   47 I    0 -1 -1 -1 -1 -1 -1 -2 -2  1  1 -1  0 -1  3  1  1 -2 -1  1    1   1   1   1   0   1   1   1   0  11  16   1   0   1  16  16  15   0   1  15  0.18 0.02
   48 G    0 -2  0 -1 -2 -1 -1  5 -2 -3 -3 -1 -2 -3 -2  1 -1 -2 -2 -2    1   1   1   1   0   1   1  70   0   1   1   1   0   1   1  17   1   0   1   1  0.68 0.06
   49 F   -1 -1 -1 -1 -2 -1  1 -2 -1  0  1 -1  0  3 -2  0  2 -1  0  1    1   1   1   1   0   1  15   1   0   1  14   1   0  23   1   1  27   0   0  12  0.13 0.04
   50 G    0 -1 -1  0  4  0  2  4 -1 -3 -3 -1 -2 -3 -2  0 -1 -2 -2 -2    1   1   1   1  14   1  27  47   0   1   1   1   0   1   1   1   1   0   0   1  0.46 0.06
   51 A    1 -2 -1  1 -2 -1 -1  1 -2 -2  0 -1 -1 -3  5  0 -1 -3 -3 -2   23   0   0  13   0   0   0  14   0   0  14   0   0   0  37   0   0   0   0   0  0.56 0.06
   52 G   -1  1  1 -2  4 -2 -2  2 -2 -2 -2 -1 -2  3 -3 -1 -2  5  0 -2    0  11  12   0  14   0   0  22   0   0   0   0   0  26   0   0   0  14   0   0  0.38 0.07
   53 T   -1 -2 -1 -2 -3  1 -1  1 -2 -2 -2 -1 -2  1  5  0  2 -2 -1 -2    0   0   0   0   0  14   0  14   0   0   0   0   0  11  40   0  21   0   0   0  0.64 0.07
   54 G    1 -2 -1 -1 -2 -1 -2  4 -2 -2 -3 -1 -2 -3 -2  1  2 -3 -2 -2   14   0   0   0   0   0   0  46   0   0   0   0   0   0   0  13  26   0   0   0  0.49 0.07
   55 S    1 -1  1 -1 -1 -1 -1  1 -1 -1 -2 -1 -1 -2 -2  2  2 -3 -2  0   13   0  11   0   0   0   0  14   0   0   0   0   0   0   0  35  13   0   0  14  0.24 0.05
   56 S    1  1  2 -1 -2 -1 -1  3 -1 -3 -3  0 -2 -3  2  2  0 -3 -2 -2   12  14  13   0   0   0   0  25   0   0   0   0   0   0  14  22   0   0   0   0  0.36 0.05
   57 G    0  2  2 -1 -2  1  0  2 -1 -2 -2  0 -2 -3 -2  1  2 -3 -2 -2    0  14  11   0   0  12   0  22   0   0   0   0   0   0   0  13  27   0   0   0  0.29 0.05
   58 S    2 -1 -1 -1 -2 -1 -1  3 -2 -2 -3  1 -2 -3 -2  1  1 -3 -2 -2   25   0   0   0   0   0   0  39   0   0   0  14   0   0   0   9  14   0   0   0  0.38 0.05
   59 G   -1 -3 -1 -2 -3 -2 -2  5 -2 -3 -3 -2 -2  1  4 -1 -2 -2 -1 -3    0   0   0   0   0   0   0  60   0   0   0   0   0  13  27   0   0   0   0   0  0.82 0.09
   60 S    3 -2 -1 -1 -1 -1 -1  3 -2 -2 -3 -1 -2 -3 -1  3  0 -3 -2 -1   41   0   0   0   0   0   0  25   0   0   0   0   0   0   0  35   0   0   0   0  0.43 0.07
   61 T   -1  1 -1 -2 -2 -1 -2 -2 -2 -2 -2 -1 -1  2  2  0  3  5  0 -1    0  14   0   0   0   0   0   0   0   0   0   0   0  13  14   0  46  12   0   0  0.43 0.08
   62 G    0 -3 -1 -2 -3 -2 -3  6 -3 -4 -4 -2 -3 -4 -3 -1 -2 -3 -4 -4    0   0   0   0   0   0   0 100   0   0   0   0   0   0   0   0   0   0   0   0  1.30 0.13
   63 F   -2 -2  1  1 -2 -2 -1 -2 -1  1  1 -2  0  4 -3 -1  1 -1  1  0    0   0  13  14   0   0   0   0   0  13  14   0   0  34   0   0  12   0   0   0  0.19 0.05
   64 G    2 -2 -1 -2 -2 -2 -2  4 -2 -2 -2 -1 -2  1 -2  1 -1 -2 -1 -2   27   0   0   0   0   0   0  46   0   0   0   0   0  14   0  14   0   0   0   0  0.44 0.06
   65 F    0 -2 -1 -2 -2 -2 -2  3 -2 -1  0 -2 -1  3 -2  1 -1 -1  0 -2    0   0   0   0   0   0   0  40   0   0  13   0   0  23   0  24   0   0   0   0  0.32 0.06
   66 G    0 -2  2  0 -2 -1  1  4 -1 -3 -3 -1 -2 -3 -2  1  1 -3 -3 -2    0   0  12   0   0   0  14  47   0   0   0   0   0   0   0  13  14   0   0   0  0.47 0.06
   67 A    2 -1  1 -1 -1 -1 -1 -1 -1 -2 -2  1 -1 -3 -1  1  4 -3 -2 -1   23   0  11   0   0   0   0   0   0   0   0  14   0   0   0   0  52   0   0   0  0.34 0.08
   68 G    1 -2  2 -1 -3  1 -1  5 -1 -3 -3 -1 -2 -3 -2  0 -1 -3 -3 -3   11   0  13   0   0  14   0  62   0   0   0   0   0   0   0   0   0   0   0   0  0.66 0.08
   69 S    1 -1  2 -1 -2 -1 -1  1 -1 -3 -3 -1 -2 -3  2  3  0 -3 -2 -2   13   0  14   0   0   0   0  11   0   0   0   0   0   0  14  48   0   0   0   0  0.41 0.07
   70 G    2  1 -1 -2 -2 -1 -2  4 -2 -3 -3 -1 -2 -3 -2  0  1 -3 -3 -2   25  14   0   0   0   0   0  47   0   0   0   0   0   0   0   0  14   0   0   0  0.46 0.06
   71 S    0 -1  0 -1 -2  2  1 -2 -1 -2 -2  0 -1  1 -2  2  2 -2 -1 -1    0   0   0   0   0  12  14   0   0   0   0   0   0  13   0  35  25   0   0   0  0.27 0.06
   72 S    0 -1 -1 -1 -3  2  1  4 -1 -4 -3 -1 -2 -3  2  0 -1 -3 -3 -3    0   0   0   0   0  14  14  50   0   0   0   0   0   0  14   9   0   0   0   0  0.57 0.07
   73 G    1 -3 -1 -2 -3 -2 -2  6 -2 -4 -4 -2 -3 -3 -2  0 -2 -3 -3 -3   14   0   0   0   0   0   0  86   0   0   0   0   0   0   0   0   0   0   0   0  1.04 0.10
   74 S    0 -2 -1 -2 -1 -1 -1  1 -1  0  0 -1 -1 -1 -2  2  1 -1  2  1    0   0   0   0   0   0   0  13   0   0  13   0   0   0   0  32  14   0  14  14  0.15 0.05
   75 G   -1 -3 -1 -2 -3 -2 -3  5 -3 -2  0 -2 -2 -2 -3 -1 -2  5 -2 -3    0   0   0   0   0   0   0  74   0   0  13   0   0   0   0   0   0  12   0   0  0.86 0.10
   76 S    0 -1  3 -1 -2 -1 -1  3 -1 -2  0 -1 -1 -2 -2  2  0 -3 -2 -2    0   0  25   0   0   0   0  28   0   0  14   0   0   0   0  34   0   0   0   0  0.33 0.06
   77 T    1 -2 -1 -2 -1 -1 -1  1 -2 -1  0 -1  0  2 -1  0  3 -1  0  0   12   1   1   1   0   1   1  15   0   1  15   1   0  14   1   1  35   0   0   1  0.14 0.04
   78 G    0 -2  0  3 -2 -1  0  4 -2 -3 -3 -1 -2 -3 -2  1 -1 -3 -2 -3    1   1   1  29   0   1   1  47   0   1   1   1   0   0   1  14   1   0   0   1  0.51 0.06
   79 S    1 -1  0 -1 -1 -1 -1  3 -1 -2 -2 -1 -1 -2 -1  2  1 -2 -2 -1   15   1   1   1   0   1   2  28   1   1   2   1   1   1   1  25  15   0   1   2  0.25 0.03
   80 G   -1  1 -1 -1 -2  0  1  2 -1 -2 -2  0 -1 -1 -1  0  1  5 -1 -2    2  14   1   1   0   1  15  24   1   1   2   1   1   1   1   2  15  14   1   2  0.28 0.03
   81 L   -1 -1 -1 -1 -2  3  0  1 -1 -1  1 -1  0  2 -2 -1  1 -1  0 -1    1   1   1   1   0  28   1  15   0   1  23   1   0  14   1   1  13   0   0   1  0.12 0.04
   82 G    0 -2 -1 -1 -3 -1  1  5 -2 -4 -4 -1 -3 -3  2  1 -1 -3 -3 -3    0   0   0   0   0   0  12  60   0   0   0   0   0   0  14  14   0   0   0   0  0.68 0.07
   83 A    0 -2  0  1 -2 -1 -1  3 -2 -2 -2 -1 -2 -3  2  0  3 -3 -3 -2    9   0   0  14   0   0   0  28   0   0   0   0   0   0  12   0  38   0   0   0  0.39 0.06
   84 G    0  1  3 -1 -2 -1 -1  3 -1 -3 -3  0 -2 -3 -2  1  1 -3 -2 -2    0  14  25   0   0   0   0  33   0   0   0   0   0   0   0  14  14   0   0   0  0.40 0.06
   85 T   -1 -1 -1 -2 -2  1 -1  1 -1 -1  0  1  0  1 -2  0  2 -2 -1 -1    0   0   0   0   0  14   0  14   0   0  13  14   0  11   0   0  34   0   0   0  0.15 0.05
   86 G    1 -2 -1 -2 -2 -2 -2  5 -2 -3 -3 -2 -2 -3 -2  0  1 -3 -3 -2   14   0   0   0   0   0   0  72   0   0   0   0   0   0   0   0  14   0   0   0  0.79 0.09
   87 S    1 -2 -1 -1 -1 -1 -1 -1 -2 -2 -2 -1 -2 -3  4  2  3 -3 -2 -1   14   0   0   0   0   0   0   0   0   0   0   0   0   0  27  32  27   0   0   0  0.56 0.07
   88 I    1 -2 -1 -1 -2 -1 -2  4 -2 -1 -2 -1 -2 -3 -2  2  0 -3 -3 -1   14   0   0   0   0   0   0  50   0   9   0   0   0   0   0  27   0   0   0   0  0.49 0.07
   89 P    1 -2  1 -2 -3 -2 -2  1 -2 -3 -3 -1 -2 -2  6 -1 -1  5 -2 -2   13   0  11   0   0   0   0  12   0   0   0   0   0   0  49   0   0  14   0   0  0.96 0.09
   90 S    1 -2  0 -1 -1 -1 -1  3 -2 -2  0 -1 -1 -2 -2  2  1 -3 -2 -1   11   0   0   0   0   0   0  28   0   0  13   0   0   0   0  35  14   0   0   0  0.29 0.05
   91 S    0 -2 -1 -2 -2 -2 -2  2 -2 -1 -2 -2 -1  2 -2  2  0  5  0  0    0   0   0   0   0   0   0  25   0   0   0   0   0  13   0  35   0  12   0  14  0.31 0.06
   92 G    0 -2 -1 -1 -2 -1  1  4 -2 -3 -3 -1 -2 -3 -2  1  2 -3 -3 -2    0   0   0   0   0   0  13  53   0   0   0   0   0   0   0  11  23   0   0   0  0.55 0.08
   93 S    1 -1 -1 -2 -1 -1 -1  1 -2 -1  0  1 -1 -2 -2  1  3 -3 -2 -1   12   0   0   0   0   0   0  11   0   0  11  13   0   0   0   8  46   0   0   0  0.24 0.07
   94 G    0 -2 -1 -2 -3 -2 -2  6 -2 -3 -3 -2 -3 -3 -2 -1 -2 -2 -3 -3    1   1   1   1   0   0   1  89   0   1   1   1   0   0   1   1   1   0   0   1  1.06 0.11
   95 P    0 -2 -1 -2 -2 -1 -1  1 -2 -1  1 -1  0  1  3  1  0 -2 -1 -1    1   1   1   1   0   0   1  12   0   1  25   1   0  11  19  25   1   0   0   1  0.23 0.04
   96 G    0  1  0 -1 -2 -1 -1  4 -1 -3 -3  0 -2 -3 -1  2  0 -2 -2 -2    1  12   1   1   0   0   1  43   0   1   1   1   0   0   1  36   1   0   0   1  0.44 0.07
   97 L    0 -1 -1 -1 -1 -1 -1  1 -2  0  2 -1  0 -1 -1  1  2 -2 -1  0    2   1   1   1   0   1   1  14   0   1  32   1   0   1   1  14  24   0   1   1  0.12 0.03
   98 L    0 -1 -1 -1 -1  0  1 -1 -1  0  2 -1  0 -1 -1  1  1 -2 -1  0    2   1   1   1   0   1  13   2   0   1  34   1   0   1   1  24  14   0   1   1  0.11 0.03
   99 P   -1 -2 -2 -2 -3 -2 -1 -2 -2 -3 -3 -1 -3 -4  7  2 -1 -4 -3 -3    0   0   0   0   0   0   0   0   0   0   0   0   0   0  79  21   0   0   0   0  1.69 0.15
  100 T    1 -2  1 -1 -2 -1 -2  3 -2 -1 -2 -1 -1 -3 -2  0  3 -3 -2  0   11   0  11   0   0   0   0  34   0   0   0   0   0   0   0   0  32   0   0  11  0.34 0.07
  101 A    1 -2  1 -1 -2 -1 -1 -1 -1 -2 -2 -1 -2  1  4  2  1 -2 -1 -2   19   0  10   0   0   0   0   0   0   0   0   0   0  11  24  24  11   0   0   0  0.40 0.06
  102 S    2 -2  0  1 -2 -1 -1  2 -2 -2 -2 -1  1 -2 -2  2  1 -3 -2 -1   23   0   0  11   0   0   0  23   0   0   0   0  11   0   0  19  13   0   0   0  0.25 0.05
  103 S    1 -2 -1 -1 -2 -1 -2  4 -2 -2 -2 -1  1 -3 -2  2  0 -3 -3 -2   12   0   0   0   0   0   0  47   0   0   0   0  11   0   0  30   0   0   0   0  0.49 0.08
  104 V    1  1 -1 -1 -2 -1 -1  2 -2 -1  0 -1 -1 -2  2  1 -1 -2 -2  0   12  12   0   1   0   0   1  22   0   1  14   1   0   0  13  12   1   0   0   8  0.18 0.03
  105 P   -1  1 -1 -2 -2 -1 -1  1 -1 -1  0  1 -1  1  3 -1  0 -2 -1 -1    1  13   0   1   0   0   1  12   0   1  12  12   0  13  19   1  11   0   0   1  0.21 0.03
  106 G    0 -3 -1 -2 -3 -2 -3  6 -3 -4 -4 -2 -3 -4 -3 -1 -2 -3 -4 -4    0   0   0   0   0   0   0 100   0   0   0   0   0   0   0   0   0   0   0   0  1.36 0.15
  107 S    0 -1  0  1 -2  1  1  1 -1 -2 -2 -1 -1  1 -2  2  2 -2 -1 -2    0   0   0  12   0  11  13  11   0   0   0   0   0  10   0  20  22   0   0   0  0.22 0.05
  108 L    1 -2 -1 -2 -1 -1 -1  1 -2  0  1 -1  0 -2  2  1  1 -3 -2  0   12   0   0   0   0   0   0  10   0   0  19   0   0   0  13  23  13   0   0  11  0.19 0.04
  109 A    1 -2 -2 -2 -2 -2 -2  2 -2 -3 -3 -2 -2 -2  4  1 -1  7 -1 -2   19   0   0   0   0   0   0  23   0   0   0   0   0   0  24  11   0  23   0   0  0.73 0.09
  110 G    0 -2 -1 -2 -2 -2 -2  3 -2  0  1 -2  0 -2 -2  1  1 -3 -2  0    0   0   0   0   0   0   0  41   0   0  24   0   0   0   0  11  13   0   0  11  0.29 0.06
  111 G   -1  1  1 -1 -2 -1 -1  0 -1 -1  0 -1 -1  1  2  1  2 -2 -1 -1    0  13  10   0   0   0   0   8   0   0  11   0   0  11  12  13  23   0   0   0  0.16 0.04
  112 G    1 -3 -1 -2 -3 -2 -2  6 -3 -4 -4 -2 -3 -4 -2 -1 -2 -3 -3 -3   10   0   0   0   0   0   0  90   0   0   0   0   0   0   0   0   0   0   0   0  1.14 0.13
  113 S    0 -2  0  1 -2 -1 -1  3 -2 -3 -3 -1 -2 -3  4  1  1 -3 -3 -2    0   0   0  13   0   0   0  33   0   0   0   0   0   0  22  19  13   0   0   0  0.53 0.07
  114 G   -1  1 -1  1 -3 -1 -1  4 -1 -3 -3 -1 -3 -2  2 -1 -2 -2  2 -3    0  11   0  11   0   0   0  53   0   0   0   0   0   0  13   0   0   0  12   0  0.55 0.08
  115 S    1 -1 -1  1 -1 -1 -1  1 -2 -1  0 -1 -1 -2  2  1  2 -2 -2 -1   12   1   0  12   0   0   1  14   0   1  14   1   0   0  12   8  23   0   0   1  0.18 0.03
  116 L    0 -2 -1  1 -2 -1  1  1 -2  0  1 -1  0  1 -2 -1 -1 -2 -1  0   13   1   0  13   0   0  12  11   0   1  20   1   0  13   1   1   1   0   0  12  0.06 0.02
  117 P   -1 -3 -2 -2 -3 -2 -2  1 -2 -3 -3 -2 -2  1  6  0 -1 -3 -2 -3    0   0   0   0   0   0   0  13   0   0   0   0   0  10  66  11   0   0   0   0  1.26 0.12
  118 T    0 -2  2 -1 -2 -1 -1  3 -2 -1 -2 -1 -2 -3 -2  1  3 -3 -2  0    0   0  11   0   0   0   0  34   0   0   0   0   0   0   0  13  30   0   0  11  0.35 0.07
  119 T    1 -2 -1 -2 -1 -1 -1 -2 -2  1  0 -1  0 -2  2  2  3 -3 -2  0   13   0   0   0   0   0   0   0   0  13  11   0   0   0  12  22  30   0   0   0  0.25 0.06
  120 G    0 -1  0  2 -2  1  0  4 -1 -3 -3 -1 -2 -3 -2  1 -1 -2 -2 -3    1   1   0  13   0  13   1  53   0   1   1   1   0   0   1  12   1   0   0   1  0.52 0.07
  121 S    0 -1  3  0 -2 -1 -1  1 -1 -2 -2 -1 -2 -3  2  2  1 -3 -2 -2    1   1  24   1   0   0   1  12   0   1   1   1   0   0  13  31  12   0   0   1  0.35 0.05
  122 A    3 -2 -1 -2 -1 -1 -1  2 -2 -1  0 -1 -1 -2  2  0 -1 -2 -2 -1   42   1   0   1   0   0   1  23   0   1  14   1   0   0  13   1   1   0   0   1  0.30 0.05
  123 T   -1 -1 -1 -2 -2  1 -1  0 -1  1  1  1  0  1 -2 -1  0 -1 -1  0    1   1   0   1   0  13   1  11   0  13  24  12   0  11   1   1   8   0   0   1  0.06 0.03
  124 G    0 -1  2 -1 -3  1 -1  5 -1 -3 -3 -1 -2 -3 -2  0 -1 -2 -2 -3    1   1  13   1   0  13   1  64   0   1   1   1   0   0   1   1   1   0   0   1  0.67 0.08
  125 A    1 -1 -1 -1 -2  1 -1  3 -1 -1  0 -1 -1 -2 -1  0  1 -2 -2 -1   20   1   0   1   0  13   1  36   0   1  12   1   0   0   1   1  11   0   0   1  0.26 0.05
  126 G    0 -1 -1 -1 -2  1 -1  3 -1 -3 -3 -1 -2 -3  4  2  0 -3 -2 -2    1   1   0   1   0  13   1  30   0   1   1   1   0   0  25  23   1   0   0   1  0.51 0.06
  127 A    0 -1 -1 -2 -2 -1 -1 -2 -2 -1  1  1  0 -1  2  1  1  5 -1 -1    9   1   0   1   0   0   1   1   0   1  22  13   0   0  12  13  12  12   0   1  0.21 0.04
  128 G    0 -1 -1 -1 -2  1 -1  5 -1 -3 -2 -1 -2 -2 -1  0 -1 -2 -2 -2    2   1   1   1   0  14   1  66   1   1   2   1   1   1   1   2   1   0   1   1  0.62 0.07
  129 T    0 -1  0 -1 -2  0  1 -2 -1 -2 -2 -1 -1 -2  2  1  4 -3 -2 -1    1   1   0   1   0   0  14   1   0   1   1   1   0   0  12  11  55   0   0   1  0.41 0.08
  130 G    0 -1  0 -1 -2 -1 -1  4 -1 -3 -3  1 -2 -3 -1  2  0 -2 -2 -2    1   1   0   1   0   0   1  42   0   1   1  13   0   0   1  36   1   0   0   1  0.44 0.07
  131 S    2 -1  3  0 -2 -1 -1  3 -1 -2 -2 -1 -2 -2 -1  2  0 -3 -2 -2   24   1  24   1   0   0   1  25   0   1   1   1   0   0   1  20   1   0   0   1  0.33 0.05
  132 A    1  2 -1 -2 -2  0 -1  2 -1 -2 -1  0  1 -2 -2  0  1 -2 -2 -1   19  25   0   1   0   0   1  23   0   1   1   1  12   0   1   1  13   0   0   1  0.20 0.05
  133 L   -1  2  1 -1 -2 -1 -1  2 -1 -2 -1  0 -1  1 -2  0  1 -2 -1 -2    1  25  12   1   0   0   1  24   0   1   9   1   0  11   1   1  12   0   0   1  0.17 0.04
  134 G    1 -1  1  0 -2  0  1  3 -1 -2 -2 -1 -2 -2 -1  1  1 -2 -2 -2   13   1  12   1   0   0  12  32   0   1   1   1   0   0   1  12  13   0   0   1  0.29 0.04
  135 G    0 -2 -1 -1 -2 -2 -2  4 -2 -3 -3 -1 -2 -3  5  0  1 -3 -3 -2    1   1   0   1   0   0   1  45   0   1   1   1   0   0  35   1  11   0   0   1  0.79 0.08
  136 G    1 -1  2  1 -2 -1 -1  3 -1 -2 -2 -1 -2 -2 -1  1  1 -3 -2 -2   14   1  12  12   0   0   1  30   0   1   1   1   0   0   1  14  12   0   0   1  0.30 0.04
  137 P   -1 -2 -2 -2 -2 -1 -1 -2 -2 -1  0 -1 -1  1  5 -1  2 -2 -1 -1    1   1   0   1   0   0   1   1   0   1  12   1   0  11  44   1  25   0   0   1  0.69 0.08
  138 G    0 -2  2 -1 -3 -2 -2  5 -2 -3 -3 -1 -3 -3 -2  0 -1 -3 -3 -3    1   1  13   1   0   0   1  77   0   1   1   1   0   0   1   1   1   0   0   1  0.87 0.09
  139 A    2 -1  0 -1 -1 -1 -1 -1 -1 -1 -1 -1 -1  1 -1  2  2 -2 -1 -1   20   1   0   1   0   0   1   1   0   1   1   1   0  13   1  34  24   0   0   1  0.24 0.06
  140 G    1 -2 -1 -1 -2 -1 -1  4  3 -3 -2 -1 -2 -1 -2  1 -1 -1  2 -2   12   1   0   1   0   0   1  43  13   1   1   1   0   0   1  12   1   0  12   1  0.38 0.06
  141 S    1 -1  1 -1 -2  1  0  1 -1 -2 -3 -1 -2 -3  2  2  1 -3 -2 -2   11   0  10   0   0  11   0  13   0   0   0   0   0   0  11  30  13   0   0   0  0.32 0.05
  142 A    2 -2 -1 -2 -2 -2 -2  5 -2 -3 -3 -2 -2 -3  2  0 -1 -3 -3 -2   30   0   0   0   0   0   0  57   0   0   0   0   0   0  13   0   0   0   0   0  0.72 0.09
  143 L   -1 -2 -2 -3 -2 -2 -2  2 -2  0  2 -2  0  2  2 -1  0 -2 -1 -1    0   0   0   0   0   0   0  22   0   0  44   0   0  11  12   0  11   0   0   0  0.24 0.06
  144 G    0 -2 -1 -2 -2 -2 -2  4 -2 -1  1 -2 -1  2 -2  1  1 -2 -1 -1    0   0   0   0   0   0   0  42   0   0  22   0   0  13   0  11  12   0   0   0  0.30 0.06
  145 G   -1 -2 -1 -1 -3 -1  1  3 -2 -3 -3 -1 -2 -3  5 -1  0  5 -2 -3    0   0   0   0   0   0  13  31   0   0   0   0   0   0  34   0  10  11   0   0  0.74 0.09
  146 G    2 -2 -1  1 -2 -1 -1  4 -2 -3 -3 -1 -2 -3 -2  1 -1 -3 -3 -2   24   0   0  11   0   0   0  52   0   0   0   0   0   0   0  13   0   0   0   0  0.57 0.08
  147 A    3 -2 -2 -2 -1 -2 -2  1 -2 -1  0 -1 -1  1  2  0  1 -2 -1 -1   43   0   0   0   0   0   0  13   0   0  11   0   0  10  11   0  11   0   0   0  0.23 0.06
  148 G    0 -1 -1 -1 -2  1 -1  3 -2  0 -2 -1 -1 -2 -2  2  0 -3 -2  0    0   0   0   0   0  13   0  30   0  12   0   0   0   0   0  35   0   0   0  11  0.26 0.07
  149 A    1 -2 -1 -1 -1 -1 -1  1 -2 -1 -2 -1 -1 -3  2  3  1 -3 -2  0    8   0   0   0   0   0   0  11   0   0   0   0   0   0  13  44  11   0   0  13  0.32 0.07
  150 G    1  1  0 -1 -2 -1 -1  4 -2 -3 -3  1 -2 -3 -2  2 -1 -3 -3 -2   12  11   0   0   0   0   0  42   0   0   0  11   0   0   0  24   0   0   0   0  0.44 0.07
  151 P   -1 -2  3  1 -3 -1 -1 -2 -1 -3 -3 -1 -2 -3  5  1  1 -4 -3 -2    0   0  22  11   0   0   0   0   0   0   0   0   0   0  43  13  11   0   0   0  0.83 0.09
  152 A    1  1  1 -1 -2  0  1  1 -1 -1  1  0  0 -2 -2  0  1 -3 -2 -1   18  13  13   0   0   0  11  11   0   0  22   0   0   0   0   0  12   0   0   0  0.10 0.04
  153 L   -1 -3 -2 -2 -3 -2 -2  2 -3 -2 -1 -2 -2  1  6 -1 -2 -3 -2 -2    0   0   0   0   0   0   0  23   0   0   8   0   0  11  58   0   0   0   0   0  1.08 0.11
  154 G    0 -2  2 -1 -3 -2 -2  5 -2 -4 -4 -2 -3 -3 -2  1 -1 -3 -3 -3    0   0  11   0   0   0   0  76   0   0   0   0   0   0   0  13   0   0   0   0  0.91 0.11
  155 G    0 -2 -1 -1 -2 -1 -2  4 -2 -2  0 -1 -1 -2 -2  2  2 -3 -2 -2    0   0   0   0   0   0   0  43   0   0  13   0   0   0   0  22  22   0   0   0  0.40 0.07
  156 G    0  1 -1 -2 -3 -2 -2  6 -2 -4 -4 -1 -3 -4 -3 -1 -2 -3 -3 -4    0  11   0   0   0   0   0  89   0   0   0   0   0   0   0   0   0   0   0   0  1.11 0.13
  157 A    2  1 -1 -2 -1 -1 -1 -1 -1 -1  0 -1 -1  1 -2  2  0 -2 -1 -1   32  13   0   0   0   0   0   0   0   0  11   0   0  10   0  34   0   0   0   0  0.20 0.07
  158 G    1 -1  0  1 -2  1 -1  4  3 -3 -3 -1 -2 -3 -2  0  1 -3 -2 -2   11   0   0  12   0  13   0  40  13   0   0   0   0   0   0   0  11   0   0   0  0.39 0.07
  159 A    1 -1 -1 -1 -2  1 -1  1 -2 -3 -3 -1 -2 -3  5  2  1 -3 -3 -2    8   0   0   0   0  11   0  13   0   0   0   0   0   0  35  22  11   0   0   0  0.62 0.07
  160 G    1 -2  1 -1 -2 -1 -2  3 -2 -1  1 -1 -1 -2 -2  2  0 -3 -2 -1   12   0  11   0   0   0   0  30   0   0  24   0   0   0   0  24   0   0   0   0  0.24 0.05
  161 P    1 -2 -2 -2 -3 -1 -1  1 -2 -3 -3  1 -2 -4  6  0  1 -4 -3 -2   11   0   0   0   0   0   0  11   0   0   0  10   0   0  54   0  13   0   0   0  0.99 0.10
  162 A    2 -2  0 -1 -1 -1 -1  1 -2 -2 -2 -1 -1 -3 -1  2  4 -3 -2 -1   18   0   0   0   0   0   0  13   0   0   0   0   0   0   0  23  47   0   0   0  0.40 0.08
  163 L   -1 -2 -2 -3 -2 -2 -2  0 -2  0  1 -2  0  2  2 -1  1  5  0  1    0   0   0   0   0   0   0  11   0   0  22   0   0  13  14   0  14  12   0  13  0.27 0.04
  164 G    1 -1 -1 -1 -2 -1 -1  5 -2 -3 -3  1 -2 -3 -2  0 -1 -2 -2 -2   15   1   1   1   0   1   1  60   0   1   1  14   0   0   1   1   1   0   0   1  0.56 0.06
  165 G    1 -1  0 -1 -1 -1 -1  3 -2 -2 -2 -1 -1 -2 -1  1  2 -2 -2 -1   15   1   1   1   0   1   1  37   0   1   1   1   0   0   1  14  24   0   0   1  0.35 0.04
  166 G    0 -2 -1 -1 -2 -2 -2  5 -2 -1 -2 -1 -2 -2 -2  0  1 -2 -2  0    1   1   1   1   0   1   1  61   0   1   1   1   0   0   1   1  14   0   0  15  0.51 0.06
  167 A    1 -2 -1 -2 -1 -1 -1  1 -2  0  1 -1  0  1 -2  1  0 -1 -1  0   24   1   1   1   0   1   1  13   0   1  28   1   0  12   1  14   1   0   0   1  0.11 0.03
  168 G    0 -2  2 -1 -2 -1 -1  4 -1 -3 -3 -1 -2 -3  3  1 -1 -2 -2 -2    1   1  14   1   0   1   1  48   0   1   1   1   0   0  15  13   1   0   0   1  0.52 0.05
  169 A    2 -1  0  0 -1  2  1 -1 -1 -2 -2  0 -1 -2 -1  1  2 -2 -2 -1   22   1   1   1   0  14  15   1   0   1   1   1   0   0   1  12  28   0   0   1  0.24 0.04
  170 G    0 -1 -1 -1 -2  1 -1  2 -1 -2 -2 -1 -2 -3  4  1  1 -2 -2 -2    1   1   1   1   0  13   1  21   0   1   1   1   0   0  28  14  14   0   0   1  0.47 0.04
  171 S    1 -1  0 -1 -2 -1 -1  4 -2 -2 -2  1 -2 -2 -1  1  1 -2 -2 -2   14   1   1   1   0   1   1  41   0   1   1  12   0   0   1  10  14   0   0   1  0.34 0.04
  172 A    2 -1 -1 -1 -2 -1  1  3 -1 -2 -2 -1 -1 -1 -1  0 -1 -1  2 -1   34   1   1   1   0   1  15  27   0   1   1   1   0   0   1   1   1   0  15   1  0.25 0.04
  173 L   -1 -1 -1 -2 -2  1 -1  1 -1 -1  1 -1  0  2 -2  0 -1  0  2 -1    1   1   1   1   0  14   1  12   0   1  24   1   0  14   1  13   1   0  15   1  0.11 0.03
  174 G    0 -2 -1 -1 -2 -1 -2  4 -2 -3 -3 -1 -2 -2  2  1 -1  5 -1 -2    1   1   1   1   0   1   1  49   0   1   1   1   0   0  14  14   1  13   0   1  0.59 0.06
  175 G    1 -1  0 -1 -1 -1 -1  3 -2 -2 -2 -1 -1 -2 -1  1  2 -2 -2 -1   15   1   1   1   0   1   1  35   0   1   1   1   0   0   1  15  26   0   0   1  0.34 0.04
  176 G    0  1 -1 -1 -2 -1 -1  3 -2 -2 -2  0 -2 -2  3  0  2 -2 -2 -2    1  14   1   1   0   1   1  34   0   1   1   1   0   0  15   1  27   0   0   1  0.37 0.05
  177 G    0 -2 -1 -1 -2 -1 -1  3 -2 -1  0 -1 -1  1 -2  1  1 -2 -1 -1    1   1   1   1   0   1   1  36   0   1  15   1   0  12   1  14  15   0   0   1  0.21 0.04
  178 A    1 -1 -1 -1 -2  0  1  2 -1 -1  0 -1 -1 -2  3  1 -1 -2 -2 -1   10   1   1   1   0   1  15  25   0   1  15   1   0   0  15  14   1   0   0   1  0.23 0.03
  179 G   -1  1 -1 -1 -2 -1 -1  3 -1 -2 -2 -1 -1  1  2  0  1 -2 -1 -2    1  13   1   1   0   1   1  35   0   1   1   1   0  14  14   1  14   0   0   1  0.30 0.04
  180 A    2 -1  1 -1 -1 -1 -1  3 -1 -2 -2 -1 -1 -2 -1  1  1 -2 -2 -1   24   1  12   1   0   1   1  28   0   1   1   1   0   0   1  14  13   0   0   1  0.28 0.03
  181 G    0 -1  2  2 -2  0  1  1  3 -3 -3  0 -2 -2 -1  2  0 -3 -1 -2    1   1  14  14   0   1  13  10  14   1   1   1   0   0   1  26   1   0   0   1  0.27 0.04
  182 P   -1 -2  1 -1 -2 -1 -1  1 -1 -2 -2 -1 -2 -1  5  0  1 -1  2 -2    1   1  12   1   0   1   1  14   0   1   1   1   0   0  35   1  14   0  15   1  0.53 0.05
  183 A    1 -1  2 -1 -2 -1 -1  3 -1 -2 -2 -1 -1  1 -1  1  1 -2 -1 -1   10   1  13   1   0   1   1  29   0   1   1   1   0  14   1  12  14   0   0   1  0.21 0.03
  184 L    0 -2 -1 -1 -2 -1 -2  3 -2 -2 -1 -1 -1 -2  4  0  1 -2 -2 -2    1   1   1   1   0   1   1  39   0   1  10   1   0   0  29   1  13   0   0   1  0.54 0.05
  185 G    0 -1  0 -1 -2  2  0  2 -1 -2 -2  0 -2 -3  3  2  0 -2 -2 -2    1   1   1   1   0  14   1  22   0   1   1   1   0   0  15  39   1   0   0   1  0.37 0.05
  186 G    0  1 -1 -1 -2  0  1  3 -1 -1 -2  0 -1 -2 -1  1 -1 -2 -2  0    1  14   1   1   0   1  15  35   0   1   1   1   0   0   1  13   1   0   0  14  0.23 0.04
  187 G    1 -2 -1 -1 -2 -1 -1  2 -2 -2 -2 -1 -1  1  4  0  1 -2 -1 -1   13   1   1   1   0   1   1  23   0   1   1   1   0  12  28   1  15   0   0   1  0.41 0.04
  188 G   -1  1  2 -1 -2  1 -1  3 -1 -3 -3  0 -2 -3  3  0 -1 -2 -2 -2    1  14  14   1   0  13   1  34   0   1   1   1   0   0  15   1   1   0   0   1  0.38 0.04
  189 A    2 -2 -1 -1 -1 -1 -1  3 -2 -1  0 -1 -1 -2 -1  1  0 -2 -2 -1   37   1   1   1   0   1   1  27   0   1  15   1   0   0   1  12   1   0   0   1  0.24 0.04
  190 G    1  1 -1 -2 -2 -1 -2  5 -2 -3 -3 -1 -2 -3 -2  1 -1 -3 -3 -3   14  14   0   0   0   0   0  59   0   0   0   0   0   0   0  13   0   0   0   0  0.60 0.07
  191 A    2 -1 -1 -1 -1  1 -1 -1 -1 -1  0 -1  0  1 -2  2  1 -2 -1 -1   22   0   0   0   0  14   0   0   0   0  11   0   0  13   0  25  14   0   0   0  0.16 0.05
  192 G   -1 -2 -1  1 -2 -2 -1  4 -2 -3 -3 -2 -2 -2 -2  0  2  5 -2 -2    0   0   0  13   0   0   0  49   0   0   0   0   0   0   0   0  25  12   0   0  0.58 0.08
  193 P    1  1  1 -1 -3 -1 -1  1 -2 -3 -3 -1 -2 -3  6 -1 -1 -4 -3 -2   13  13  11   0   0   0   0  12   0   0   0   0   0   0  50   0   0   0   0   0  0.88 0.08
  194 A    2 -2  2 -1 -2 -1 -1  3 -2 -2 -3 -1 -2 -3  3  0  1 -3 -2 -2   26   0  15   0   0   0   0  28   0   0   0   0   0   0  16   0  14   0   0   0  0.40 0.04
  195 L    1 -2 -2 -3 -2 -2 -2  3 -2  1  1 -2  0  2 -2 -1 -1 -2 -1  0   15   0   0   0   0   0   0  31   0  15  26   0   0  13   0   0   0   0   0   0  0.20 0.03
  196 G    0 -2  0  2 -2 -1 -1  3 -2 -2 -3 -1 -2 -3 -2  1  2 -3 -3 -2    0   0   0  16   0   0   0  38   0   0   0   0   0   0   0  15  30   0   0   0  0.42 0.05
  197 G    0  1  0 -1 -2 -1 -1  2 -2 -3 -3  0 -2 -3  3  2  1 -3 -2 -2    0  14   0   0   0   0   0  26   0   0   0   0   0   0  16  28  15   0   0   0  0.39 0.04
  198 G    0 -2 -1 -2 -2 -2 -2  4 -2  1  0 -2 -1 -2 -2 -1  1 -3 -2 -1    0   0   0   0   0   0   0  55   0  15  15   0   0   0   0   0  14   0   0   0  0.41 0.05
  199 V    0 -2 -1 -1 -2 -1  1  3 -2  0  0 -1  0 -2 -2  0  1 -3 -2  0    0   0   0   0   0   0  17  35   0   0  17   0   0   0   0   0  18   0   0  13  0.20 0.03
  200 A    2 -1 -2 -2 -2  2 -1 -2 -1 -1 -1 -1 -1  4  3  0 -1 -1  1 -1   30   0   0   0   0  18   0   0   0   0   0   0   0  35  17   0   0   0   0   0  0.31 0.04
  201 G    0 -2  2 -1 -3 -2 -2  5 -2 -4 -4 -2 -3 -3 -2  0 -2 -3 -3 -3    0   0  17   0   0   0   0  83   0   0   0   0   0   0   0   0   0   0   0   0  0.95 0.06
  202 S    2 -1  2  0 -1  0 -1 -1 -1 -2 -2 -1 -2 -3 -1  3  2 -3 -2 -1   17   0  18   0   0   0   0   0   0   0   0   0   0   0   0  48  17   0   0   0  0.36 0.04
  203 G    0 -2  2 -1 -3 -2 -2  5 -2 -4 -4 -1 -3 -3  3  0 -1 -3 -3 -3    0   0  17   0   0   0   0  65   0   0   0   0   0   0  18   0   0   0   0   0  0.79 0.05
  204 S    0 -1  0 -1 -2 -1 -1  2 -1 -3 -3 -1 -2 -3  3  3  0 -3 -2 -2    0   0   0   0   0   0   0  18   0   0   0   0   0   0  17  65   0   0   0   0  0.51 0.06
  205 A    3 -2  2 -1 -1 -1 -1 -1 -2  0  1 -1  0 -2 -2  0  0 -3 -2  1   47   0  18   0   0   0   0   0   0   0  18   0   0   0   0   0   0   0   0  17  0.16 0.04
  206 L   -1 -1 -1 -1 -2  3  0 -2 -1  1  0  0  0 -2  3 -1  1 -3 -2  0    0   0   0   0   0  34   0   0   0  17  13   0   0   0  18   0  18   0   0   0  0.29 0.04
  207 G    0 -2  0 -1 -2 -1 -2  5 -2 -3 -3 -1 -2 -3 -2  1  1 -3 -3 -2    0   0   0   0   0   0   0  65   0   0   0   0   0   0   0  18  17   0   0   0  0.66 0.05
  208 G    1 -2 -1 -2 -2 -2 -2  4 -2 -3 -3 -1 -2 -3  3  0  1 -3 -3 -2   18   0   0   0   0   0   0  51   0   0   0   0   0   0  14   0  17   0   0   0  0.58 0.06
  209 G    0 -2  0 -1 -2 -1 -1  5 -2 -3 -3 -1 -2 -3 -2  3  0 -3 -3 -3    0   0   0   0   0   0   0  59   0   0   0   0   0   0   0  41   0   0   0   0  0.71 0.09
  210 A    1 -2 -2 -3 -2 -2 -2  1 -2  0  1 -2  0  2  3 -1 -1  5  0  1   16   0   0   0   0   0   0  11   0   0  15   0   0  12  18   0   0  11   0  18  0.28 0.06
  211 S    1 -1  0 -1 -1 -1 -1 -1 -1 -1 -1 -1 -1  2 -1  2  2 -1  0 -1   19   1   1   1   0   1   1   1   0   1   2   1   0  16   1  31  20   0   1   1  0.20 0.05
  212 A    1 -1 -1  0 -2  0  1  3 -1 -2 -2  1 -1 -2 -1  0  1 -2 -2 -1   20   1   1   1   0   1  18  28   0   1   2  11   0   1   1   1  11   0   1   1  0.23 0.03
  213 G    1 -1 -1 -1 -2  0  1  3 -1 -2 -2 -1 -2 -2  3  1  0 -2 -2 -2   18   1   1   1   0   1  12  32   0   1   2   1   0   1  15  12   1   0   1   1  0.34 0.04
  214 P   -1 -2 -1 -1 -2  0  2 -2 -2 -2 -2 -1 -2 -3  6  0  2 -3 -3 -2    0   0   0   0   0   0  21   0   0   0   0   0   0   0  48   0  31   0   0   0  0.89 0.07
  215 D   -2 -1  1  5 -4  2  3 -2 -1 -3 -3  0 -2 -4 -2  0 -1 -4 -3 -3    0   0   0  57   0  16  27   0   0   0   0   0   0   0   0   0   0   0   0   0  0.71 0.05
  216 N   -1 -2  2 -1 -3 -1 -1  1 -1 -3 -3 -1 -3 -4  6 -1 -1 -4 -3 -3    0   0  22   0   0   0   0  17   0   0   0   0   0   0  61   0   0   0   0   0  1.16 0.05
  217 T   -1 -2 -2 -2 -1 -2 -2 -3 -2  2  1 -2  0 -1  3  0  3 -3 -2  1    0   0   0   0   0   0   0   0   0  28  18   0   0   0  17   0  38   0   0   0  0.29 0.03
  218 L   -1 -2 -2 -2 -1 -2 -2 -2 -2  1  3 -2  1  3 -2 -2 -1  0  1  0    2   1   1   1   0   1   2   2   1   1  52   1   1  26   1   2   1   0   1   2  0.21 0.01
  219 V   -1 -1 -1  0 -2  1  4 -2 -1  0 -1  0 -1 -2 -1  0  0 -2 -1  1    2   1   1   1   0   1  52   2   1   1   2   1   1   1   1   2   1   0   1  26  0.24 0.02
  220 F   -1 -2 -2 -2 -2 -2 -2 -2 -1  0  2 -2  1  5 -2 -2 -1  0  2  0    2   1   1   1   0   1   2   2   1   1  27   1   1  51   1   2   1   0   1   2  0.29 0.02
  221 F   -1 -2 -2 -2 -2 -2 -2 -2  0 -1  0 -2  0  5 -2 -1 -1  1  4 -1    2   1   1   1   0   1   2   2   1   1   2   1   1  51   1   2   1   0  25   2  0.43 0.02
  222 M   -1 -1 -2 -2 -1  0 -1 -2 -1  1  1 -1  6  0 -2 -1 -1 -1 -1  0    2   1   1   1   0   1   2   2   1   1   2   1  75   1   1   2   1   0   1   2  0.30 0.04
  223 H   -2  3  0 -1 -3  0  0 -2  7 -3 -3  0 -2 -2 -2 -1 -2 -3  1 -3    0  25   0   0   0   0   0   0  75   0   0   0   0   0   0   0   0   0   0   0  0.82 0.05
  224 D   -1 -2  1  5 -3 -1  1  2 -2 -3 -4 -1 -3 -4 -2  0 -1 -4 -3 -3    0   0   0  75   0   0   0  25   0   0   0   0   0   0   0   0   0   0   0   0  0.78 0.04
  225 I   -1 -3 -3 -3 -1 -2 -3 -4 -3  3  3 -3  1  0 -3 -2 -1 -2 -1  3    0   0   0   0   0   0   0   0   0  36  38   0   0   0   0   0   0   0   0  26  0.36 0.02
  226 L   -1  0 -2 -3 -2 -1 -2 -3 -2  1  3  1  1  0 -2 -2 -1 -2 -1  0    0   0   0   0   0   0   0   0   0   0  75  25   0   0   0   0   0   0   0   0  0.29 0.03
  227 G    0 -3 -1 -2 -3 -2 -2  6 -2 -4 -4 -2 -3 -3 -2  0 -2 -3 -3 -3    0   0   0   0   0   0   0 100   0   0   0   0   0   0   0   0   0   0   0   0  1.15 0.04
  228 G    0 -2 -1  0 -3 -1  2  5 -2 -4 -4 -1 -3 -3 -2  0 -2 -3 -3 -3    0   0   0   0   0   0  25  75   0   0   0   0   0   0   0   0   0   0   0   0  0.77 0.03
  229 S    1 -1  0 -1 -1 -1 -1 -1 -1  0 -1 -1 -1 -2 -1  4  1 -3 -2  1    0   0   0   0   0   0   0   0   0   0   0   0   0   0   0  75   0   0   0  25  0.31 0.04
  230 N    0 -1  3  0 -2  0 -1  2  4 -3 -3 -1 -2 -2 -2  2  0 -3 -1 -3    0   0  24   0   0   0   0  25  26   0   0   0   0   0   0  25   0   0   0   0  0.41 0.02
  231 P   -1 -2 -2 -2 -3 -2 -1 -2 -2 -3 -3 -1 -3 -4  8 -1 -1 -4 -3 -3    0   0   0   0   0   0   0   0   0   0   0   0   0   0 100   0   0   0   0   0  2.15 0.06
  232 T    2 -1  0 -1 -1 -1 -1 -1 -2 -1 -2 -1 -1 -2 -1  2  3 -3 -2 -1   25   0   0   0   0   0   0   0   0   0   0   0   0   0   0  26  49   0   0   0  0.36 0.03
  233 A    4 -2 -1 -2 -1 -1 -1  3 -2 -2 -2 -1 -1 -3 -1  1 -1 -3 -2 -1   75   0   0   0   0   0   0  25   0   0   0   0   0   0   0   0   0   0   0   0  0.45 0.03
  234 R   -1  5 -1 -1 -4  1  2 -2  0 -3 -3  2 -2 -3 -2 -1 -1 -3 -2 -3    0  75   0   0   0   0  25   0   0   0   0   0   0   0   0   0   0   0   0   0  0.68 0.04
  235 A    1 -1 -1 -1 -1 -1 -1 -1 -2  0 -1 -1 -1 -2  4  0  0 -2 -1  1   26   1   1   1   0   1   2   2   1   1   2   1   1   1  26   2   1   0   1  28  0.31 0.01
  236 V    0 -2 -2 -2 -1 -2 -2 -2 -2  3  1 -2  1 -1 -1 -1  0 -2 -1  3    2   1   1   1   0   1   2   2   1  26   2   1   1   1   1   2   1   0   1  52  0.19 0.01
  237 T   -1  3  0 -1 -2  0 -1 -2 -1 -1 -2  0 -1 -2 -2  1  4 -3 -2 -1    0  25   0   0   0   0   0   0   0   0   0   0   0   0   0   0  75   0   0   0  0.44 0.04
  238 G    0 -3 -1 -2 -3 -2 -2  6 -2 -4 -4 -2 -3 -3 -2  0 -2 -3 -3 -3    0   0   0   0   0   0   0 100   0   0   0   0   0   0   0   0   0   0   0   0  1.15 0.04
  239 V   -1 -3 -3 -3 -2 -2 -2 -3 -3  2  2 -2  1 -1  4 -2 -1 -3 -2  2    0   0   0   0   0   0   0   0   0  26  25   0   0   0  25   0   0   0   0  24  0.42 0.02
  240 V   -1  2 -2 -3 -2 -1 -2 -3 -2  1  2 -1  1 -1 -3 -2 -1 -3 -1  3    0  25   0   0   0   0   0   0   0   0  25   0   0   0   0   0   0   0   0  50  0.22 0.02
  241 A    3 -2 -1 -2 -1 -1 -2  4 -2 -2 -3 -1 -2 -3 -2  0 -1 -3 -2 -1   50   0   0   0   0   0   0  50   0   0   0   0   0   0   0   0   0   0   0   0  0.56 0.03
  242 N   -1  0  4  0 -3  4  1 -1  0 -3 -3  0 -1 -3 -2  0 -1 -3 -2 -3    0   0  49   0   0  51   0   0   0   0   0   0   0   0   0   0   0   0   0   0  0.59 0.04
  243 P    1  0  0 -1 -1  2  0 -1 -1 -1 -1  0 -1 -2  2  0  2 -2 -1 -1   15   1   1   1   0  27   2   2   1   1   2   1   1   1  13   2  27   0   1   2  0.24 0.01
  244 A    1 -2 -1 -1 -2  0  2  2 -2  1 -1 -1 -1 -2 -2  0 -1 -3 -2  0   24   0   0   0   0   0  26  25   0  25   0   0   0   0   0   0   0   0   0   0  0.18 0.02
  245 L   -1 -2 -3 -3 -2 -2 -2 -3 -1  1  1 -2  0  0  4 -2 -1 -1  3  1    0   0   0   0   0   0   0   0   0   0  24   0   0   0  25   0   0   0  25  26  0.40 0.02
  246 S   -1  3  4  0 -2  0  0 -1  0 -3 -3  0 -2 -3 -2  2  0 -3 -2 -3    0  25  51   0   0   0   0   0   0   0   0   0   0   0   0  24   0   0   0   0  0.47 0.03
  247 G    0 -3 -1 -2 -3 -2 -2  6 -2 -4 -4 -2 -3 -3 -2  0 -2 -3 -3 -3    0   0   0   0   0   0   0 100   0   0   0   0   0   0   0   0   0   0   0   0  1.15 0.04
  248 Q   -1  1  0  0 -2  5  1 -1  0 -2 -2  1  0 -2 -1  0 -1 -1 -1 -2    2   1   1   1   0  75   2   2   1   1   2   1   1   1   1   2   2   0   1   2  0.48 0.03
  249 L   -1 -3 -3 -3 -2 -2 -2 -3 -3  3  1 -2  0 -1  4 -2 -1 -3 -2  2    0   0   0   0   0   0   0   0   0  39  11   0   0   0  25   0   0   0   0  25  0.43 0.02
  250 P   -1 -2 -2 -2 -3 -2 -2  2 -2 -3 -3 -1 -3 -4  7 -1 -1 -4 -3 -3    0   0   0   0   0   0   0  25   0   0   0   0   0   0  75   0   0   0   0   0  1.51 0.04
  251 F   -2 -3 -3 -4 -2 -3 -3 -3 -2  0  2 -3  0  6 -4 -3 -2  0  2 -1    0   0   0   0   0   0   0   0   0   0  25   0   0  75   0   0   0   0   0   0  0.64 0.04
  252 A    3 -2 -1 -2 -1 -1 -1 -1 -1 -1 -1 -1 -1  3 -1  2  0 -1  0 -1   49   0   0   0   0   0   0   0   0   0   0   0   0  25   0  26   0   0   0   0  0.25 0.03
  253 K   -1  1  0 -1 -3  1  0  2 -1 -3 -3  4 -2 -3 -1  0 -1 -3 -2 -3    0   0   0   0   0   0   0  25   0   0   0  75   0   0   0   0   0   0   0   0  0.48 0.04
  254 P    1 -1 -1 -1 -2  2  0 -2 -1 -3 -3  0 -2 -3  6  1 -1 -3 -2 -2   13   0   0   0   0  25   0   0   0   0   0   0   0   0  49  13   0   0   0   0  0.88 0.03
  255 N   -1 -1  3  3 -2 -1  0 -1 -1  1 -1 -1 -1 -2 -2  2  0 -3 -2  0    0   0  24  25   0   0   0   0   0  25   0   0   0   0   0  26   0   0   0   0  0.24 0.02
  256 G    0 -2  3 -1 -3 -1 -2  5 -1 -4 -4 -1 -3 -3 -2  0 -1 -3 -3 -3    0   0  26   0   0   0   0  74   0   0   0   0   0   0   0   0   0   0   0   0  0.82 0.03
  257 A    1 -1  1 -1 -2 -1 -1 -1  4 -2 -1 -1 -1  3 -2  1 -1 -1  1 -2   24   0  13   0   0   0   0   0  25   0   0   0   0  25   0  13   0   0   0   0  0.23 0.02
  258 N   -1 -1  2 -1 -2 -1 -1  2 -1  1 -1 -1 -1 -2 -2  0  1 -2 -2  0    1   1  24   1   0   1   1  26   0  27   1   1   0   0   1   1  13   0   0   1  0.16 0.01
  259 L   -1 -2 -2 -3 -2 -2 -2 -3  0  1  2 -2  0  4 -2 -2 -1  0  4  1    1   1   1   1   0   1   1   1   0   1  25   1   0  26   1   1   1   0  26  13  0.30 0.02
  260 P   -1 -2 -2 -2 -3 -2 -1 -2 -2 -3 -3 -1 -3 -4  8 -1 -1 -4 -3 -3    0   0   0   0   0   0   0   0   0   0   0   0   0   0 100   0   0   0   0   0  2.15 0.06
  261 V    0 -2 -2 -2 -2 -2 -2  2 -3  1 -1 -2 -1 -2  4 -1 -1 -3 -2  2    0   0   0   0   0   0   0  25   0   0   0   0   0   0  25   0   0   0   0  50  0.39 0.03
  262 S   -1  3  0  3 -3  2  2 -1 -1 -3 -3  1 -2 -3 -1  1  0 -3 -2 -2    0  25   0  26   0  12  12   0   0   0   0   0   0   0   0  24   0   0   0   0  0.38 0.02
  263 N   -2  0  5  1 -3  0  0 -1  0 -3 -3  2 -2 -3 -2  0  0 -4 -2 -3    0   0  75   0   0   0   0   0   0   0   0  25   0   0   0   0   0   0   0   0  0.63 0.04
  264 G    1 -2 -1 -2 -2 -2 -2  5 -2 -3 -3 -2 -3 -3 -2  0 -2 -3 -3 -3   13   0   0   0   0   0   0  87   0   0   0   0   0   0   0   0   0   0   0   0  0.95 0.04
  265 V   -1 -2 -2 -1 -2 -1  2 -3 -2  2  0 -1  0 -1 -2 -1  0 -3 -2  3    0   0   0   0   0   0  25   0   0  12   0   0   0   0   0   0   0   0   0  62  0.24 0.03
  266 P    1 -2 -2 -2 -2 -1 -1 -2 -2 -3 -3 -1 -2 -3  7  0 -1 -4 -3 -2   25   0   0   0   0   0   0   0   0   0   0   0   0   0  75   0   0   0   0   0  1.47 0.04
  267 S    0 -2 -1 -2 -2 -2 -2  2 -2  2  1 -2  0 -1 -2  1  0 -2 -2  0    0   0   0   0   0   0   0  25   0  25  26   0   0   0   0  24   0   0   0   0  0.16 0.02
  268 N   -1 -2  1  1 -2 -2 -1 -2 -2  0 -1 -2 -1  3  4 -1 -1 -2  0  1    0   0  11  13   0   0   0   0   0   0   0   0   0  25  25   0   0   0   0  26  0.31 0.02
  269 N   -2 -1  5  1 -3  0 -1 -1  0 -3 -3 -1 -2 -3  4  0  0 -4 -2 -3    0   0  75   0   0   0   0   0   0   0   0   0   0   0  25   0   0   0   0   0  0.81 0.04
  270 N    2 -1  3 -1 -1 -1 -1  3 -1 -2 -3 -1 -2 -3 -1  1  0 -3 -2 -2   37   0  24   0   0   0   0  25   0   0   0   0   0   0   0  13   0   0   0   0  0.35 0.02
  271 N   -2 -1  5  0 -3  0 -1 -1  1 -3 -3 -1 -2  0 -2  0 -1 -1  3 -3    0   0  75   0   0   0   0   0   0   0   0   0   0   0   0   0   0   0  25   0  0.61 0.05
  272 N   -1 -1  4  0 -3 -1 -1  2 -1 -3 -3 -1 -3 -3  4  0 -1 -4 -3 -3    0   0  50   0   0   0   0  25   0   0   0   0   0   0  25   0   0   0   0   0  0.66 0.03
  273 G    2 -2  1 -1 -2 -1 -2  4 -2  0 -2 -1 -1 -2 -2  0 -1 -3 -2 -1   25   0  13   0   0   0   0  49   0  13   0   0   0   0   0   0   0   0   0   0  0.40 0.02
  274 I   -1 -2  1 -2 -1 -2 -2 -3 -2  3  2 -2  1 -1 -3 -2 -1 -3 -1  3    0   0  13   0   0   0   0   0   0  24  25   0   0   0   0   0   0   0   0  38  0.23 0.02
  275 V   -1 -1  1 -1 -2  2  0 -2 -1  1  0  0  0 -2  2  1  0 -3 -2  1    0   0  12   0   0  25   0   0   0  13  13   0   0   0  12  13   0   0   0  11  0.16 0.01
  276 N   -1 -1  3  0 -2 -1 -1  3 -1 -1 -2 -1 -2 -3 -2  0  1 -3 -2  0    0   0  37   0   0   0   0  38   0   0   0   0   0   0   0   0  12   0   0  13  0.38 0.02
  277 N   -1 -1  2  0 -2  0  2 -2 -1  0 -1 -1 -1 -2  4 -1 -1 -3 -2  0    0   0  24   0   0   0  25   0   0  12   0   0   0   0  26   0   0   0   0  12  0.39 0.02
  278 N   -2 -1  5  3 -3  0  0 -1  0 -3 -4  0 -3 -3 -2  0  0 -4 -3 -3    0   0  75  25   0   0   0   0   0   0   0   0   0   0   0   0   0   0   0   0  0.75 0.04
  279 N    0 -2  3 -1 -2 -1 -1  4 -1 -3 -3 -1 -2 -3 -2  0  2 -3 -3 -2    0   0  24   0   0   0   0  50   0   0   0   0   0   0   0   0  26   0   0   0  0.51 0.03
  280 V    1 -2  2 -1 -1 -1 -1 -1 -1  1  0 -1  0 -2 -2  0  0 -3 -2  2   26   0  25   0   0   0   0   0   0  12   0   0   0   0   0   0   0   0   0  36  0.15 0.02
  281 P   -1 -2 -2 -2 -3 -2 -1 -2 -2 -3 -3 -1 -3 -4  8 -1 -1 -4 -3 -3    0   0   0   0   0   0   0   0   0   0   0   0   0   0 100   0   0   0   0   0  2.15 0.06
  282 F   -1 -2 -2 -2 -1 -1 -2 -2 -2  1  3 -2  1  2 -2 -2 -1 -1  0  0    2   1   1   1   0   1   2   2   1   1  66   1   1  12   1   2   1   0   1   2  0.22 0.01
  283 L   -1 -2 -1 -2 -1 -1 -2  2 -2  0  2 -1  1  0 -2 -1 -1 -1 -1  0    2   1   1   1   0   1   2  26   1   1  52   1   1   1   1   2   1   0   1   2  0.16 0.01
  284 V    0 -1 -1 -1 -1 -1 -1 -1 -2  0  0 -1  0 -1 -1  1  3 -2 -1  2    2   1   1   1   0   1   2   2   1   1   2   1   1   1   1   2  52   0   1  26  0.20 0.02
  285 G    0 -3 -1 -2 -3 -2 -2  6 -2 -4 -4 -2 -3 -3 -2  0 -2 -3 -3 -3    0   0   0   0   0   0   0 100   0   0   0   0   0   0   0   0   0   0   0   0  1.15 0.04
  286 L   -2  2 -2 -3 -2 -1 -2 -3 -2  1  3 -1  1  0 -3 -2 -1 -2 -1  0    0  25   0   0   0   0   0   0   0   0  75   0   0   0   0   0   0   0   0   0  0.33 0.03
  287 G    0 -2  0 -1 -2 -1 -1  5 -2 -3 -3 -1 -2 -3 -2  2  0 -3 -3 -3    0   0   0   0   0   0   0  63   0   0   0   0   0   0   0  37   0   0   0   0  0.67 0.03
  288 G    0 -3 -1 -2 -3 -2 -2  6 -2 -4 -4 -2 -3 -3 -2  0 -2 -3 -3 -3    0   0   0   0   0   0   0 100   0   0   0   0   0   0   0   0   0   0   0   0  1.15 0.04
  289 T    1 -1  0  0 -1  0  2 -1 -1 -2 -2  0 -1 -3 -1  2  3 -3 -2 -1   13   0   0   0   0   0  25   0   0   0   0   0   0   0   0  13  49   0   0   0  0.33 0.03
  290 T    1  0  0 -1 -2  3  0 -1 -1 -2 -2  2 -1 -3 -1  1  2 -3 -2 -1   25   0   0   0   0  26   0   0   0   0   0  25   0   0   0   0  24   0   0   0  0.27 0.02
  291 A    2 -2 -1 -2 -1 -1 -1  2 -1 -2 -2 -1 -1  2 -2  1  1 -1  2 -1   24   0   0   0   0   0   0  25   0   0   0   0   0  12   0  13  13   0  12   0  0.22 0.01
  292 N    1 -1  4  3 -2  0  0 -1 -1 -3 -3 -1 -2 -3 -2  2  0 -4 -2 -2   13   0  36  28   0   0   0   0   0   0   0   0   0   0   0  24   0   0   0   0  0.47 0.06
  293 I   -1 -1 -1 -2 -1 -1 -1 -2 -2  3  0  1  0 -1 -2 -1  2 -2 -1  2    1   1   1   1   0   1   1   1   0  46   1  14   0   1   1   1  20   0   0   9  0.15 0.04
  294 L    1 -2 -2 -2 -1 -1 -2  1 -2  1  2 -2  2 -1 -2 -1 -1 -2 -1  1   16   1   1   1   0   1   1  14   0   1  31   1  10   1   1   1   1   0   0  20  0.12 0.02
  295 Q   -1 -1 -2 -2 -2  2 -1 -2  0  2  0 -1  0  2 -2 -1 -1  0  4  0    1   1   1   1   0  19   1   1   0  33   1   1   0  10   1   1   1   0  27   1  0.21 0.05
  296 N   -1  2  3  3 -3  2  0  1  0 -3 -2  0 -2 -3 -1  0 -1 -2 -2 -2    1  14  25  21   0  20   1  10   0   1   1   1   0   1   1   1   1   0   0   1  0.32 0.04
  297 N   -1 -1  4  0 -2 -1 -1  4 -1 -2 -2 -1 -2 -2 -2  0 -1 -3 -2 -1    1   1  38   1   0   1   1  41   0   1   1   1   0   1   1   1   1   0   0  10  0.42 0.05
  298 N   -1  0  1  3 -2  0  0  1 -1 -2 -2  2 -2 -3 -1  1  1 -3 -2 -2    1   1   8  30   0   1   1  12   0   1   1  20   0   1   1  11  10   0   0   1  0.27 0.03
  299 N   -1  2  5  2 -3  0  0 -1  0 -3 -3  0 -2 -3 -2  0  0 -3 -2 -3    1  14  64  10   0   1   1   1   0   1   1   1   0   1   1   1   1   0   0   1  0.55 0.07
  300 G    1 -2  1 -1 -2 -2 -2  4 -2 -1 -2 -1 -2 -3 -2  0  0 -3 -3  0   13   0  11   0   0   0   0  53   0   0   0   0   0   0   0   0   8   0   0  15  0.45 0.05
  301 N    1 -1  4  1 -2  3  0 -1  0 -2 -2  0  1 -3 -2  0 -1 -3 -2 -2   18   0  39   8   0  23   0   0   0   0   0   0  11   0   0   0   0   0   0   0  0.33 0.07
  302 N   -1 -1  5  0 -2 -1 -1 -1  0 -2 -1 -1 -1 -3 -2  2  0 -3 -2 -2    0   0  57   0   0   0   0   0   0   0  11   0   0   0   0  32   0   0   0   0  0.48 0.09
  303 I    2 -1  1 -1 -1  1  0  2 -1 -1 -1 -1 -1 -2 -1  1  0 -2 -2 -1   37   1  12   1   0  10   1  14   0   8   1   1   0   1   1  10   1   0   0   1  0.17 0.03
  304 L    0 -2 -1 -2 -1 -1 -2  1 -2  0  1 -1  0  2 -2  1  3 -2 -1  0    9   0   0   0   0   0   0  11   0   0  21   0   0  13   0  10  36   0   0   0  0.16 0.04
  305 N    0 -1  4  0 -2 -1 -1 -1 -1 -2 -1 -1 -1 -2  2  2  0 -3 -2 -2    0   0  40   0   0   0   0   0   0   0  11   0   0   0  13  36   0   0   0   0  0.40 0.07
  306 G    2 -1  1 -1 -1 -1 -1  3 -1 -2 -2 -1 -2 -2 -1  1  0 -2 -2 -1   37   1  10   1   0   0   1  35   0   1   1   1   0   0   1  10   1   0   0   1  0.36 0.04
  307 F    2 -2 -2 -2 -1 -2 -2 -2 -2  2  2 -2  1  1 -2 -1 -1 -2 -1  1   30   1   0   1   0   0   1   1   0  21  33   1   0   7   1   1   1   0   0   1  0.15 0.03
  308 P    0 -2 -2 -2 -2  1 -1 -2 -2  1 -1 -1 -1 -2  6 -1 -1 -3 -2  1    9   0   0   0   0  10   0   0   0  18   0   0   0   0  49   0   0   0   0  14  0.79 0.09
  309 V    0 -2 -1 -2 -1 -2 -2  0 -2  0 -1 -2 -1  2 -2  1  2 -2  0  2    7   0   0   0   0   0   0   9   0   0   0   0   0  16   0  11  29   0   0  29  0.16 0.06
  310 A    1 -1  2 -1 -1  1  0 -1 -1 -1 -1 -1 -1 -2 -1  1  2 -3 -2  1   18   0  14   0   0  11   0   1   0   0   1   0   0   0   0  16  21   0   0  16  0.17 0.04
  311 S   -1 -2  0 -1 -1 -1 -1 -2 -2  2  0 -1  0 -1  4  0  1 -2 -2  0    1   1   6   1   0   1   1   1   0  24  12   1   0   1  24   6  17   0   1   1  0.27 0.04
  312 G    0  2 -1 -1 -2 -1 -1  3 -1 -1  0  0 -1 -2 -1  0  0 -2 -2 -1    9  24   1   1   0   1   1  30   0   1  16   1   0   1   1   1   9   0   1   1  0.19 0.03
  313 G    0 -2 -1  0 -2 -1 -1  4 -2  1 -1 -1 -1 -2 -2 -1 -1 -2 -2  1    2   1   1   8   0   1   1  46   0  13   2   1   0   1   1   1   1   0   1  18  0.26 0.03
  314 Q    1  1  1  0 -1  3  1 -1  0 -2 -1  1 -1 -2 -1  0  0 -1 -1 -1   19  12   7   2   1  34   2   3   1   2   3   2   1   1   2   2   2   0   1   2  0.19 0.02
  315 L   -1 -1  2  0 -2  0  1  2 -1 -1  1  0  0 -1 -1  0 -1 -2 -1 -1    2   2  16   2   1   1  18  21   1   2  22   2   1   1   2   2   2   0   1   2  0.10 0.01
  316 P    1 -2 -2 -1 -2 -1 -1 -1 -2 -2 -2 -1 -2 -2  6  0 -1 -2 -2 -2   14   1   1   1   0   1   1   2   0   1   2   1   0   1  66   2   1   0   1   1  1.19 0.07
  317 S    0 -1 -1  1 -2 -1  1 -1 -1 -1 -2 -1 -1 -2  5  1  0 -2 -2  0    2   1   1  10   0   1   8   2   0   1   2   1   0   1  37  16   1   0   1  13  0.51 0.04
  318 G    1  0 -1 -1 -1  0 -1  2 -1  0 -1  1 -1 -2 -1  1  0 -2 -2  0   18   1   1   1   0   1   1  18   0  18   2  18   0   1   1  18   1   0   1   1  0.11 0.03
  319 S    1 -1 -1 -1 -1 -1 -1  0 -1  0  1  1  0 -1 -1  1  1 -2 -1  1   13   1   1   1   0   1   1   9   0   1  18  14   0   1   1  11   9   0   1  14  0.05 0.01
  320 A    1 -1  1 -1 -1 -1 -1  1  0 -1 -1 -1  1 -1 -1  2  0 -1  2 -1   18   1   8   1   0   1   1   8   0   1   2   1   7   1   1  31   1   0  14   1  0.15 0.03
  321 L    0 -2 -2 -3 -1 -2 -2 -3 -3  1  3 -2  1  0 -2  0  0 -2 -2  0    8   0   0   0   0   0   0   0   0   7  65   0   0   0   0  13   7   0   0   0  0.31 0.06
  322 Q    0 -1  0 -1 -2  3  0  4 -1 -3 -3 -1 -2 -3 -2  2  0 -3 -3 -3    0   0   0   0   0  28   0  45   0   0   0   0   0   0   0  21   6   0   0   0  0.53 0.08
  323 M    1 -1  1  2 -2  2  0 -1  1 -2 -2  0  1 -2  1  0 -1 -2 -1 -2   15   1  11  17   0  13   1   1   6   1   1   7  10   0   8   7   1   0   0   1  0.19 0.03
  324 L   -1 -2 -2 -2 -2 -2 -2 -2  1  0  2 -2  0  3  1  0  1 -1  0  1    1   1   0   1   0   0   1   1   6   1  27   1   0  21   6   6  12   0   0  16  0.14 0.03
  325 M   -1 -1  0 -2 -2 -1 -1  1  1  0  0  1  2  0 -2  1 -1 -1  1  0    1   0   4   0   0   0   1  11   5   0   6  13  19   5   0  15   1   0   7   9  0.06 0.04
  326 F   -3 -4 -4 -4 -3 -4 -4 -4 -2 -1  0 -4 -1  7 -4 -3 -3  0  2 -2    0   0   0   0   0   0   0   0   0   0   4   0   0  96   0   0   0   0   0   0  1.37 0.18
  327 G   -1 -3 -1 -2 -3 -3 -3  6 -3 -5 -4 -2 -3 -4 -3 -1 -2 -3 -4 -4    0   0   0   0   0   0   0 100   0   0   0   0   0   0   0   0   0   0   0   0  1.48 0.16
  328 T    1 -1  0 -1 -2  0  0 -1 -1 -1 -1  1 -1 -2 -1  2  2 -3 -2  0   11   0   5   0   0   0   5   0   0   0   7  17   0   0   0  28  20   0   0   6  0.20 0.06
  329 M   -2 -3 -4 -4 -2 -3 -3 -4 -3  4  2 -3  2  2 -3 -3 -1 -2 -1  2    0   0   0   0   0   0   0   0   0  43  23   0   8  12   0   0   0   0   0  14  0.42 0.08
  330 T    0 -1 -2 -2 -2 -2 -2 -3 -2  1  0 -2  1  2  0  0  3 -2 -1  1    3   4   0   0   0   0   0   0   0   9   4   0   6  15   3   3  37   0   0  17  0.21 0.07
  331 V    0 -3 -3 -4 -2 -2 -3 -3 -3  3  1 -3  4 -1 -3 -2 -1 -3 -2  3    6   0   0   0   0   0   0   0   0  31   3   0  20   0   0   0   0   0   0  40  0.44 0.09
  332 I    0 -3 -3 -3 -2 -2 -3 -3 -3  3  1 -3  3  2 -3 -2  0 -2 -1  2    6   0   0   0   0   0   0   0   0  34   6   0  15  13   0   0   3   0   0  23  0.32 0.07
  333 D   -3 -2  1  7 -4 -1  1 -2 -2 -4 -4 -2 -4 -4 -2 -1 -2 -5 -4 -4    0   0   5  95   0   0   0   0   0   0   0   0   0   0   0   0   0   0   0   0  1.40 0.18
  334 D   -1 -2  4  6 -4 -1  0  0 -1 -4 -4 -1 -3 -4 -2 -1 -1 -5 -3 -4    4   0  28  64   0   0   0   4   0   0   0   0   0   0   0   0   0   0   0   0  0.93 0.13
  335 E    1 -1 -2 -1 -3 -1  2 -2 -2  0 -2  0 -2 -3  6 -1 -1 -4 -3 -1   13   3   0   0   0   0  17   0   0  11   0   3   0   0  52   0   0   0   0   0  0.93 0.11
  336 L   -2 -3 -4 -4 -2 -3 -3 -4 -3  2  4 -3  2  0 -3 -3 -1 -2 -2  2    0   0   0   0   0   0   0   0   0  13  66   0   4   0   0   0   0   0   0  17  0.54 0.09
  337 T   -1 -2 -1 -2 -2 -2 -2 -2 -3 -2 -2 -2 -2 -3 -2  1  6 -3 -3 -1    0   0   0   0   0   0   0   0   0   0   0   0   0   0   0   0 100   0   0   0  1.04 0.19
  338 E    0 -1 -2 -1 -2  0  2 -2 -2  1  1 -1  2  0 -2  0  0 -2 -1  1    3   0   0   0   0   0  30   0   0   4  15   0  12   3   0  11   3   0   0  16  0.16 0.06
  339 G   -1 -2  0  3 -3 -1  0  4 -2 -3 -4 -1 -3 -4 -2  1  0 -3 -3 -3    0   0   0  30   0   0   3  46   0   0   0   3   0   0   0   9   8   0   0   0  0.60 0.09
  340 H   -1 -1 -1 -2 -3  2 -1 -3  4 -2 -2  0 -2 -3  5 -1 -1 -3 -1  0    4   0   0   0   0  13   0   0  21   0   0   8   0   0  37   0   0   0   0  16  0.68 0.10
  341 E   -1 -1  3  3 -3  0  3 -2 -1 -3 -3  0 -3 -4  2  0 -1 -4 -3 -3    3   0  21  24   0   0  31   0   0   0   0   4   0   0  12   5   0   0   0   0  0.55 0.08
  342 L   -2 -1 -3 -3 -2 -2 -2 -3 -2  1  2 -1  2  1  3 -2 -1 -1  2  1    0   3   0   0   0   0   0   0   0   9  37   4   7   4  16   0   0   0  13   7  0.29 0.06
  343 G   -1 -1  2 -1 -2  0 -1  2  1 -2  0  1 -1 -2 -2  1  0 -3 -2 -2    0   0  16   0   0   4   0  25   4   0  17  10   0   0   0  17   6   0   0   0  0.20 0.05
  344 S    1 -2  0 -1 -2 -1 -1 -1 -2 -3 -3 -1 -2 -3 -2  5  1 -4 -3 -2    3   0   0   0   0   0   0   0   0   0   0   0   0   0   0  97   0   0   0   0  0.87 0.17
  345 G    0  0 -1 -1 -3  2  2  0 -1 -3 -3  3 -2 -3 -2  0  1 -3 -2 -2    9   0   0   0   0   8  21   8   0   0   0  39   0   0   0   0  16   0   0   0  0.36 0.08
  346 L   -1 -1 -2 -1 -2  1  2 -3 -2  0  1  0  1 -2  4 -1 -1 -3 -2  1    0   0   0   0   0   9  20   0   0   5  16   6   4   0  25   0   0   0   0  17  0.35 0.06
  347 L   -1 -3 -4 -4 -1 -3 -3 -4 -4  3  2 -3  1 -1 -3 -2 -1 -3 -2  4    0   0   0   0   0   0   0   0   0  19  19   0   0   0   0   0   0   0   0  62  0.53 0.10
  348 G    2 -3 -1 -2 -3 -2 -2  6 -3 -4 -4 -2 -3 -4 -2 -1 -2 -3 -3 -3   21   0   0   0   0   0   0  79   0   0   0   0   0   0   0   0   0   0   0   0  1.05 0.13
  349 K   -2  5  1 -1 -4  3  0 -2 -1 -4 -3  3 -2 -4 -2 -1 -1 -3 -2 -3    0  58  10   0   0  16   0   0   0   0   0  16   0   0   0   0   0   0   0   0  0.75 0.12
  350 A    5 -2 -2 -2 -1 -2 -2  0 -2 -1 -2 -2 -1 -3 -2  1 -1 -3 -2  0   84   0   0   0   0   0   0   4   0   0   0   0   0   0   0   3   0   0   0   8  0.60 0.13
  351 Q   -2  1 -1 -1 -4  7  1 -3 -1 -4 -3  0 -1 -4 -2 -1 -2 -3 -2 -3    0   6   0   0   0  94   0   0   0   0   0   0   0   0   0   0   0   0   0   0  1.24 0.20
  352 G   -1 -3 -1 -2 -3 -3 -3  6 -3 -5 -4 -2 -4 -4 -3 -1 -2 -3 -4 -4    0   0   0   0   0   0   0 100   0   0   0   0   0   0   0   0   0   0   0   0  1.48 0.16
  353 Y   -2 -3 -3 -4 -2 -3 -3 -4 -2  1  1 -3  4  5 -4 -3 -2 -1  2  1    0   0   0   0   0   0   0   0   0   7   8   0  25  48   0   0   0   0   4   8  0.60 0.11
  354 Y   -3 -3 -3 -4 -3 -3 -3 -4  1 -2 -2 -3 -2  3 -4 -3 -3  1  8 -2    0   0   0   0   0   0   0   0   0   0   0   0   0  12   0   0   0   0  88   0  1.49 0.20
  355 V    2 -3 -3 -3  1 -2 -2 -1 -3  1  1 -2  0  2 -2 -1 -1 -2  0  2   29   0   0   0   4   0   0   4   0   5   9   0   0  17   0   0   0   0   0  32  0.20 0.06
  356 A    2 -2 -1 -2 -2 -1 -2  1 -1 -2 -2 -1 -2  0 -2  2  0 -1  4 -2   32   0   0   0   0   0   0  12   0   0   3   0   0   0   0  27   0   0  26   0  0.34 0.09
  357 S    2 -1  1  2 -2 -1 -1  0  2 -2 -3 -1 -2 -3 -2  3  2 -3 -2 -2   18   0   5  13   0   0   0   4   8   0   0   0   0   0   0  35  16   0   0   0  0.31 0.07
  358 A    2 -2 -1  1  3 -1 -1  2 -2 -2 -2 -1  2 -2 -2  2  0 -3 -2 -1   25   0   0  10   9   0   0  18   0   0   0   0  13   0   0  21   5   0   0   0  0.25 0.07
  359 I    0  1 -1 -2 -3  3  0 -2 -1 -1  0  4  2 -2 -2 -1 -1 -3 -2 -1    8   0   0   0   0  22   0   0   0   4  13  44   9   0   0   0   0   0   0   0  0.32 0.09
  360 D   -1  1  2  3 -3  0  1 -1  1 -3 -3  1  0 -3 -2  0  0 -3 -2 -2    4   7  15  29   0   0   8   3   6   0   0  15   4   0   0   0   9   0   0   0  0.32 0.06
  361 G   -1 -1  2  2 -3  0  2  2 -1 -2 -2  0 -2 -3 -2  0  1 -3 -3 -1    0   0  11  15   0   0  20  25   0   0   4   7   0   0   0   0  12   0   0   6  0.26 0.05
  362 T    0 -2 -2 -2 -2 -2 -2 -2 -1  1  0 -2  0  2  1  1  1 -1  3  0    3   0   0   0   0   0   0   0   0  15   9   0   0  11   6  13  17   0  22   4  0.20 0.06
  363 S    0 -1  2  1 -2 -1 -1  3 -1 -2 -3  0 -2 -3 -2  2  2 -3 -3 -2    0   0  13   8   0   0   0  30   0   0   0   4   0   0   0  23  18   0   0   3  0.36 0.07
  364 Q    1 -1 -2 -2 -2  3 -1 -2 -1 -1  1 -1  0  3 -2  0  0 -1  0 -1   17   0   0   0   0  25   0   0   0   0  23   0   0  23   0   9   4   0   0   0  0.20 0.07
  365 T   -2 -2 -2 -3 -2 -2 -3 -3 -3  0  2 -2  2 -1 -3 -1  3  7 -1 -1    0   0   0   0   0   0   0   0   0   4  25   0   8   0   0   0  36  26   0   0  0.65 0.11
  366 M   -2 -2 -3 -4 -2 -2 -3 -4 -3  2  2 -2  7  2 -3 -2 -2 -2 -1  1    0   0   0   0   0   0   0   0   0   9  18   0  61   8   0   0   0   0   0   5  0.67 0.14
  367 A    3 -2 -2 -2 -1 -1 -1 -1 -2 -1 -1 -1 -1 -2 -2  2  0 -3  1  1   52   0   0   0   0   0   0   0   0   0   0   0   0   0   0  22   0   0   6  20  0.34 0.09
  368 F   -2 -3 -3 -4 -2 -2 -3 -4 -2  0  1 -3  4  5 -4 -3 -2  5  3  0    0   0   0   0   0   0   0   0   0   0   9   0  28  36   0   0   0  13   8   6  0.66 0.11
  369 T   -1 -1  4  2 -2 -1 -1 -2 -1 -2 -3 -1 -2 -3 -2  1  4 -4 -2 -2    0   0  35  10   0   0   0   0   0   0   0   0   0   0   0   9  46   0   0   0  0.57 0.11
  370 A    1 -3 -3 -4 -2 -3 -3 -3 -2  0  2 -3  0  4 -3 -2 -1 -1  1  1   16   0   0   0   0   0   0   0   0   0  26   0   0  38   0   0   0   0   3  17  0.37 0.08
  371 M    2 -2 -2 -3  1 -2 -2  0  0  1  0 -2  3 -1 -2 -1 -1 -3 -2  3   26   0   0   0   4   0   0   6   5   0   4   0  16   0   0   0   0   0   0  39  0.22 0.08
  372 F   -3 -3 -3 -1 -3 -3 -3 -4 -2  0  1 -4  0  6 -4 -3 -3  0  2 -1    0   0   0   5   0   0   0   0   0   4  17   0   0  75   0   0   0   0   0   0  0.88 0.14
  373 E   -1 -1  3  0 -3  0  2 -2  2 -2 -2  1 -2 -3 -2  0  3 -3 -2 -2    0   0  26   0   0   0  20   0   9   0   4  12   0   0   0   0  29   0   0   0  0.36 0.08
  374 S    1 -1  0  1 -2  0  0  1  2 -3 -3  0 -2 -3 -1  3  2 -3 -2 -2   10   0   0   8   0   0   4   8   9   0   0   6   0   0   0  39  16   0   0   0  0.30 0.07
  375 G   -1 -2 -1  1 -3 -2 -2  5 -2 -3 -3 -2 -3 -3 -2  0  2 -3 -3 -3    0   0   0   9   0   0   0  65   0   0   0   0   0   0   0   0  26   0   0   0  0.79 0.12
  376 G   -1  0 -1  0 -3  2  3  0  1 -3 -3  3 -2 -3  0  0  0 -3 -2 -3    0   0   0   0   0  13  25   8   5   0   0  37   0   0   4   0   9   0   0   0  0.40 0.08
  377 Y   -2 -2 -2 -3 -3 -2 -2 -3  5 -2  0 -2 -1  4 -4 -2 -2  0  5 -2    0   0   0   0   0   0   0   0  26   0   9   0   0  26   0   0   0   0  39   0  0.80 0.13
  378 E   -2  0  5  2 -3  1  1 -1  0 -4 -4  3 -2 -4 -2  1 -1 -4 -3 -3    0   0  47   9   0   5   8   0   0   0   0  26   0   0   0   6   0   0   0   0  0.57 0.10
  379 D    0 -2  0  4 -2 -1  0  3 -2 -3 -4 -1 -3 -3 -2  3  0 -4 -3 -3    0   0   0  32   0   0   0  26   0   0   0   0   0   0   0  42   0   0   0   0  0.57 0.11
  380 S    2 -2  1 -1 -1 -1 -1 -1 -2 -2 -2 -1 -2 -3 -2  3  4 -3 -2 -1   17   0   8   0   0   0   0   0   0   0   0   0   0   0   0  29  46   0   0   0  0.47 0.10
  381 I   -1 -3 -4 -4 -2 -3 -3 -4 -3  4  2 -3  1  2 -3 -3 -1 -2 -1  2    4   0   0   0   0   0   0   0   0  58  21   0   0   9   0   0   0   0   0   9  0.47 0.09
  382 S    2 -1  3 -1 -2 -1 -1 -1 -1 -2 -2 -1 -2 -3 -2  3  3 -3 -2 -1   22   0  21   0   0   0   0   0   0   0   0   0   0   0   0  29  29   0   0   0  0.41 0.09
  383 F   -2 -3 -3 -4 -2 -3 -3 -4 -3  4  1 -3  3  4 -3 -3 -1 -1  0  2    0   0   0   0   0   0   0   0   0  41   4   0  13  29   0   0   0   0   0  12  0.48 0.09
  384 F   -1 -2 -3 -4 -2 -2 -3 -3 -1  1  2 -3  4  4 -3 -2 -2  0  4  0    5   0   0   0   0   0   0   0   0   4  19   0  21  27   0   0   0   0  24   0  0.48 0.09
  385 G    0 -3 -1  0 -3 -2 -2  6 -3 -4 -4 -2 -3 -4 -3  1 -2 -3 -4 -4    0   0   0   5   0   0   0  85   0   0   0   0   0   0   0  10   0   0   0   0  1.14 0.14
  386 V    1  4 -1 -2 -2  0  1 -2 -1  0 -1  1 -1 -2 -2 -1 -1 -3 -2  1   17  45   0   0   0   0   8   0   0   8   0   4   0   0   0   0   0   0   0  17  0.32 0.08
  387 L   -2 -1  6  2 -3 -1 -1 -2  3 -3 -2 -1 -2 -2 -3 -1 -1 -3  1 -3    0   0  62  13   0   0   0   0  13   0   4   0   0   0   0   0   0   0   8   0  0.72 0.13
  388 R    0  3 -1 -1 -2 -1  0 -2 -2 -2 -1  0 -1 -3  4  0  1 -3 -2 -1    8  25   0   3   0   0   3   0   0   0   8   0   0   0  28   8  15   0   0   3  0.43 0.07
  389 T    0 -3 -2 -3 -2 -2 -3 -3 -3  3  0 -2  2  2 -3 -1  1 -2 -1  2    7   0   0   0   0   0   0   0   0  31   0   0   8  13   0   0  17   0   0  24  0.26 0.07
  390 A    1 -2 -2 -3 -2 -2 -2  1 -2  0  1 -2  4  2 -2 -1  0 -2 -1  0   21   0   0   0   0   0   0  13   0   0  13   0  27  16   0   0   6   0   0   5  0.20 0.07
  391 V    1 -1  0  0 -2  0  2 -1 -1 -1 -1 -1 -1 -2 -2  3  1 -3 -2  0    8   0   4   4   0   0  18   0   0   0   8   0   0   0   0  41   3   0   0  13  0.22 0.07
  392 S    0  0 -1 -1 -3  2  1  0  2 -3 -3  3 -2 -3  3  0 -1 -3 -2 -2    8   0   0   0   0   9   7   4   9   0   0  38   0   0  17   8   0   0   0   0  0.41 0.07
  393 E    1 -2 -2 -1 -2 -1  2 -2 -2  1 -1 -1  1 -2 -2  0  2 -3 -2  2   14   0   0   0   0   0  21   0   0   4   0   0   8   0   0   4  17   0   0  31  0.18 0.07
  394 S   -1  6 -1 -2 -3  0 -1 -2 -1 -4 -3  1 -2 -3 -2  2 -1 -3 -2 -3    0  75   0   0   0   0   0   0   0   0   0   0   0   0   0  25   0   0   0   0  0.88 0.15
  395 H   -2 -1  0  3 -4  1  4 -2  4 -4 -4  0 -3 -3 -2 -1 -2 -4 -2 -3    0   0   0  26   0   4  49   0  20   0   0   0   0   0   0   0   0   0   0   0  0.76 0.12
  396 I   -2 -3 -3 -4 -2 -2 -3 -4 -3  3  3 -3  5  0 -3 -3 -1 -2 -2  1    0   0   0   0   0   0   0   0   0  22  39   0  33   0   0   0   0   0   0   6  0.53 0.10
  397 G    2 -2 -1 -2 -2 -1 -1  0 -2 -3 -3 -1 -2 -3  5  2  0 -4 -3 -2   19   0   0   0   0   0   0   8   0   0   0   0   0   0  44  26   3   0   0   0  0.86 0.10
  398 V   -1 -3 -4 -4 -2 -3 -3 -4 -4  4  0 -3  0 -1 -3 -3 -1 -3 -2  4    0   0   0   0   0   0   0   0   0  36   0   0   0   0   0   0   0   0   0  64  0.65 0.12
  399 M   -1 -3 -3 -3 -1 -2 -3 -4 -3  3  0 -3  2 -1 -3 -2  1 -3 -2  4    0   0   0   0   0   0   0   0   0  27   0   0   8   0   0   0  13   0   0  53  0.45 0.10
  400 G   -1 -3 -1 -2 -3 -3 -3  6 -3 -5 -4 -2 -4 -4 -3 -1 -2 -3 -4 -4    0   0   0   0   0   0   0 100   0   0   0   0   0   0   0   0   0   0   0   0  1.48 0.16
  401 G   -1 -3 -1 -2 -3 -3 -3  6 -3 -5 -4 -2 -4 -4 -3 -1 -2 -3 -4 -4    0   0   0   0   0   0   0 100   0   0   0   0   0   0   0   0   0   0   0   0  1.48 0.16
  402 T   -1  1 -1 -2 -2 -1 -1 -2 -2 -2 -2 -1 -2 -3 -2  2  5 -3 -2 -1    0  10   0   0   0   0   0   0   0   0   0   0   0   0   0  19  71   0   0   0  0.65 0.14
  403 G   -1 -3 -1 -2 -3 -3 -3  6 -3 -5 -4 -2 -4 -4 -3 -1 -2 -3 -4 -4    0   0   0   0   0   0   0 100   0   0   0   0   0   0   0   0   0   0   0   0  1.48 0.16
  404 K    0  2 -1  3 -3  0  0 -2 -2  0  0  2  1 -2 -2 -1 -1 -3 -2 -1   12  18   0  29   0   0   0   0   0   7  10  17   7   0   0   0   0   0   0   0  0.22 0.06
  405 Y   -3 -4 -4 -4 -3 -4 -4 -4 -2 -1 -1 -4 -1  7 -4 -3 -3  0  3 -2    0   0   0   0   0   0   0   0   0   0   0   0   0  92   0   0   0   0   8   0  1.36 0.18
  406 V   -2  4 -1 -2 -3  0  1 -3 -1  0 -1  1 -1  2 -3 -1 -1 -2 -1  0    0  49   0   0   0   0   9   0   0   4   5   8   0  13   0   0   0   0   0  12  0.37 0.09
  407 N   -2 -2  2 -2 -3 -2 -2 -3  2 -1  0 -2  5  4 -3 -2 -2 -1  0 -1    0   0  16   0   0   0   0   0   9   0   3   0  41  31   0   0   0   0   0   0  0.49 0.13
  408 A    4 -2 -2 -2 -1 -1 -1  1  1 -2 -2 -1 -2 -3 -2  1  1 -3 -2 -1   72   0   0   0   0   0   0   6   5   0   0   0   0   0   0   4  13   0   0   0  0.49 0.11
  409 R   -2  6 -1 -2  3  0 -1 -3 -1 -4 -3  2 -2 -4 -3 -1 -2 -3 -3 -3    0  83   0   0   8   0   0   0   0   0   0   9   0   0   0   0   0   0   0   0  1.03 0.16
  410 G   -1 -3 -1 -2 -3 -3 -3  6 -3 -5 -4 -2 -4 -4 -3 -1 -2 -3 -4 -4    0   0   0   0   0   0   0 100   0   0   0   0   0   0   0   0   0   0   0   0  1.48 0.16
  411 F   -2 -3 -3 -4 -3 -3 -3 -4  0  2  0 -3 -1  4 -4 -3 -2  0  6  1    0   0   0   0   0   0   0   0   0  26   0   0   0  20   0   0   0   0  48   6  0.73 0.12
  412 A    4 -2 -2 -3 -1 -2 -2 -1 -3  0 -1 -2 -1 -2 -2  0 -1 -3 -2  2   72   0   0   0   0   0   0   0   0   0   0   0   0   0   0   0   0   0   0  28  0.51 0.12
  413 I   -1 -1 -1 -1 -2  2  2 -3 -1  1  0  0  0 -2 -2  0  2 -3 -2  0    0   0   0   0   0  15  24   0   0  17   9   4   0   0   0   0  26   0   0   5  0.22 0.07
  414 L    2 -2 -3 -3 -1 -2 -2 -2 -2  1  1 -2  0  2  1 -1 -1 -2  0  2   33   0   0   0   0   0   0   0   0   5  14   0   0  17   6   0   0   0   0  25  0.22 0.06
  415 K   -1  3  1 -1 -3  1  2 -2 -1 -2 -2  3  0 -3 -2  0  1 -3 -2 -1    0  28   6   0   0   0  13   0   0   0   0  32   4   0   0   4   9   0   0   4  0.38 0.07
  416 T   -1 -2 -1 -2 -2 -2 -2 -2 -3 -2 -2 -2 -2 -3  1  0  6 -3 -3 -1    0   0   0   0   0   0   0   0   0   0   0   0   0   0   8   0  92   0   0   0  0.92 0.17
  417 F   -2 -2  0 -3 -2 -2 -3 -3 -1  0  2 -1  0  5 -3 -2 -2  0  4 -1    0   0   6   0   0   0   0   0   0   0  26   4   0  44   0   0   0   0  20   0  0.46 0.06
  418 T   -1  0  1  2 -2  0  0 -2 -1  0 -1  1 -1 -1 -1  0  1  2  1 -1    1   1   9  19   0   1   1   1   0  13   1  20   0   1   1   1  17   5   7   1  0.13 0.03
  419 G   -1 -2 -1 -2 -2  0 -1  1 -2  1  0 -1  0  0  4 -1 -1 -2 -1  1    2   1   1   1   0   6   1  13   0  20   7   1   4   6  23   2   1   0   1   8  0.22 0.02
  420 S    0  0  2  1 -2  0  0 -1 -1 -2 -2  2 -1 -2 -1  1  0 -2 -1 -1    8   1  17   8   0   1   1   2   0   1   2  25   1   1   1  19   5   0   1   5  0.17 0.02
  421 S    0 -1  0 -1 -1 -1 -1  1 -1 -1  0 -1  1 -1 -1  1  2 -1 -1 -1    2   2   1   2   1   1   2  14   1   2  14   2   7   1   2  22  20   0   1   2  0.10 0.02
  422 G    0  0  0 -1 -2  0 -1  3  1 -2 -2  1 -1 -2 -1  0  0 -1 -1 -1    3   2   2   2   1   2   2  41   7   2   3  13   1   1   2   3   9   0   1   2  0.25 0.02
  423 T    0  0  3  0 -1  0  0  0  0 -1 -1  0 -1 -1  0  0  2 -1 -1 -1    5   3  25   3   1   3   4   4   1   3   5   3   1   2   3   4  21   1   2   4  0.12 0.01
  424 Q    0  0  0  0 -1  2  0  2  2 -1 -1  0 -1 -1  0  0  0 -1  0 -1    4   3   3   3   1  20   4  22   8   3   5   3   1   2   3   4   3   1   2   4  0.12 0.01
  425 Q    0  0  1  1 -1  1  1  0  0 -1 -1  0  0 -1  0  0  0 -1  0 -1    6   4  10  11   1  15   5   6   2   4   7   4   2   3   4   5   4   1   2   5  0.07 0.00
  426 N    0  0  2  0 -1  2  0  0  0 -1 -1  0  0 -1  0  0  0  0  0 -1    6   4  16   4   1  16   5   6   2   4   7   4   2   3   4   5   4   1   2   5  0.07 0.00
  427 Q    0  0  0  0 -1  2  1  0  0 -1 -1  0  0 -1  0  0  0  0  0 -1    6   4   3   4   1  21  12   6   2   4   7   4   2   3   4   5   4   1   2   5  0.09 0.00
  428 P    0  0  0  1 -1  0  0  0  0 -1 -1  0  0 -1  3  0  0  0  0 -1    6   4   4  12   2   3   5   6   2   4   7   5   2   3  16   6   5   1   3   5  0.12 0.00
  429 H    0  0  0  0 -1  2  1  0  3 -1 -1  0  0 -1  0  0  0 -1  0 -1    5   4   3   4   1  22   4   5  13   4   6   4   2   3   4   5   4   1   2   4  0.10 0.01
  430 Q    0  0  0  0 -1  2  0 -1  4 -1 -1  0 -1 -1  0  0  0 -1  0 -1    5   3   3   3   1  14   4   5  27   3   6   4   1   2   3   4   4   1   2   4  0.15 0.01
  431 F    0 -1 -1 -1 -1  0  0 -1 -1  1  0 -1  0  2  0  0  0  0  1  0    5   3   3   3   1   3  10   5   1  10   6   4   1  20   3   4   4   1   2  11  0.02 0.00
  432 T    0 -1  0 -1 -1 -1 -1 -1 -1  0  0 -1  0 -1  0  0  2 -1 -1  1    4   3   2   3   1   2   3   4   1   3   4   3   1   2   3   3  33   1   2  24  0.10 0.02
  433 D   -1 -1  0  4 -1  0  1 -1 -1 -1 -1  0 -1 -1  0  0  0 -1 -1  0    4   3   2  40   1   2   3   4   1   3   4   3   1   2   3   3   8   1   2  12  0.20 0.02
  434 G    0 -1  1  0 -1 -1 -1  4 -1 -2 -2 -1 -1 -2 -1  0 -1 -1 -1 -1    4   2   7   2   1   2   3  48   1   2   4   3   1   2   2   8   3   1   1   3  0.32 0.02
  435 L    1 -1 -1 -1 -1  1  0  0  2  0  1 -1  0 -1 -1  0  0 -1  0  0   15   2   2   2   1   9   3   9   8   7  23   3   1   2   2   3   3   1   1   3  0.02 0.01
  436 E   -2 -1  1  5 -4  0  3 -2 -1 -3 -3 -1 -3 -3 -2 -1 -1 -4 -3 -3    0   0   5  67   0   0  24   0   0   0   0   0   0   0   0   0   0   0   0   0  0.83 0.08
  437 T    4 -2 -1 -2 -1 -1 -1 -1 -2 -1 -1 -1  1 -2 -1  1  2 -3 -2  0   63   0   0   0   0   0   0   0   0   0   0   0   6   0   0   6  25   0   0   0  0.38 0.07
  438 V   -1 -3 -3 -3 -1 -2 -3 -3 -3  3  1 -2  1 -1 -3 -1  1 -3 -2  3    0   0   0   0   0   0   0   0   0  31  12   0   0   0   0   0  17   0   0  40  0.33 0.05
  439 V   -1 -3 -3 -4 -1 -3 -3 -4 -3  2  3 -3  1 -1 -3 -2 -1 -3 -1  4    0   0   0   0   0   0   0   0   0   0  38   0   0   0   0   0   0   0   0  62  0.45 0.07
  440 E   -1  2 -1  0 -4  1  4  0  3 -4 -3  1 -2 -3 -2 -1 -1 -3 -1 -3    0  18   0   0   0   0  57   6  14   0   0   5   0   0   0   0   0   0   0   0  0.55 0.07
  441 C   -2 -3 -3 -3  3 -2 -3 -3  0  1 -1 -3 -1  3 -3 -1 -2  1  6 -1    0   0   0   0  11   0   0   0   0  12   0   0   0  14   0   4   0   0  59   0  0.69 0.09
  442 T   -1 -1  4  1 -2 -1 -1 -1 -1  0 -2 -1 -2 -3 -2  2  1 -4 -2 -1    0   0  47   6   0   0   0   0   0  12   0   0   0   0   0  23  11   0   0   0  0.39 0.06
  443 V    0 -3 -3 -4  5 -3 -3 -3 -3  2  0 -3  0 -2 -3 -2 -1 -3 -2  4    6   0   0   0  22   0   0   0   0   0   0   0   0   0   0   0   0   0   0  72  0.51 0.08
  444 Y   -2 -2 -2 -3 -3 -2 -2 -3  3 -2 -1 -2 -1  3 -3 -1  1  1  6 -1    0   0   0   0   0   0   0   0  12   0   0   0   0  13   0   0  19   0  56   0  0.68 0.09
  445 L   -1 -3 -4 -4 -1 -3 -3 -4 -3  3  3 -3  1  0 -3 -3 -1 -2 -1  2    0   0   0   0   0   0   0   0   0  32  49   0   0   0   0   0   0   0   0  20  0.43 0.05
  446 S   -1 -1 -2 -2 -2 -1 -2 -2 -1 -1  1  0  1  0 -2  0  1  7  2 -1    0   0   0   0   0   0   0   0   0   0  22  12   6   0   0  11  14  22  13   0  0.39 0.05
  447 Y   -2 -1 -1 -2 -3 -1 -1 -3  7 -3 -3 -2 -2  1 -3 -2 -2  0  5 -3    0   0   0   0   0   0   0   0  63   0   0   0   0   0   0   0   0   0  37   0  1.07 0.12

                      K         Lambda
Standard Ungapped    0.1330     0.3094
Standard Gapped      0.0362     0.2670
PSI Ungapped         0.1233     0.3072
PSI Gapped           0.0362     0.2670
