
Last position-specific scoring matrix computed, weighted observed percentages rounded down, information per position, and relative weight of gapless real matches to pseudocounts
            A   R   N   D   C   Q   E   G   H   I   L   K   M   F   P   S   T   W   Y   V   A   R   N   D   C   Q   E   G   H   I   L   K   M   F   P   S   T   W   Y   V
    1 M    -1  -1  -2  -3  -1   0  -2  -3  -2   1   2  -1   6   0  -3  -2  -1  -1  -1   1    0   0   0   0   0   0   0   0   0   0   0   0 100   0   0   0   0   0   0   0  0.39 0.02
    2 A     3   0  -1  -1  -1   0   0   0  -1  -2  -2   2  -1  -3  -1   1   0  -3  -2  -1   63   0   0   0   0   0   0   0   0   0   0  37   0   0   0   0   0   0   0   0  0.29 0.01
    3 T     0  -1   0  -1  -1  -1  -1  -2  -2  -1  -1  -1  -1  -2  -1   1   5  -2  -2   0    0   0   0   0   0   0   0   0   0   0   0   0   0   0   0   0 100   0   0   0  0.49 0.01
    4 D    -2  -1   1   5  -3   0   1  -2   5  -3  -3  -1  -2  -2  -2  -1  -1  -3   0  -3    0   0   0  63   0   0   0   0  37   0   0   0   0   0   0   0   0   0   0   0  0.66 0.01
    5 I    -1  -3  -3  -3  -1  -2  -3  -4  -3   3   2  -3   1   0  -3  -2  -1  -2  -1   3    0   0   0   0   0   0   0   0   0  45  27   0   0   0   0   0   0   0   0  28  0.35 0.01
    6 D    -2  -1   1   5  -4   0   3  -2  -1  -3  -3   0  -3  -3  -1   0  -1  -4  -3  -3    0   0   0  72   0   0  28   0   0   0   0   0   0   0   0   0   0   0   0   0  0.80 0.02
    7 M    -1  -2  -3  -3  -1  -1  -2  -3  -2   2   2  -2   4   0  -3  -2  -1  -2  -1   2    0   0   0   0   0   0   0   0   0   0  27   0  45   0   0   0   0   0   0  28  0.32 0.02
    8 L    -1  -2  -3  -4  -1  -2  -3  -4  -3   2   3  -2   2   0  -3  -2  -1  -2  -1   2    0   0   0   0   0   0   0   0   0   0  73   0   0   0   0   0   0   0   0  27  0.39 0.02
    9 I    -1  -3  -3  -3  -1  -3  -3  -4  -3   4   1  -3   1  -1  -3  -2  -1  -3  -1   3    0   0   0   0   0   0   0   0   0  57   0   0   0   0   0   0   0   0   0  43  0.41 0.03
   10 D    -1  -1   0   4  -3   0   3  -2  -1   1  -1   0  -1  -2  -2  -1  -1  -3  -2  -1    0   0   0  33   0   0  43   0   0  23   0   0   0   0   0   0   0   0   0   0  0.40 0.03
   11 L    -1  -2  -3  -4  -1  -2  -3  -4  -3   2   4  -3   2   0  -3  -2  -1  -2  -1   2    0   0   0   0   0   0   0   0   0   0  77   0   0   0   0   0   0   0   0  23  0.42 0.03
   12 G     0  -2  -1  -2  -3  -2  -2   6  -2  -4  -4  -2  -3  -3  -2   0  -2  -3  -3  -3    0   0   0   0   0   0   0 100   0   0   0   0   0   0   0   0   0   0   0   0  1.15 0.05
   13 L    -1   2  -2  -2  -2   2  -1  -3  -1   0   3   0   1  -1  -2  -1  -1  -2  -1   0    0  21   0   0   0  23   0   0   0   0  55   0   0   0   0   0   0   0   0   0  0.25 0.03
   14 D    -2  -2   1   6  -4  -1   1  -2  -1  -3  -4  -1  -3  -4  -2   0  -1  -4  -3  -3    0   0   0 100   0   0   0   0   0   0   0   0   0   0   0   0   0   0   0   0  1.07 0.06
   15 L    -1  -2  -2  -3  -2  -2  -3   3  -3   1   2  -2   1  -1  -3  -1  -1  -2  -2   1    0   0   0   0   0   0   0  37   0   0  46   0   0   0   0   0   0   0   0  18  0.30 0.04
   16 S     1  -1   0   2  -1  -1   0  -1  -1  -2  -2  -1  -2  -3  -1   3   2  -3  -2  -1   15   0   0  16   0   0   0   0   0   0   0   0   0   0   0  53  16   0   0   0  0.38 0.06
   17 D    -2   1   1   6  -4   0   1  -2  -1  -3  -4   0  -3  -4  -2  -1  -1  -4  -3  -3    0  15   0  85   0   0   0   0   0   0   0   0   0   0   0   0   0   0   0   0  0.96 0.10
   18 S     0  -1   0  -1  -2   2   1   1   0  -2  -2   0  -1  -1  -2   2   1  -1   2  -2    0   0   0   0   0  16  15  15   0   0   0   0   0   0   0  22  16   0  16   0  0.24 0.04
   19 D    -1  -1   0   3  -3   0   2  -2  -1  -3  -3  -1  -3  -3   4   1  -1  -4  -3  -3    0   0   0  28   0   0  24   0   0   0   0   0   0   0  31  16   0   0   0   0  0.71 0.06
   20 L     0  -2  -2  -2  -1  -2  -2  -2  -2   1   2  -2   1  -1  -2   2   0  -2  -1   2    0   0   0   0   0   0   0   0   0   0  38   0   0   0   0  31   0   0   0  31  0.21 0.05
   21 D    -1   0   0   4  -4   0   2   1  -1  -3  -3   2  -3  -4  -2  -1  -1  -4  -3  -3    0   0   0  39   0   0  21  13   0   0   0  27   0   0   0   0   0   0   0   0  0.52 0.07
   22 E    -1   2   0   0  -3   1   4   1  -1  -3  -3   2  -2  -3  -2   1  -1  -3  -2  -3    0  14   0   0   0   0  46  13   0   0   0  13   0   0   0  15   0   0   0   0  0.42 0.07
   23 D    -1   0   0   3  -3   3   1  -2  -1  -1  -2   1  -1  -3   2  -1  -1  -3  -2   0    0   0   0  33   0  27   0   0   0   0   0  13   0   0  14   0   0   0   0  14  0.41 0.07
   24 P     2  -2  -2  -2  -2  -2  -2   1  -3  -3  -3  -2  -2  -4   6  -1   1  -4  -3  -2   25   0   0   0   0   0   0  10   0   0   0   0   0   0  55   0  10   0   0   0  1.10 0.16
   25 P     1  -3  -3  -2  -2  -2  -2   0  -3  -1   0  -2  -1  -3   6  -1  -1  -4  -3   0   18   0   0   0   0   0   0   9   0   0  13   0   0   0  51   0   0   0   0   9  0.90 0.16
   26 E     0  -1  -1   0  -3   2   3  -2   2  -3  -3   1  -2  -3   3   1   1  -3  -2  -2    8   0   0   0   0   9  30   0   9   0   0   9   0   0  17   9   9   0   0   0  0.43 0.10
   27 P     0  -1  -1   2  -3   3   2   0  -1  -3  -3   0  -2  -4   4  -1  -1  -3  -3  -3    9   0   0  13   0  26  19   9   0   0   0   0   0   0  25   0   0   0   0   0  0.58 0.13
   28 A     2  -1   1   0  -2   1   2  -1  -1  -2  -2   0  -2  -3   1   1   0  -3  -2   0   24   0  10   0   0   9  23   0   0   0   0   0   0   0   8  17   0   0   0   9  0.28 0.09
   29 E     0  -1  -1   0  -3   2   3   0  -1  -2  -1   0  -1  -3   2   0   2  -3  -2  -2    9   0   0   0   0  10  38   9   0   0   8   0   0   0   9   0  18   0   0   0  0.32 0.11
   30 S     1  -1  -1  -1  -2   2  -1   4  -1  -3  -3  -1  -2  -3  -2   1   1  -2  -2  -2    9   0   0   0   0  19   1  40   0   0   1   1   0   0   0  16   9   0   0   1  0.42 0.10
   31 R    -1   4  -1  -2  -2   0  -1  -2  -1  -2  -2   0  -2  -3   4   0   1  -3  -2   0    1  40   0   0   0   0   1   1   0   0   1   1   0   0  26   9   9   0   0   9  0.54 0.12
   32 R     0   5  -1  -2  -3   0  -1  -2  -1   0  -2   3  -2  -3  -2   0  -1  -3  -2  -2    7  44   0   0   0   0   0   0   0   8   0  32   0   0   0   8   0   0   0   0  0.57 0.17
   33 D    -2   2   0   4  -4   1   1   0   2  -4  -3   1  -2  -3   1  -1  -2  -4  -2  -3    0  18   0  34   0   8   8   8   8   0   0   7   0   0   8   0   0   0   0   0  0.46 0.12
   34 D    -1  -1  -1   2  -3   1   2  -2   2  -2  -2   1  -2  -3   3  -1   1  -3  -2  -1    0   0   0  20   0   8  16   0   8   0   0   8   0   0  15   0  17   0   0   8  0.36 0.11
   35 L     0   2  -1  -2  -2  -1  -1   0  -2   0   0  -1   1  -2   3   0  -1  -3  -2   0    9  18   0   0   0   0   0   9   0   9   7   0   9   0  20   9   0   0   0   9  0.22 0.07
   36 E     0  -1  -1  -1  -2   1   3   2   2  -2  -2  -1  -1  -3  -2   0   1  -3  -2   0    8   0   0   0   0   8  28  18   8   0   1   0   0   0   0   1  17   0   0   9  0.24 0.10
   37 S    -1   1  -1  -1  -2   4   0  -2   3  -2  -2   1  -1  -2   2   1  -1  -2  -1   0    1   9   1   1   0  32   1   1  10   1   1   9   0   1   9  12   1   0   1  10  0.29 0.10
   38 D    -1   1   0   3  -3   1   0   1  -1  -3  -2   2  -2  -3  -1   1  -1  -3  -2  -2    1  10   1  27   0   8   1   9   0   1   1  25   0   1   1  10   1   0   1   1  0.32 0.09
   39 S    -1   1   0   1  -2   0   1  -2   2  -3  -3   2  -2  -3   1   2   2  -3  -2  -2    0   8   0   9   0   0   8   0   8   0   0  16   0   0   8  27  16   0   0   0  0.31 0.11
   40 S     1  -1   0   2  -2   1   1   0  -1  -3  -3  -1  -2  -3  -2   4   0  -3  -3  -3    8   0   0  16   0   8   8   7   0   0   0   0   0   0   0  53   0   0   0   0  0.46 0.16
   41 G    -1  -2  -1   1  -3  -1   1   5  -2  -4  -4   0  -3  -4   1   0  -2  -3  -3  -3    0   0   0   8   0   0   9  60   0   0   0   8   0   0   8   7   0   0   0   0  0.71 0.16
   42 E    -1   1  -1   1  -3   3   3  -2  -1  -3  -3   2  -2  -4   1  -1   0  -3  -2  -3    0   9   0   9   0  16  34   0   0   0   0  17   0   0   8   0   8   0   0   0  0.49 0.13
   43 C    -1  -1  -1  -2   3  -1  -1  -2  -2  -1  -2   1  -2   1   4   1   2  -3  -2   0    0   0   0   0  10   0   0   0   0   0   0  15   0   8  24  17  16   0   0   9  0.40 0.13
   44 S     1  -1  -1  -1  -2   1   0   0  -2   0   0  -1  -1  -2   1   2   1  -3  -2   0    8   0   0   0   0   8   8   8   0   8   9   0   0   0   7  27   8   0   0   8  0.14 0.07
   45 S     0  -2   1  -1  -2  -1   0   1  -2   0  -2  -1  -2  -3   1   2   3  -3  -2  -1    7   0   8   0   0   0   8   9   0   8   0   0   0   0   8  24  29   0   0   0  0.27 0.12
   46 S     0   1   0  -1  -2   2   1   2  -1  -3  -3   0  -2  -3  -2   3   1  -3  -2  -2    0   9   0   0   0  16   7  15   0   0   0   0   0   0   0  47   8   0   0   0  0.43 0.17
   47 D     0   1   0   3  -3   2   0   0  -1  -3  -3   0  -2  -2   1   0  -1  -2   1  -2    9   8   0  31   0  16   0   8   0   0   1   0   0   0   8   8   0   0   9   0  0.31 0.11
   48 E    -1   0  -1   0  -3   2   3   0  -1  -3  -3   2  -2  -3   1  -1   0  -3  -2  -2    1   0   0   0   0  15  33   8   0   0   1  23   0   0   8   0   9   0   0   0  0.42 0.13
   49 D     1   1   0   4  -2   0   1   0  -1  -2  -1   1  -1  -2  -1   0  -1  -3  -2  -2   15   8   1  35   0   1   9   8   0   1   9   8   0   1   1   1   1   0   0   1  0.26 0.08
   50 M     1  -1  -1  -1  -1  -1  -1  -1  -2  -1   0   0   2  -2   1   2   1  -2  -2   0   16   1   1   1   0   1   1   1   0   1   8   8  10   1   8  25   8   0   0   9  0.15 0.07
   51 E    -1  -1   1   2  -3   0   4   0  -1  -2  -3   1  -2  -3  -2  -1   0  -3  -2  -1    1   0   8  15   0   0  43   7   0   0   1   8   0   0   0   1   7   0   0   8  0.41 0.14
   52 D     0  -1   2   2  -2   1   0   0   2   0  -2   1  -1  -2  -2   0   1  -3  -2   0    7   0  12  16   0   6   0   7   7   7   1  14   0   0   0   0  14   0   0   7  0.14 0.08
   53 P    -2  -3  -3  -3  -4  -2  -2   0  -3  -4  -4  -2  -4  -5   7   1  -2  -5  -4  -4    0   0   0   0   0   0   0   8   0   0   0   0   0   0  79  14   0   0   0   0  1.88 0.35
   54 H    -1   1  -1  -2   1   1  -1   1   3  -1   0   1  -1  -2  -2   0   1  -3  -1   0    0   7   0   0   3   7   0  13  13   0   8  13   0   0   0   7  14   0   0  13  0.11 0.08
   55 G     1  -2  -1  -2  -2   0  -2   4   2  -2  -1  -1  -2  -3   2  -1  -2  -3  -2  -2   19   0   0   0   0   7   0  43   7   0   8   0   0   0  13   0   0   0   0   0  0.48 0.15
   56 E    -1  -1  -1   0  -3   3   3   1  -1  -2  -3   1  -2  -3   1   0   1  -3  -2  -1    0   0   0   3   0  21  25  12   0   0   0   6   0   0   7   7  14   0   0   7  0.32 0.13
   57 D     1  -2  -1   2  -2   1   2   2  -2  -3  -3  -1  -2  -3   2   2  -1  -3  -3  -2   17   0   0  13   0   7  14  16   0   0   0   0   0   0  13  20   0   0   0   0  0.38 0.13
   58 G    -1   0  -1  -2  -2   0  -2   4  -2  -2   0  -1  -2  -3  -2   1   1  -3  -3  -2    0   6   0   0   0   7   0  46   0   0  13   0   0   0   0  14  14   0   0   0  0.44 0.16
   59 P     1  -2  -2  -2  -2   1  -1   0  -2  -2  -2  -1  -2  -3   5   1   1  -3  -3   0   15   0   0   0   0   7   0   7   0   0   1   0   0   0  38   8  13   0   0   8  0.63 0.15
   60 E     0   2  -1   1  -3   1   2   0  -1   0   0   2   1  -2  -2  -1  -1  -3  -2  -1    6  12   0   7   0   6  22   6   0   7   7  20   8   0   0   0   0   0   0   0  0.20 0.10
   61 P     0  -2   1   1  -2  -1   0  -2  -2   0  -1  -1  -2  -3   5   0   1  -4  -3  -1   10   0   7   7   0   0   7   0   0   6   7   0   0   0  36   6  13   0   0   0  0.56 0.15
   62 I    -1  -2  -2  -2   2  -2   0   0  -2   1  -1  -2  -1  -2   4   0   1  -3  -2   2    1   0   0   0   8   0   7   7   0  15   1   0   0   0  26   7   8   0   0  19  0.35 0.12
   63 L     0  -1  -1  -2  -3   4   0   1  -1   0   0   0   4  -2  -2   0  -1  -3  -2  -1    7   0   0   0   0  35   0  12   0   7   5   5  20   0   0   7   0   0   0   0  0.31 0.18
   64 D    -1   2  -1   3  -3   3   2  -2  -1  -3  -3   0  -2  -4   3   0  -1  -4  -3  -1    0  12   0  20   0  20  18   0   0   0   0   0   0   0  17   7   0   0   0   5  0.51 0.17
   65 A     1  -1   1   1  -2   1   0   2  -2  -3  -3   0  -2  -3   2   1   0   3  -2  -2   12   0   7   6   0   6   6  22   0   0   0   5   0   0  12  11   6   5   0   0  0.31 0.10
   66 A     1  -1  -1   2   2   2   1   1  -1  -2  -2   1   1  -3  -2   0  -1  -3  -2  -2   13   0   0  13   6  16  11  12   0   0   1  12   7   0   0   6   0   0   0   0  0.22 0.11
   67 R    -1   3  -1  -1  -2   0   0  -2  -1  -1  -1   2  -1  -3   1   0   2  -3  -2  -2    0  22   0   0   0   0   6   0   0   3   7  23   0   0   7   6  24   0   0   0  0.30 0.14
   68 P    -2  -3  -3  -3  -4   0  -2  -1  -3  -3  -1  -2  -3  -4   7  -2  -2  -4  -4  -1    0   0   0   0   0   5   0   5   0   0   7   0   0   0  76   0   0   0   0   6  1.71 0.36
   69 A     2   1   1  -1  -2  -1   0   1  -1  -2  -1   1  -1  -2  -2   2   0  -3  -2  -2   32   7   7   0   0   0   6  11   0   0   7   9   0   0   0  19   0   0   0   0  0.22 0.11
   70 V     1   0   1   0  -2   1  -1   2  -1  -1  -2   0  -1  -2   3   0  -1  -3  -2   0   18   6   7   7   0   7   1  16   0   1   1   6   0   0  17   1   1   0   0  10  0.23 0.08
   71 R     0   2  -1  -1  -2  -1   0   0  -2  -2  -2   0  -2  -3   4   0   2  -3  -2  -2    6  17   1   1   0   1   7   6   0   1   1   5   0   0  27   7  19   0   0   1  0.44 0.12
   72 P    -2  -2  -2   0  -3  -2  -2  -3  -3  -3  -3   0  -3  -4   7   0   0  -4  -3  -3    0   0   0   7   0   0   0   0   0   0   1   7   0   0  70   6   6   0   0   0  1.53 0.30
   73 S     2  -1   1   1  -2   1   0   2  -1  -2  -3  -1  -2  -3  -2   2   1  -3  -2  -2   24   0   6   7   0   6   5  17   0   0   1   0   0   0   0  21  11   0   0   0  0.28 0.12
   74 R     0   4  -1  -1  -3   3   1   0  -1  -3  -2   2  -2  -3  -2  -1  -1  -2  -2  -2    6  41   1   1   0  16   7   6   0   1   1  15   0   1   1   1   1   0   1   1  0.50 0.17
   75 P    -2   0  -2   1  -3   1   1  -2  -2  -3  -3   0  -3  -3   6  -1   0  -3  -3  -3    1   6   0  11   0   6   7   1   0   1   1   5   0   0  53   1   6   0   0   1  1.03 0.23
   76 E     0   1  -1  -1  -3   3   3  -2   2  -3  -3   1  -2  -3   1   1  -1  -3  -2  -2    6   7   0   1   0  21  22   1   6   1   1  11   0   0   5  16   1   0   0   1  0.37 0.14
   77 D     0   1   0   2  -2   0   0   1  -1  -1  -2   0  -1   0  -1   1  -1  -2  -1  -1   10  11   1  19   0   1   6  11   0   6   1   7   0   6   1  18   1   0   1   1  0.15 0.08
   78 P     0   0  -2  -2  -3  -1   0  -2  -2  -3  -1  -1  -2  -3   6   1   0  -3  -3  -2    7   6   0   1   0   0   6   1   0   1   6   1   0   0  48  16   5   0   0   1  0.88 0.23
   79 G     0  -1  -1  -1  -2  -1   0   3   1  -2  -1   1  -2  -2   2   1   1  -3  -2  -2    6   1   0   1   0   0   6  31   5   1   7  10   0   0  10  10  11   0   0   1  0.28 0.11
   80 V     0   1   1   0  -2   1  -1   0  -1  -1  -1   1  -1  -2  -1   1   2  -3  -2   0    6   6   6   5   0   6   1   5   0   1   7  10   0   0   1  16  21   0   0   9  0.13 0.08
   81 P    -1   1  -2  -2  -4  -2   0  -3  -3  -4  -4   0  -3  -4   7   0  -2  -4  -3  -3    4  10   0   0   0   0   6   0   0   0   0   5   0   0  66   5   0   0   0   0  1.48 0.34
   82 S     0  -1   1   1  -2   1   2   1  -1  -1  -1   1  -1  -3  -2   2  -1  -3  -2  -1    4   0   6   6   0   5  17   9   0   6   5  14   0   0   0  25   0   0   0   5  0.19 0.12
   83 T     3   0   1   0  -2   2  -1  -1  -2  -3  -3   0  -2  -3   1   1   2  -3  -3  -2   36   6   6   5   0  14   0   0   0   0   0   4   0   0   5  10  14   0   0   0  0.32 0.18
   84 Q     0   1  -1  -1  -3   4   2   0  -1  -3  -2   1   1  -3   2   2  -1  -3  -2  -2    5   6   0   0   0  28  15   5   0   0   0   6   6   0   9  18   0   0   0   0  0.38 0.18
   85 T    -1  -1   1  -1  -2   2   0   1   2  -2  -1   1   1  -2  -1   0   2  -2  -1  -1    1   1   7   1   0  15   1  11   6   1   6  11   6   1   1   5  25   0   1   1  0.19 0.12
   86 P     0   0  -2  -2  -3  -2   0   0  -3  -3  -3  -2  -3  -4   7  -2  -2  -4  -3  -3    6   6   0   1   0   0   5   7   0   1   1   1   0   0  69   1   1   0   0   1  1.51 0.34
   87 R     0   3  -1  -2  -3   0   0  -2  -2  -3  -1   3  -2  -3   3   0   1  -3  -2  -2   10  28   0   0   0   0   5   0   0   0   5  22   0   0  14   4   9   0   0   0  0.43 0.19
   88 P     0   0  -2  -2  -4  -2   0   0   1  -3  -2   0  -3  -4   6  -2   0  -4  -3  -3    6   4   0   0   0   0   5   8   5   0   5   5   0   0  57   0   5   0   0   0  1.13 0.32
   89 T     3   0  -1  -2  -2  -1  -1   2   1  -2  -3   1  -2  -3  -2   1   1  -3  -2  -1   35   5   0   0   0   0   0  16   5   0   0   9   0   0   0  14  11   0   0   4  0.32 0.18
   90 E     1   1  -1   0  -2   2   1  -1   1  -1  -2   1  -1  -3   0   1  -1  -3  -2  -1   16   9   0   5   0  17  12   4   5   5   0   6   0   0   5  10   0   0   0   4  0.19 0.11
   91 R    -1   3   1  -1  -3   2   2   0   2  -3  -3   2  -2  -3   0   0  -1  -3  -2  -3    1  20   6   0   0   8  20   9   5   0   1  17   0   0   5   5   1   0   0   1  0.35 0.14
   92 Q     0   3  -1   0  -3   3   1  -2   3  -3  -3   1  -2  -3   3  -1  -2  -3  -2  -3    9  21   0   4   0  22   9   0  11   0   0   4   0   0  17   0   0   0   0   0  0.52 0.21
   93 G     0   0   0  -2  -2  -1  -1   3   2  -2  -1   0  -2  -2   1   0   1  -2   0  -1    6   5   4   0   0   0   0  27  10   0   5   9   0   0   9   4  10   0   4   6  0.21 0.11
   94 P     0  -2  -2  -1  -2  -1   1   1   1  -1  -2  -1  -2   0   4   0   0  -3  -2   1    7   0   0   0   0   0  11  10   5   0   1   0   0   6  30   9   5   0   0  14  0.41 0.16
   95 N     0   0   0   2  -2   2   0   0   1   0  -1  -1   1  -2  -2   0   1  -3  -2   0    9   5   4  16   0  14   4   5   5   6   1   0   6   0   0   6   9   0   0   9  0.12 0.09
   96 D     1   0   1   2  -2   0   0   1   1  -2  -2   1  -2  -3   0   0   1  -3  -2  -1   13   4   5  15   0   5   5  13   5   0   0   9   0   0   5   5  10   0   0   6  0.17 0.08
   97 P    -2  -3  -3  -3  -4   0   0  -4   1  -3  -4  -2  -3  -5   7  -1   0  -5  -4  -1    0   0   0   0   0   4   5   0   5   0   0   0   0   0  70   5   5   0   0   6  1.63 0.41
   98 Q     0   1  -1  -2  -3   3  -1   2   1  -4  -3   2  -2  -4   3   0  -2  -4  -3  -3    4   9   0   0   0  18   0  19   5   0   0  17   0   0  21   8   0   0   0   0  0.51 0.21
   99 P     1  -3  -3  -3  -3  -2  -2  -3  -3  -1  -3   0  -3  -4   7   0   1  -4  -3  -2   10   0   0   0   0   0   0   0   0   4   0   6   0   0  62   5   9   0   0   0  1.34 0.34
  100 A     2   1  -1  -2  -2   0   0   3  -2  -2  -2   0  -2  -3   2   0  -1  -3  -2  -1   27   9   0   1   0   5   5  26   0   0   1   5   0   0  10   5   1   0   0   6  0.30 0.13
  101 P     0   0  -1   0  -2  -1  -1   2  -2  -3  -3   0  -2  -3   5   1   0  -3  -3  -2    5   5   1   5   0   1   1  19   0   1   1   5   0   0  35  12   7   0   0   1  0.62 0.18
  102 H    -1  -1   1   1  -2   2   2   0   3  -2  -1   0  -1  -2   2   1   0  -2  -1  -2    2   1   6   6   0  11  15   6  14   1   6   1   0   1   9  15   3   0   1   1  0.23 0.10
  103 S     1   2  -1  -1  -2   0  -1   2   1  -2  -2   0   0  -2   2   0   0  -2  -1  -1   11  15   1   1   0   1   1  17   6   1   2   6   5   1  10   9   6   0   1   6  0.16 0.07
  104 V     1   0   1  -1  -1   0   0  -1   1  -1  -1   0  -1  -1   2   1   0  -2  -1   0   15   6   7   2   1   2   7   3   6   2   3   7   1   1  11  11   2   0   1  12  0.11 0.04
  105 W    -1   0  -1  -1  -2   1   1   1   1   0  -1   0  -1  -1   1   0  -1   3   1  -1    3   8   2   2   1   6  15  11   5   7   7   2   1   1   6   7   2   6   5   2  0.09 0.04
  106 S     0  -1   1   1  -2   1   1   0   1  -2  -2   0  -2  -2   3   1  -1  -2  -2  -2    6   1  10   6   0  10   6   6   5   1   2   5   0   1  20  16   1   0   1   1  0.31 0.10
  107 R     0   4   0  -2   2   0  -1  -2  -1  -2  -2   1  -2  -3   4  -1  -1  -2  -2  -2    6  33   5   1   6   1   1   2   0   1   2  10   0   1  24   2   1   0   1   1  0.52 0.16
  108 L     0   0   0  -1  -2  -1  -1   0  -1   1   0   0   1  -1   2  -1  -1  -2   0   1    6   6   6   1   0   1   1  10   0  11   7   9   6   1  10   2   1   0   6  15  0.06 0.05
  109 G     0  -1   0   0  -2  -1  -1   3  -2  -1  -2   1  -2   0   2   0   0  -2  -2  -2   10   1   5   5   0   1   1  30   0   5   1  11   0   5  11   1   9   0   0   1  0.26 0.11
  110 A     2   2  -1  -2  -2   1  -1   0  -2  -2  -2   0  -1  -3  -2   1   2  -3  -2  -1   31  14   0   1   0   5   1   5   0   0   1   5   0   0   1  14  16   0   0   4  0.26 0.15
  111 R    -1   3  -1   0  -3   2   2  -1  -1  -3  -3   2  -2  -3   3   0   0  -3  -3  -3    0  20   0   5   0   9  14   4   0   0   0  17   0   0  18   6   5   0   0   0  0.46 0.17
  112 R     0   3  -1  -1  -3   2   2  -1  -1  -1  -2   1  -2  -3   0   1   0  -3  -2  -2    5  29   0   0   0  14  14   4   0   5   0   8   0   0   4   9   5   0   0   0  0.34 0.17
  113 P    -2   0   0  -2  -4   0   0   0  -3  -3  -4  -2  -3  -4   6   0  -2  -5  -4  -1    0   5   4   0   0   4   5   8   0   0   0   0   0   0  62   7   0   0   0   5  1.30 0.35
  114 S     2   0  -1   0  -2  -1  -1   3  -2  -3  -3   0  -2  -3  -2   2   1  -3  -3  -2   19   6   0   5   0   0   0  29   0   0   0   5   0   0   0  27  10   0   0   0  0.44 0.20
  115 C     0   1  -1   0   1   1  -1  -1  -1  -1  -1   1   0  -2  -2   1   1  -2   0  -1    9   9   0   5   3   9   0   4   0   4   5  13   4   0   0  14  14   0   6   0  0.11 0.10
  116 S     1   1  -1  -1  -3  -1   1   1  -2  -3  -3  -1  -3  -4   4   2   1  -4  -3  -3    9   9   0   0   0   0  14   9   0   0   0   0   0   0  27  21  11   0   0   0  0.55 0.22
  117 P    -1   3  -3  -3  -4  -2  -2   0  -3  -4  -2   0  -3  -4   6  -2  -2  -5  -4  -3    4  20   0   0   0   0   0   7   0   0   4   6   0   0  59   0   0   0   0   0  1.34 0.37
  118 E     1   1  -1   0  -3   2   2  -1   1  -2  -1   0  -1  -3   2  -1   0  -3  -2   0   14  10   0   6   0  14  15   4   4   0   4   4   0   0  12   0   5   0   0   9  0.21 0.12
  119 Q    -2   2  -2   0  -4   3  -1  -3  -2  -4  -4   2  -3  -4   6  -2  -2  -4  -3  -3    0  14   0   6   0  17   0   0   0   0   0  12   0   0  48   0   0   0   0   0  1.10 0.32
  120 H     0   1  -1   0  -3   1   1   1   4  -1  -2   0  -2  -3   2   1   0  -3  -1  -2    5  10   0   5   0   9  10  13  16   5   1   1   0   0   9  10   5   0   0   1  0.23 0.12
  121 G     0   0  -1   0  -2   0  -2   4  -2  -3  -3  -1  -2  -3   0  -1   1  -3  -3  -2    6   5   1   6   0   5   1  51   0   1   1   1   0   0   5   1  14   0   0   1  0.56 0.19
  122 G     1  -2  -1   1  -2   0   0   3   1  -2  -2  -1  -2  -3   0   0   1  -3  -2  -2   15   0   0  11   0   5   6  31   5   0   5   0   0   0   5   6   9   0   0   1  0.28 0.12
  123 K     0   2  -2  -2  -3   3  -1   2  -2  -4  -3   2  -2  -4   4  -1  -2  -3  -3  -3    5  13   0   0   0  19   0  17   0   0   0  14   0   0  30   0   0   0   0   0  0.68 0.24
  124 V     0  -1   0   1  -2   1   0  -2  -2   0   0   1  -1  -2   1  -1   1  -3  -2   0   12   0   5  10   0   9   5   0   0  10  11  13   0   0   8   0  10   0   0   6  0.11 0.09
  125 A     1   1   1  -2   2   2  -1   1   3  -3  -3  -1  -2  -3   3   1  -1  -3  -2  -2   14  10   6   0   5  14   0   9  10   0   0   0   0   0  17  13   0   0   0   0  0.35 0.17
  126 R    -1   5  -1  -2  -3   2  -1   0  -1  -3  -3   0  -2  -3   1   2  -1  -3   1  -3    0  42   0   0   0   9   0   9   0   0   0   0   0   0   8  23   0   0   6   0  0.55 0.26
  127 L     1  -2  -2   0  -2   0   1  -2   1   0   1  -1  -1  -2   2  -1   1   3  -1   1   12   0   0   5   0   4  14   0   5   2  18   0   0   0  10   0  10   5   0  12  0.15 0.11
  128 Q    -1   1   1   0  -3   4   2  -1  -1  -3  -3   1  -2  -3   1   1   1  -3   0  -3    0  10   8   5   0  27  13   4   0   0   0   5   0   0   6   9   8   0   5   0  0.36 0.18
  129 P    -2   0  -2   0  -4   0  -2  -3  -3  -3  -2   0  -3  -4   7   0   0  -4  -4  -3    0   5   0   4   0   4   0   0   0   0   4   5   0   0  63   9   5   0   0   0  1.35 0.35
  130 P    -1  -2  -2  -2  -3   0   0  -1  -2  -1  -1   0  -2   0   5   0   1  -3  -2  -2    1   1   0   1   0   4   6   5   0   5   6   8   0   4  42   5  10   0   0   1  0.67 0.20
  131 P    -1  -1   0  -2  -3   2  -1  -1   2  -2  -3   1  -2  -3   5   1  -1  -3  -2   0    1   1   5   1   0  15   1   4   6   1   1   8   0   0  33  14   1   0   0   8  0.55 0.20
  132 T     1   1   1  -1  -2  -1  -1   0  -2  -2  -3   0  -2  -3   2   2   3  -3  -2  -2    9   8   9   0   0   0   0   5   0   0   1   4   0   0  10  27  25   0   0   0  0.36 0.19
  133 K     0   1   0   0  -2   1   1   1  -1  -2  -1   1  -1  -1   2   0  -1  -3  -2  -1    4   8   6   5   0   6   9  12   0   0  10  10   0   4  13  10   0   0   0   4  0.15 0.07
  134 A     3   0  -2  -2   3   0   0   1  -2  -2  -2   0  -2   0   1   1  -1  -3  -2   0   36   4   0   0   7   5   5  13   0   0   1   4   0   5   5   9   0   0   0   6  0.22 0.14
  135 Q     1   2   1  -2  -3   2  -1  -2  -2  -2  -2  -1   1  -3   5   1  -1  -3  -3  -1   13  14   6   0   0  12   0   0   0   0   0   0   6   0  33   9   0   0   0   5  0.57 0.22
  136 P    -1  -2  -2  -2  -3   0   0   1   3  -3  -3   0  -2  -3   5  -1   0  -4  -2  -1    4   0   0   0   0   3   5  12  12   0   0   4   0   0  41   3   5   0   0   7  0.75 0.24
  137 A     2  -1  -2  -2  -2  -1   0   0   3  -1  -2  -1  -2  -3   4   1  -1  -3  -2   0   20   4   0   0   0   0   4   8  10   5   0   0   0   0  27  14   0   0   0   7  0.43 0.18
  138 R     0   3  -1  -2  -2   1   0   0   2  -2   0   1  -1  -2   0  -1   0  -2  -2  -2    9  30   1   1   0   8   4  10   6   1  12   5   0   1   5   1   5   0   0   1  0.22 0.13
  139 G     0  -1  -1   0  -2   1  -1   3   1  -2  -2   1  -2  -3   0   0   0  -3  -2   0    9   1   0   4   0   8   1  36   6   1   1   9   0   0   4   6   5   0   0   9  0.29 0.13
  140 G     1   0   1  -1  -2   0   0   3   3  -3  -2   0   0  -3  -2   1  -1  -3  -2  -2   15   5   6   1   0   5   5  30  10   1   1   7   5   0   1   8   1   0   0   1  0.29 0.13
  141 R    -1   4  -1  -2  -3   1  -1  -1  -1  -2  -1   1  -2  -3   1   0   2  -3  -2  -2    1  33   0   1   0   7   1   4   0   1   5  10   0   0   9   7  20   0   0   1  0.38 0.18
  142 R    -1   2  -1   0   2   1   0   0   2  -2  -1   1  -1  -2   2   0   0  -2  -2  -2    1  21   1   5   6   8   1  10   7   1   5  10   0   1  10   5   6   0   1   1  0.19 0.09
  143 G     1  -2   1  -2  -3  -2  -2   5   2  -3  -2  -2  -2  -3   1  -1  -2  -3  -3  -3   12   0   9   1   0   0   1  54   6   0   4   1   0   0   9   1   1   0   0   1  0.68 0.23
  144 R     0   3  -1  -1   1   2   0  -2   2  -3  -3   1  -2  -2   0   1   1  -2   1  -2    5  22   0   0   3  13   5   0   5   0   0   5   0   0   4  17  12   0   6   0  0.28 0.16
  145 R     0   3   1  -1  -3   2   1  -1   1  -1  -2   1  -2  -1  -2   0   0  -3  -2  -2    5  26   6   0   0  13  12   4   4   5   0   7   0   4   0   5   8   0   0   0  0.26 0.14
  146 R    -1   3   1  -2  -3   3  -1   1  -1  -1  -2   1  -2  -3   3   0  -1  -3  -2  -1    1  22   6   0   0  20   1  10   0   6   1   5   0   0  17   5   1   0   0   5  0.37 0.17
  147 G     0  -1   0   0  -2  -1  -1   3  -1  -2  -2   0   0  -2   1   0   0  -2   0  -1    6   1   5   7   0   1   1  34   0   1   2   7   5   1   9   5   6   0   4   6  0.25 0.10
  148 R     1   0  -1   0  -2   2   0   1   1  -1  -1   1  -1  -2   0   1  -1  -2  -2  -1   10   5   1   5   0  12   1  15   5   6   4  10   0   1   5  20   1   0   0   1  0.14 0.09
  149 G     0  -2  -1   0  -3  -2   0   5  -2  -3  -3   0  -3  -3   2  -1   0  -3  -3  -3    6   0   0   6   0   0   5  53   0   0   1   6   0   0  14   1   6   0   0   1  0.68 0.22
  150 R     0   4   0  -1  -3   2   1   0   1  -3  -3   2  -2  -3  -2   0   0  -3  -2  -2   10  32   5   0   0  10  10   6   4   0   1  13   0   0   0   5   4   0   0   0  0.38 0.16
  151 G     1   1  -1  -2  -2  -1  -2   3  -2  -2  -2   0  -2   0   2   0   1  -3  -1  -1   12   9   0   0   0   0   0  27   0   0   1   5   0   5  14   5  15   0   2   4  0.30 0.14
  152 G     1  -2  -1   0  -2  -1  -1   3  -2  -3  -3   0  -2   0   3   1   1  -3  -2  -2    9   0   0   5   0   0   0  32   0   0   1   9   0   5  16  11   9   0   0   0  0.41 0.16
  153 P     0   1   0  -2  -3  -2  -2  -1  -2  -3   0   0  -2  -3   6  -2  -1  -4  -3  -2    5  11   5   0   0   0   0   5   0   0  10   5   0   0  52   0   4   0   0   0  0.95 0.27
  154 G    -1   2   0  -2  -3  -1   0   5  -2  -3  -3  -1  -3  -3   1   0   0  -3  -3  -3    1  13   5   1   0   0   6  52   0   1   1   1   0   0   6   6   5   0   0   1  0.61 0.21
  155 A     0  -1  -1  -1  -2   0   1   3  -2  -3  -3   1  -2  -3   3   1   0  -3  -3  -2    8   1   0   1   0   5  10  29   0   1   1   9   0   0  17  12   5   0   0   1  0.41 0.15
  156 A     2  -2  -1  -2  -2   0  -1   0   2  -1  -1  -1  -1  -2   1   1   2  -3  -2   0   26   1   0   1   0   5   1   6   9   1   6   1   0   0   7   6  22   0   0   8  0.22 0.14
  157 D     0   1  -1   0  -2   1   1   0  -1  -2  -2   2  -2  -3   3   1   0  -3  -2  -1    5  10   1   5   0   6   9   5   0   1   1  17   0   1  15  12   4   0   0   6  0.25 0.09
  158 G     0   0   1   0  -2  -1   0   3  -2  -3  -2  -1  -2  -3   1   3  -1  -3  -3  -2    6   5   6   4   0   0   5  31   0   0   5   0   0   0   5  31   0   0   0   0  0.37 0.18
  159 L     0   1  -2  -2  -2  -1   0   0  -2   0   1  -1   1  -2   2   0   1  -3  -2   1    9  12   0   0   0   0   5   8   0   0  20   0   4   0  11   5  14   0   0  13  0.14 0.12
  160 S     1   0  -2  -2  -3   0   0   1  -2  -3  -3  -1  -3  -4   5   2  -1  -4  -3  -1   12   7   0   0   0   5   4  12   0   0   0   0   0   0  33  22   0   0   0   4  0.63 0.24
  161 D     0   1   0   0  -2   2   0   2  -1  -1  -2   1  -1  -3   0   1   0  -3  -2   0    6  11   4   3   0  13   4  16   0   5   0  11   0   0   3   9   4   0   0  10  0.15 0.10
  162 P    -3  -3  -3   0  -5   2  -2  -4  -3  -4  -4  -2  -4   0   7  -2  -3  -5  -4  -4    0   0   0   6   0  13   0   0   0   0   0   0   0   5  77   0   0   0   0   0  1.95 0.50
  163 R    -1   3   0   0  -3  -1  -1   1  -2  -1  -1   1  -2  -1   3   0   0  -3  -2  -2    4  23   5   4   0   0   0  11   0   5   5   9   0   4  18   6   5   0   0   0  0.28 0.14
  164 R     1   4   0   1  -3  -1   0   0  -2  -4  -3   0  -3  -4   0   1  -1  -4  -3  -3   17  39   4  10   0   0   6   8   0   0   0   0   0   0   4  11   0   0   0   0  0.45 0.23
  165 R    -1   5  -1  -2  -3   1   0   2  -2  -3  -3   1  -2  -4  -3   0   2  -4  -3  -3    4  46   0   0   0   5   3  15   0   0   0   4   0   0   0   5  17   0   0   0  0.60 0.27
  166 A     3   0  -2   1  -2   0  -1   1  -2  -1  -2  -1  -2  -3   1   0  -1  -3  -3   2   34   5   0   9   0   5   0  14   0   0   0   0   0   0   5   6   0   0   0  22  0.25 0.17
  167 P     0   2  -2  -2  -3  -1  -1  -1  -2  -2  -1   2  -2  -3   4   1   0  -4  -3  -1    6  16   0   0   0   0   0   4   0   0   4  17   0   0  30  12   5   0   0   5  0.52 0.19
  168 R     1   3  -1   0  -3   1  -1  -1   1  -3  -2   2  -2  -3  -2   2   1  -3  -2  -2   11  25   0   5   0   5   0   4   4   0   4  13   0   0   0  19  10   0   0   0  0.29 0.15
  169 T     1  -1   1   0  -2  -1   0   1  -1  -2  -1  -1   0  -2   1   1   2  -3  -2  -1   14   1   8   6   0   0   6   9   0   1   6   1   4   0   8  16  18   0   0   1  0.19 0.10
  170 N     2   0   0   0   1   0  -1   1   1  -2  -2  -1  -2  -3   3   0   0  -3  -2  -2   31   6   4   5   5   4   1   9   5   1   1   1   0   0  16   6   5   0   0   1  0.28 0.12
  171 R     0   2  -1  -1  -2   2   0   1   2  -2  -2   0  -1  -3   2   0   1  -3  -2  -1    6  17   0   1   0  18   5  10   6   1   1   1   0   0   9   7  12   0   0   6  0.23 0.12
  172 N     0   0   1  -1  -2   2   0   1   1  -2  -2   0  -1  -2   2   0   1  -3  -2  -1   10   5   6   1   0  13   5  10   5   1   1   5   0   0  11   6  15   0   0   7  0.18 0.08
  173 P     0  -2  -2  -2  -3   2  -1   0  -2  -3  -3  -1  -2  -3   6   1  -1  -3  -3  -1   10   1   0   1   0  13   1   5   0   1   1   1   0   0  50  11   1   0   0   5  0.95 0.25
  174 G     0  -2  -1   0   1  -2   0   4  -2  -3  -1  -2  -2  -3   3   0  -2  -3  -3  -2    5   1   0   6   5   0   5  47   0   1   7   1   0   0  15   5   1   0   0   1  0.54 0.17
  175 G     0  -1   1   0  -2   1   1   2  -1  -2  -1  -1  -2  -2   2   0   0  -2  -2  -2   10   1  12   3   0   6  11  22   0   1   7   1   0   1  14   5   6   0   0   1  0.25 0.09
  176 P    -1   0   1  -2  -3   1   0  -2  -2  -3  -1  -1  -2  -3   6  -1   0  -3  -3  -2    5   7  11   0   0   8   5   0   0   0   8   0   0   0  48   0   5   0   0   0  0.87 0.24
  177 R    -2   4  -1  -2  -3   2  -1   0   4  -1  -3   1  -2  -3  -2  -1   1   3  -1  -2    0  32   0   0   0  10   0  10  14   4   0   9   0   0   0   0  14   4   0   0  0.42 0.20
  178 P     0  -2  -3  -3  -3   0  -2  -3  -3  -3  -3   1  -3  -3   7  -2  -2  -3   1  -3    8   0   0   0   0   4   0   0   0   0   0   9   0   0  68   0   0   0   6   0  1.53 0.36
  179 G     2  -2  -2  -2  -2  -2  -2   4  -2  -1  -3  -1  -2  -3   0   1  -1  -3   1  -2   28   0   0   0   0   0   0  38   0   5   0   4   0   0   4  14   0   0   6   0  0.48 0.21
  180 A     2  -1  -1   0  -2   0   0   2  -2  -3  -2   1  -2  -3   1   2  -1  -3  -3  -2   23   0   0   5   0   4   5  18   0   0   5  14   0   0   5  20   0   0   0   0  0.27 0.14
  181 G     1   0   1  -1  -2   1   0   3  -2  -3  -3  -1  -2  -3   0   1   1  -3  -3  -2   18   5   6   0   0   9   6  30   0   0   0   0   0   0   5  10   9   0   0   0  0.33 0.14
  182 W    -1   3   0  -2  -3   2  -1  -1  -1  -2  -2   1  -2   0   2   0  -1   2   1  -1    5  30   6   0   0  10   0   5   0   0   0   5   0   4  14   6   0   4   6   5  0.31 0.15
  183 T    -1   1  -1   0  -2   0  -1   0  -2  -2  -2   0   0  -3   3   1   3  -3  -2  -2    0  10   0   6   0   5   0   9   0   0   0   6   5   0  14  14  28   0   0   0  0.32 0.16
  184 D     1  -1   1   3  -2   1   1  -1  -1  -3  -3   1  -2  -3   3   0   0  -3  -2  -2   21   0   6  21   0   9   5   1   0   0   1  13   0   0  14   1   5   0   0   1  0.34 0.14
  185 G    -1   2   1   0   2  -1  -1   4  -2  -3  -3  -1  -2  -3  -2   1   1  -3  -3  -2    1  14   5   6   6   0   1  38   0   0   1   1   0   0   0  16   8   0   0   1  0.41 0.16
  186 P     1   1  -1   1  -3  -1   0  -2  -2  -3  -3   0  -2  -3   5   1  -1  -3  -3  -3   12  10   0  12   0   0   5   1   0   0   1   5   0   0  41   9   1   0   0   1  0.76 0.21
  187 G     2   0  -1  -1  -2  -1   1   4  -2  -3  -3  -1  -2  -3   2  -1  -1  -3  -3  -2   29   6   0   1   0   0  11  37   0   1   1   1   0   0  11   1   1   0   0   1  0.48 0.17
  188 A     1   0  -1   0  -2   1   1   1  -1  -2  -2   1   0  -2   1   0  -1  -3  -2  -1   16   5   0   6   0   9  11  14   0   1   1  12   5   0   6   6   1   0   0   6  0.16 0.07
  189 P    -2   2  -2  -2  -3   0  -2  -3  -2  -3  -2   0  -2   0   6  -1   1  -3  -2  -2    0  17   0   0   0   5   0   0   0   0   4   5   0   5  48   0  13   0   0   0  0.92 0.25
  190 H     0   1  -1  -2  -2  -1  -1  -2   4  -3  -3   1  -2  -2   4   2  -1  -2   1  -2    6   9   1   1   0   0   1   1  17   1   1  11   0   0  25  20   1   0   5   1  0.49 0.17
  191 G    -1  -2  -1  -2  -3   1  -1   5   3  -3  -3  -1  -2  -3  -2   1  -2  -3  -2  -3    1   1   0   1   0  11   1  58  11   1   1   1   0   0   1  12   1   0   0   1  0.76 0.23
  192 E    -1   0   0   2  -3   0   2   1   2  -3  -3  -1  -2  -3   2   1   0  -3  -2  -2    1   6   0  17   0   0  18  11   6   1   1   1   0   0  14  16   5   0   0   1  0.33 0.11
  193 A     1   0   0  -1  -2   0   0   1   1  -1  -2   0  -1  -2   1   0   1  -2   0  -1   13   7   6   1   0   1   7  14   6   1   2   6   0   1   6   6  11   0   5   7  0.11 0.04
  194 W     0   2   1  -1  -2   0  -1   1  -1  -2  -2   2  -2  -2   2  -1  -1   2   0  -2    6  14  11   1   0   1   1  12   0   1   2  25   0   1  12   1   1   4   5   1  0.27 0.10
  195 R    -1   4  -1  -2  -2   1  -1   0  -1  -2  -2   1  -2  -2   2  -1   1   3  -2  -2    1  39   1   1   0   6   1   6   0   1   2   6   0   1  11   1  15   5   1   1  0.41 0.15
  196 G     0  -2  -1  -2  -2  -1  -1   4  -2  -3  -3   0  -2  -3   4   0  -1  -3  -3  -2    7   1   1   1   0   1   1  38   0   1   2   6   0   1  31   7   1   0   1   1  0.70 0.16
  197 S     1  -1  -1  -1   2   1  -1   1  -1  -2  -1   1  -1  -2   1   2   0  -2  -2  -2   10   1   1   1   5   7   1  15   0   1   6  11   0   1   6  31   1   0   1   1  0.20 0.10
  198 E     0   1  -1   2  -3   3   3   0  -1  -1  -2   0  -1  -3  -1  -1  -1  -2  -2  -2    7   6   1  16   0  25  23   6   0   6   2   1   0   1   1   1   1   0   1   1  0.33 0.13
  199 Q    -1   2  -1  -1  -3   5   2   1  -1  -3  -1   0  -1  -3   1   0  -1  -3  -2  -2    1  11   1   1   0  43  11  11   0   1   6   1   0   0   6   6   1   0   0   1  0.46 0.19
  200 P     1  -2  -2  -2  -2  -2  -2  -2  -2  -2  -1  -2  -2  -3   6   0   0  -3  -3  -2   16   1   1   1   0   0   1   1   0   1   9   1   0   0  55   7   6   0   0   1  1.05 0.23
  201 D     1   0   0   2  -2  -1   0   2   1  -2  -2   0  -2  -2  -1   0   1  -3  -2  -1   11   6   1  17   0   0   6  20   5   1   1   5   0   0   1   7  13   0   0   6  0.18 0.08
  202 P     0   0  -2  -2  -3  -2  -2   1  -3   0  -2  -2  -2  -3   6   0  -2  -4  -3   0    6   6   0   0   0   0   0  10   0   6   1   0   0   0  55   7   0   0   0   8  1.01 0.24
  203 P     1  -2  -1  -2  -2   1  -1   0  -2  -3  -3  -1  -2  -3   5   2   1  -3  -3  -2   15   0   0   0   0  11   0   6   0   0   1   0   0   0  34  21   9   0   0   0  0.65 0.19
  204 G     0  -2   2   1  -3  -1   1   4  -2  -3  -3   1  -3  -3  -2   1  -1  -3  -3  -1    5   0  11   6   0   0  10  43   0   0   0   9   0   0   0  10   0   0   0   5  0.47 0.16
  205 G     0  -2   1  -1  -3  -2   0   4  -2  -3  -2  -2  -2  -3   2   1   0  -3  -3  -3    5   0   6   0   0   0   6  43   0   0   5   0   0   0  13  16   5   0   0   0  0.53 0.18
  206 Q    -2   0   0   1  -4   2   1  -3  -2  -4  -4  -1  -3  -4   6   0  -2  -4  -3  -3    0   5   5   6   0  11  11   0   0   0   0   0   0   0  52   9   0   0   0   0  1.10 0.27
  207 R     0   3   0  -2  -2   0  -1  -1  -1  -1   0   1  -1  -2   2   0   0  -3  -2   0    5  27   6   0   0   5   0   5   0   0  17   6   0   0   9   7   6   0   0   6  0.18 0.10
  208 T     0  -1  -1  -2  -2   2  -1   0  -2  -2  -2   0   1  -3   4   1   2  -3  -2  -2    5   0   0   0   0  15   0   6   0   0   0   6   5   0  29  15  17   0   0   0  0.52 0.17
  209 R     2   2  -1  -1  -2   1   1   0   2  -1  -2   0  -2  -3   1   1  -1  -3  -2  -2   22  18   0   0   0   9  12   6   7   5   0   0   0   0   6  12   0   0   0   0  0.22 0.11
  210 G     0   0  -1  -2  -3  -1   0   4  -2  -3   0   0  -2  -3   2   0  -2  -3  -3  -2    5   6   0   0   0   0   6  45   0   0  13   5   0   0  14   6   0   0   0   0  0.46 0.16
  211 V     2   2  -1  -2  -2  -1   0   0  -2   0   0   0   1  -2   0   0   1  -3  -2   0   26  18   0   0   0   0   5   5   0   4   7   5   6   0   5   6   9   0   0   4  0.14 0.09
  212 R    -2   4  -1   0  -4   1  -1  -1  -1  -3  -1   3  -2  -3   3  -1  -2  -3   0  -3    0  36   0   5   0   6   0   5   0   0   6  22   0   0  15   0   0   0   5   0  0.50 0.19
  213 Q     1   1   2   0  -3   3   2   0  -1  -3  -3   1  -2  -3   2  -1  -1  -3   0  -2   14   7  12   5   0  18  12   5   0   0   0  11   0   0  10   0   0   0   5   0  0.30 0.12
  214 A     1   0  -1  -1  -2   1   2  -2  -1  -1  -2   1  -1  -3   1   0   2  -3  -2   1   18   6   0   0   0   5  18   0   0   0   1  10   0   0   6   6  16   0   0  14  0.19 0.10
  215 P    -2  -3  -2   0  -4  -2   0   1  -3  -3  -4  -2  -3  -4   7   0  -2  -5  -4  -1    0   0   0   7   0   0   5  11   0   0   0   0   0   0  65   6   0   0   0   6  1.40 0.31
  216 P     0   0  -2  -2  -3   1  -1   0  -2  -1  -3  -1  -2  -3   6   0   0  -4  -3  -2    6   5   0   0   0   9   0   5   0   6   0   0   0   0  52   7   6   0   0   0  0.95 0.22
  217 P     0  -2  -2   0   2   1  -1  -2  -2  -3  -3  -1  -2  -3   6   0   0  -3  -3  -2    6   1   1   6   7  11   1   1   0   1   1   1   0   0  49   7   6   0   0   1  0.92 0.20
  218 L    -1  -1  -1  -1  -2   1  -1   0  -1  -1   1   0   0  -2   3   0   1  -2  -2   0    1   1   1   1   0  11   1   7   0   1  21   7   0   1  18   8  13   0   1   6  0.19 0.07
  219 M    -1   0  -1   1  -2   2   1  -2  -1   0   0   0   3  -1  -1   0   0  -2  -1   0    1   6   1   7   0  17   7   1   0   6   7   1  20   1   1   7   8   0   1   6  0.13 0.09
  220 T     1  -1  -1  -1  -1   1  -1  -1  -2  -1   0  -1  -1  -2   3   1   2  -2  -2   0   16   1   1   1   0   7   1   1   0   1   8   1   0   1  18   7  26   0   1   7  0.26 0.09
  221 L     0  -1  -1  -2  -1  -1  -1   1  -2   0   1  -1   1   1   2  -1   0  -1  -1   0    8   1   1   1   1   1   2  13   1   7  16   2   7   8  15   2   7   0   1   6  0.12 0.04
  222 A     3  -1  -1  -2  -2   1  -1   2  -2  -3  -3   0  -2  -3   1   3   0  -3  -3  -2   35   0   0   0   0   7   0  14   0   0   0   5   0   0   6  34   0   0   0   0  0.43 0.17
  223 I     0  -2  -1   0  -2  -1   0  -2  -2   1   1  -1   1  -2   1   1   2  -3  -2   0    6   0   0   7   0   0   6   0   0  18  16   0   6   0   6  20  16   0   0   0  0.15 0.10
  224 A     1   1  -1  -1  -2   2   1   0  -1  -2  -2   1   2  -3  -2   1   1  -3  -2  -2   18   6   0   0   0  12  13   6   0   0   0  10  12   0   0  14   9   0   0   0  0.22 0.11
  225 P     0   0  -1  -2  -3   1   0  -2   2  -3  -3   1  -2  -4   5   1  -1  -4  -2  -3    6   6   0   0   0   6   6   0   7   0   0  13   0   0  42  14   0   0   0   0  0.81 0.19
  226 P    -2   2  -2  -2  -3   2  -1  -3   1  -4  -3  -1  -3  -4   6   1   1  -4  -3  -3    0  16   0   0   0  11   0   0   5   0   0   0   0   0  48  12   9   0   0   0  1.00 0.24
  227 P    -1   0  -1   0  -3   1  -1  -3   3   0  -2  -1  -2  -3   5   1   0  -4  -2  -2    0   7   0   6   0  10   0   0  10   9   3   0   0   0  37  11   7   0   0   0  0.61 0.17
  228 A     2   0  -1  -2  -2   1  -1   2  -2  -3  -3  -1  -2  -3   1   2   1  -3  -3  -2   18   5   0   0   0  11   0  21   0   0   0   0   0   0   7  25  14   0   0   0  0.36 0.14
  229 D     0   0   1   2  -3   2   1   1   2  -3  -1   0  -2  -3   0   0   0  -3  -2  -2    5   5   7  18   0  17   9  10   6   0   7   0   0   0   5   5   5   0   0   0  0.24 0.09
  230 P     0   0  -2  -2  -3   1   1   1  -2  -3  -3  -1   1  -4   6  -1  -2  -4  -3  -3   11   6   0   0   0   8  10  11   0   0   0   0   7   0  47   0   0   0   0   0  0.87 0.19
  231 R     1   3   1   0  -2   0  -1   0   1  -3  -2   0  -2  -3   2   1   1  -3  -2  -2   17  25   6   7   0   3   0   5   6   0   1   0   0   0  11   8  10   0   0   0  0.26 0.09
  232 A     3  -2  -1   0  -2  -1  -1   1  -2   0  -2   0  -2  -3   2   1   1  -3  -3  -1   40   0   0   6   0   0   0   8   0   7   0   4   0   0  12  13  10   0   0   0  0.32 0.13
  233 P     1  -3  -3  -2  -3  -2  -2  -3  -3  -4  -4  -2  -3  -4   7   1  -2  -5  -4  -3   14   0   0   0   0   0   0   0   0   0   0   0   0   0  72  14   0   0   0   0  1.67 0.30
  234 A     2   1  -1  -2  -2   1  -1   1  -1  -1  -2   1   1  -2   1   1  -1  -3  -2   0   28  10   0   0   0  10   0  11   0   0   1   7   6   0   5  11   0   0   0   9  0.18 0.08
  235 P     0   0  -2   1  -3  -1  -1  -2  -2  -3  -3   1  -3  -4   6   1  -1  -4  -3  -3    7   6   0  11   0   0   0   0   0   0   1   9   0   0  54  11   0   0   0   0  1.05 0.20
  236 E     0   0   0   0  -3   4   3  -2   1  -2  -2   2   1  -3  -2   0  -1  -3  -2  -2    5   0   5   0   0  33  22   1   4   0   1  13   8   0   0   7   0   0   0   0  0.40 0.13
  237 R    -1   2  -1  -2   2   3   0  -2  -1  -2   0   1  -1  -2   3  -1   0  -2  -2  -2    1  19   0   0   7  21   1   1   0   0  11   8   0   0  20   1   9   0   0   1  0.35 0.09
  238 K     1   2  -1   1  -2   3   0  -1  -1  -2  -2   2  -1  -3   3   0  -1  -2  -2  -2   15  11   1   9   0  23   1   1   0   1   1  15   0   1  18   1   1   0   0   1  0.37 0.09
  239 A     2  -1  -1  -1  -1   2   0   1   2  -2  -2  -1  -1  -2  -1   1   1  -2  -1  -1   31   0   0   0   0  15   1  10   8   0   1   1   0   0   0  16  11   0   0   5  0.22 0.08
  240 P    -1  -2  -2  -2  -3   1  -1  -2  -2  -2  -2  -1   1  -3   6   0   0  -3  -3  -2    1   1   0   1   0   7   1   1   0   1   1   1   8   0  64   6   6   0   0   1  1.22 0.15
  241 A     1   1  -1  -1  -1  -1  -1   1  -1  -1   0   0  -1  -2  -1   1   1  -2  -2  -1   15  15   1   1   0   1   1  15   0   1  16   1   0   1   1  15  15   0   0   1  0.12 0.04
  242 A     2  -2  -1  -1  -2  -1  -1   3  -2  -3  -3  -1  -2  -3   3   2   0  -3  -3  -2   23   0   0   0   0   0   0  29   0   0   0   0   0   0  19  29   0   0   0   0  0.53 0.10
  243 D    -1  -2   0   3  -3   2   0   1  -2  -1  -2  -1  -2  -3   2  -1   1  -3  -3   0    0   0   0  34   0  15   0  12   0   0   0   0   0   0  11   0  12   0   0  15  0.33 0.10
  244 T    -1   2   2  -1  -3   0   1  -2  -1  -3  -3   2  -2  -3   3   1   1  -3  -2  -2    0  19  15   0   0   0   8   0   0   0   0  24   0   0  15   8  10   0   0   0  0.41 0.09
  245 I     0  -2  -2  -2  -2  -2  -2   0  -2   2   1  -2   0   2   1  -1   0  -2  -1   0   10   0   0   0   0   0   1  10   0  22  23   1   0  12   9   1   9   0   0   1  0.13 0.06
  246 D     1  -2   1   2  -2  -1   0  -1  -1  -2  -3  -1  -2  -3   4   1   1  -3  -2  -2   12   0   7  21   0   0   1   1   0   0   1   1   0   0  27  16  11   0   0   1  0.50 0.09
  247 A     2  -2  -1  -2  -2  -1   0   1   3  -2  -1  -1  -1  -2   4   1  -1  -3  -2  -2   32   0   0   0   0   0   6  10  12   0   9   0   0   0  22   9   0   0   0   0  0.38 0.10
  248 T     0   1  -1  -1  -2   2   1  -2  -1  -2   0   0   1  -2   2   0   0   5  -1  -1   10  10   0   0   0  17   9   0   0   0  10   0   9   0   9   6   7  12   0   0  0.25 0.09
  249 T     1  -1  -1   1  -2   2   0  -2  -1  -1   0   1   2  -2  -2   1   0  -3  -2   0   23   0   0   9   0  17   0   0   0   0  12   9  10   0   0   9   7   0   0   4  0.14 0.08
  250 R     0   3  -1  -2  -2   0   1  -2  -1   0  -1   0   2  -2   1   0   1  -3  -2  -1    6  35   0   0   0   0   9   0   0  10   0   0  12   0   9  10   9   0   0   0  0.26 0.10
  251 L     1  -2  -1   1  -2  -1   1   3  -2  -2  -1  -1  -2  -3   2   1   2  -3  -2  -2   10   0   0   9   0   0  10  26   0   0   7   0   0   0  12   6  19   0   0   0  0.28 0.08
  252 V     1   1  -1  -1  -2  -1   1  -2  -2  -1  -2  -1  -1  -3   3   2   0  -3  -2   1   15   9   0   0   0   0   9   0   0   0   0   0   0   0  17  28   0   0   0  21  0.29 0.10
  253 L     2  -2  -2  -3  -1  -2  -2   2  -3   1   1  -2   0  -1  -2  -1  -1  -3  -2   2   29   0   0   0   0   0   0  19   0   6  20   0   0   0   0   0   0   0   0  25  0.23 0.09
  254 R     1   3  -1  -1  -2   2   1  -1  -1  -3  -2   2  -2  -3  -2   1   1  -3  -2  -2   16  20   0   0   0   9  12   0   0   0   0  17   0   0   0  16   9   0   0   0  0.32 0.09
  255 S     1  -1   0   2  -2   2   0  -1  -1  -3  -3  -1  -2  -3   2   2   1  -3  -2  -2   15   0   0  18   0  18   0   0   0   0   0   0   0   0   9  30  10   0   0   0  0.36 0.11
  256 I     1  -2  -1  -2  -1  -1  -2  -2  -2   1   0  -1   0  -2  -2   2   2  -3  -2   1   10   0   0   0   0   0   0   0   0  11   9   0   0   0   0  29  25   0   0  15  0.23 0.10
  257 S     0   1  -1  -2   2  -1  -1   1   1  -3  -3  -1  -2  -3   4   2   1  -3  -2  -2    0   9   0   0   6   0   0  10   6   0   0   0   0   0  27  32   9   0   0   0  0.50 0.12
  258 E     1   2  -1  -1  -3   1   1   1  -1  -3  -3   2  -2  -3   3   0  -1  -3  -2  -2   16  16   0   0   0   9  11  10   0   0   0  21   0   0  18   0   0   0   0   0  0.39 0.09
  259 R    -2   5  -1  -2  -3   3   0  -3  -1  -3  -2   1  -2   1  -2   0  -1  -2  -1  -3    0  52   0   0   0  26   0   0   0   0   0   0   0  12   0  10   0   0   0   0  0.62 0.18
  260 A     3  -2  -2  -2  -1  -2  -2  -1  -2   1  -1  -2  -1  -2   2   0  -1  -3  -2   2   48   0   0   1   0   0   1   1   0  12   1   1   0   0   9   1   1   0   0  23  0.29 0.11
  261 A     1   2   2  -1  -2   1  -1   2  -1  -2  -2   0  -2  -3  -2   0   1  -2  -2  -2   12  19  12   1   0  10   1  24   0   0   1   1   0   0   1   1  17   0   0   1  0.26 0.08
  262 V     0  -1  -1  -2  -1   1  -1  -2  -2   1   0  -1   0  -1   2   1   0  -2  -2   2    7   0   0   1   0   9   1   1   0  11  10   1   0   0   9  25   1   0   0  23  0.14 0.07
  263 D    -1  -1   2   3  -2   1   2  -2  -1  -2  -3   0  -2  -3  -1   1   2  -3  -2  -2    1   0  11  25   0   9  21   1   0   0   1   1   0   0   0   6  21   0   0   1  0.40 0.10
  264 R    -1   4  -1  -1  -3   2   1  -2  -1  -3  -2   2  -2  -3   2   1  -1  -3  -2  -2    1  37   0   0   0   9   9   1   0   0   1  17   0   0  11  10   1   0   0   1  0.46 0.11
  265 I    -1  -2  -2  -2  -2  -2  -2   2  -2   2   0  -2   0  -2   3   0  -1  -3  -2   2    1   0   0   0   0   0   1  19   0  15   9   1   0   0  17   9   1   0   0  26  0.23 0.08
  266 S     1   1   3   0  -2   1   0   0  -1  -2  -2   0  -2  -3  -1   2   1  -3  -2  -2   10  10  24   0   0   9   1   6   0   0   1   1   0   0   0  26   9   0   0   1  0.29 0.09
  267 E     0   1  -1   0  -2   1   3   1   2  -2  -2   0   1  -2  -2   1  -1  -2  -1  -2   10   9   0   0   0   8  28  10  10   0   1   1  11   0   0   9   1   0   0   1  0.22 0.09
  268 S    -1  -1   1  -1  -2   2   1  -2  -1   0   1   0   1  -2   1   1   0  -2  -2  -1    1   0   9   0   0  16  11   1   0   9  15   1   5   0   9  19   1   0   0   1  0.15 0.07
  269 F    -1  -2  -2  -2  -1  -1  -2  -2  -2   0   1  -2   0   3   1   0   1  -1   0   1    1   1   1   1   0   1   1   1   0   1  18   1   0  20   9  10  10   0   1  21  0.14 0.06
  270 G     1  -1  -1  -1  -2   1   1   3   1  -2  -2  -1  -2  -2   2   0  -1  -2  -2  -2   15   1   1   1   0   9  12  37   6   1   2   1   0   1   9   1   1   0   1   1  0.34 0.07
  271 R     0   2   1   0  -2   0   1   2  -1  -2  -2   0  -2  -2  -1   1   1  -2  -2  -2    1  19   9   1   0   1  12  24   0   1   2   1   0   1   1  14  10   0   1   1  0.24 0.06
  272 S     2   1  -1  -1  -2   0   1  -1   3  -2  -2   1  -1  -2  -1   2   0  -3  -1  -1   36  10   0   1   0   0   9   1  11   1   1   9   0   0   1  19   1   0   0   1  0.26 0.09
  273 A     1   2  -1   1  -2  -1  -1  -2  -2   0  -2   2  -1  -3   3  -1  -1  -3  -2   0   18  19   0  10   0   0   0   0   0   9   0  16   0   0  17   0   0   0   0  11  0.27 0.09
  274 Q    -1   0   1  -1  -3   2   2  -2   3  -2  -1   1   1  -3   3   0  -1  -3  -1  -2    0   0  11   0   0  15  15   0  13   0   3   9   8   0  17   9   0   0   0   0  0.35 0.11
  275 V     0   0  -1   0  -2  -1  -1  -2  -2  -1   0  -1  -1  -2  -2   3   2  -3  -2   1    0   8   0   5   0   0   0   0   0   0   8   0   0   0   0  39  21   0   0  19  0.26 0.14
  276 M     0  -2  -3  -3  -2  -2  -3  -3  -3   2   3  -2   2  -1   1  -2   0  -2  -2   1    8   0   0   0   0   0   0   0   0   9  47   0   9   0   8   0   9   0   0  10  0.32 0.11
  277 H     0  -1  -1  -1  -2   2   1  -2   0  -1  -2  -1  -1  -3   3   1   1  -3  -2   1    8   0   0   0   0  19   9   0   3   0   0   0   0   0  19  14  13   0   0  16  0.33 0.11
  278 D     0   2   0   1  -2   1   0  -2  -1  -3  -3   2  -2  -3   2   1   1  -3  -2  -2    8  15   0   9   0   8   0   0   0   0   0  24   0   0   9  15  12   0   0   0  0.32 0.10
  279 P    -1  -3  -3  -2  -3  -2  -2  -3  -3   0   0  -2  -1  -2   6  -2  -1  -3  -3   0    1   1   0   1   0   0   1   1   0   8  10   1   0   0  65   1   1   0   0  10  1.24 0.20
  280 F     0  -2  -2  -2  -1  -2  -2  -2  -1   0   1  -2   0   1   1   1  -1  -1   2   2    9   1   0   1   0   0   1   1   0   1  17   1   0   9   9  16   1   0   9  25  0.14 0.07
  281 G     0  -1   1   1  -2  -1  -1   3  -1  -1  -2   0  -1   0   1   0   0  -2  -2   0    8   1   8   9   0   0   1  27   0   1   1   5   0   5   8   7   9   0   0  10  0.18 0.05
  282 G     1   1   1  -1  -2   1   1   1  -1  -2  -1   1  -1  -2   1   1  -1  -2  -2  -1   17  10   9   1   0   9   8  10   0   1  10   6   0   0   9   8   1   0   0   1  0.15 0.05
  283 Q    -1   1  -1   0   2   3   0  -1  -1   0   0   1   0  -1   1  -1  -1  -2   1  -1    1   9   0   5   8  24   1   5   0   6   8   8   3   0   9   1   1   0  10   1  0.15 0.08
  284 P     0   1  -1   1  -2  -1  -1   2  -2  -2  -2  -1  -2  -2   4   0   1  -2  -2  -2   11  10   1   9   0   1   1  19   0   1   2   1   0   1  27   1  14   0   1   1  0.41 0.08
  285 F     0  -2  -2  -2  -2  -2  -2   0  -1  -1   0  -2  -1   4  -2  -1   0   0   3  -1   10   1   1   1   0   1   1  10   0   1   9   1   0  32   1   1  10   0  18   1  0.28 0.09
  286 P    -1   3  -1  -1  -2   0   0  -2  -1   0  -2   1  -1  -2   4  -1   1  -3  -2   0    1  26   0   1   0   0   8   1   0  10   1   9   0   0  26   1   9   0   0   6  0.41 0.10
  287 A     2  -1  -1  -1  -1   1  -1  -1  -1  -1  -1  -1  -1  -2   2   1   2  -2  -2   0   28   1   1   1   0  10   1   1   0   1   2   1   0   1   8  17  15   0   1  10  0.21 0.07
  288 A     2   1  -1  -1  -2   0   2  -1  -1   0  -1   0  -1  -2  -1   1   1  -3  -2  -1   30  11   0   0   0   0  23   1   0   8   7   0   0   0   0   8   9   0   0   1  0.18 0.09
  289 N    -1   1   3  -1   3   2   1   1  -1  -3  -3   1  -2  -3   1   1  -1  -3  -2  -3    0   8  21   0  10  15   8   9   0   0   0   8   0   0   6  14   0   0   0   0  0.31 0.11
  290 S     0  -1   1   2  -2   1   0  -1  -1  -2  -1   1  -1  -3  -2   3   1  -3  -2  -2    0   0   8  17   0   8   0   0   0   0   9   8   0   0   0  40  10   0   0   0  0.32 0.13
  291 P    -1   2  -1  -1  -3  -1   1   0  -2  -3  -3  -1  -3  -4   5   2  -1  -4  -3  -3    0  17   0   0   0   0  10   8   0   0   0   0   0   0  40  25   0   0   0   0  0.78 0.18
  292 W    -3   0  -3  -4  -3  -2  -3  -3  -3  -2   1  -2  -1   1   1  -3   0   9   0  -2    0   8   0   0   0   0   0   0   0   0  23   0   0   8   8   0   8  45   0   0  1.16 0.24
  293 A     4  -1  -2  -2  -2   2  -1  -1  -2  -2  -2   1  -1  -3  -2   0  -1  -3  -2   0   68   0   0   0   0  16   0   0   0   0   0   8   0   0   0   0   0   0   0   8  0.52 0.20
  294 P     1  -1  -1  -2  -2   1  -1  -2   2  -1   0  -1  -1  -2   4   1  -1  -3  -2   0   13   0   0   0   0   9   1   1   8   0  11   1   0   0  30  14   1   0   0   9  0.41 0.10
  295 V    -1   1  -2  -3  -2  -1  -2  -3  -2   2   1   0   2   1  -2  -2  -1  -1   2   2    1   9   0   0   0   0   1   1   0  11   7   9   8   9   0   1   1   0   9  34  0.17 0.08
  296 L     0  -1  -2  -2  -1   1  -1  -2  -2   0   3  -1   0  -1  -2   1   1  -2  -2   0    9   0   0   0   0   9   1   1   0   0  48   1   0   0   0  18   9   0   0   1  0.21 0.11
  297 A     3  -1  -1  -1  -1   1   1   0  -1  -2  -2  -1  -1  -3  -1   1   2  -3  -2  -1   40   0   0   0   0   8  14   5   0   0   1   1   0   0   0  11  17   0   0   1  0.29 0.11
  298 G     0  -2  -1  -2  -1  -1  -2   1  -2   0  -1  -1  -1   3  -2   0   1  -1   0   1   10   1   1   1   0   1   1  16   0   1   2   1   0  26   1  10  12   0   1  15  0.14 0.07
  299 Q     1   0  -1  -1  -2   1   0   2  -1  -2  -2   1  -1  -2   2   1   1  -2  -2  -1   13   1   1   1   0  13   1  17   0   1   1  11   0   0  13  11  15   0   0   1  0.25 0.05
  300 G     2  -1  -1  -1  -1   1   0   1  -1  -2  -2  -1  -1  -2  -1   2   1  -2  -2  -1   33   1   1   1   0  13   1  13   0   1   1   1   0   0   1  18  15   0   0   1  0.25 0.07
  301 G     0  -1   0   2  -2   2   1   2   2  -2  -2   0  -2  -2  -1   0  -1  -2  -1  -2   11   1   1  18   0  15   8  25  10   1   2   1   0   1   1   1   1   0   1   1  0.27 0.06
  302 P    -1  -1  -1  -1   2   1  -1  -1   2  -2  -1   1  -1  -2   5  -1  -1  -2  -1  -2    1   1   1   1   8  12   1   4  10   1  10  11   0   1  34   1   1   0   1   1  0.49 0.09
  303 F     0  -1  -2  -1  -2   1   1  -2  -1   0  -1  -1  -1   3   1  -1  -1  -1   0   1   12   1   1   1   0  11  13   1   0   1   1   1   0  28   9   1   1   0   1  16  0.17 0.07
  304 D     1   1   1   1  -2  -1   0   0  -1   0  -2  -1  -1  -3   3   0   0  -3  -2  -1   19  10  12   9   0   0   8   7   0  12   0   0   0   0  17   0   6   0   0   0  0.22 0.07
  305 A     2   1  -1  -2  -2  -1  -1   2  -2  -2   0  -1  -1   1   2   1  -1  -2  -1  -1   23  10   0   0   0   0   0  20   0   0  10   0   0   9  11  18   0   0   0   0  0.22 0.08
  306 E     1  -1  -1   1  -2   1   2   2  -1  -1  -2   0  -1  -2  -1   1   0  -3  -2  -1   13   0   0   6   0  10  22  21   0   8   1   0   0   0   0   9   8   0   0   0  0.21 0.06
  307 T     0   1  -1   1  -2  -1  -1   1  -2  -3  -2   0  -2  -2   3   0   0   5  -1  -2    6  10   0  10   0   0   0  17   0   0   1   8   0   0  17   7  10  12   0   0  0.35 0.07
  308 R    -1   4  -1  -2  -3   3   0   0  -1   0  -2   2  -1  -3  -2  -1   0  -3  -2  -2    0  38   0   0   0  20   0   9   0  10   0  17   0   0   0   0   6   0   0   0  0.41 0.13
  309 R    -1   3   1  -1  -3   1  -1  -2  -1   0   0   2   1  -2  -2   0  -1  -3  -2  -1    0  29   7   0   0   6   0   0   0  10  10  20   7   0   0  10   0   0   0   0  0.24 0.09
  310 V    -1  -2  -2   0  -1  -2  -2  -3  -3   2   1  -2   0  -1  -2   0   1  -3  -2   2    0   0   0   7   0   0   0   0   0  22  18   0   0   0   0  10  15   0   0  27  0.21 0.08
  311 S     0  -1   0   1  -2   2   0  -1  -1  -3  -3  -1  -2  -3  -2   4   3  -3  -2  -2    0   0   0  10   0  12   0   0   0   0   0   0   0   0   0  52  25   0   0   0  0.50 0.16
  312 W    -2  -2  -2  -3  -3  -2  -2  -3   3  -3  -2  -2  -2  -1   2  -2   2   9   0  -2    1   0   0   0   0   0   1   1  10   0   1   0   0   0  13   1  18  52   0   1  1.39 0.21
  313 E    -1   2   0   2  -3   0   2  -2  -1  -3  -2   1  -2  -3   1   0   0  -3  -2  -2    1  21   0  16   0   0  22   1   0   1   1  10   0   0   8   8   8   0   0   1  0.33 0.07
  314 T    -1  -1  -1   0  -2   0   3   0   3  -2  -2  -1  -2  -1  -2   0   2  -1   3  -2    1   1   0   1   0   0  33   9  13   1   1   1   0   0   1   1  21   0  16   1  0.31 0.11
  315 L    -2  -2  -3  -2  -2  -1   1  -3  -2   1   4  -2   1   0  -2  -2  -1  -2  -2   0    1   1   0   1   0   0  13   1   0   1  78   1   0   0   1   1   1   0   0   1  0.47 0.14
  316 V     0  -2  -2  -2   2  -1  -2  -2  -2   1   2  -2   3  -1  -2   0  -1  -2  -1   1   10   1   0   1   8   0   1   1   0   1  27   1  23   0   1   9   1   0   0  16  0.21 0.08
  317 A     0   2  -1  -1  -2   0   2  -2   4  -1   0   0  -1   0  -2  -1  -1  -2  -1  -1   10  20   0   1   0   0  24   1  17   1  16   1   0   6   1   1   1   0   0   1  0.21 0.08
  318 H    -1   2   2  -2  -3   0  -1  -2   7  -3  -3  -1  -2  -2  -3  -1   1  -2   2  -3    6  20  10   0   0   0   0   0  47   0   0   0   0   0   0   0  10   0   7   0  0.66 0.18
  319 G     0  -2   1   1  -2  -1  -1   4  -2  -3  -3  -1  -2   1  -2   1   0  -3  -2  -2    7   0   9  10   0   0   0  44   0   0   0   0   0  10   0  12   8   0   0   0  0.43 0.10
  320 P     1  -2  -2  -3  -2  -2  -2  -2   2  -2  -2  -2  -2   0   5  -1  -2  -1   4  -1   21   0   0   0   0   0   0   0   7   0   0   0   0   0  34   0   0   0  32   6  0.72 0.16
  321 S    -1  -1   1   2  -2   0   2  -2  -1  -2   0   1  -1   0  -2   1  -1  -3  -1  -2    0   0   6  15   0   0  21   0   0   0  18  12   0   7   0  20   0   0   0   0  0.19 0.08
  322 L    -2  -3  -3  -4  -2  -2  -3  -4  -3   2   4  -3   1   0  -3  -2   1  -2  -2   0    0   0   0   0   0   0   0   0   0  12  75   0   0   0   0   0  13   0   0   0  0.53 0.13
  323 Y    -1   1  -1  -2  -2   1  -1  -2   4  -1   0   1  -1   0  -2  -1   1  -1   4  -1    1   8   0   1   0   9   1   1  16   0  14  10   0   0   1   1  12   0  25   1  0.24 0.08
  324 R     0   4   1  -2  -3   0  -1  -2  -1   1  -1   2  -1  -2  -2  -1  -1  -3  -2  -1    9  48   7   0   0   0   0   0   0  22   0  15   0   0   0   0   0   0   0   0  0.40 0.12
  325 T    -1   2   0   3  -3   0   2  -2  -1  -2   0   0  -1  -3  -2   0   2  -3  -2  -2    0  19   0  21   0   0  22   0   0   0  11   0   0   0   0   0  26   0   0   0  0.32 0.10
  326 F    -2  -3  -3  -4  -3  -3  -3  -3  -2  -1  -1  -3  -1   6   1  -2   1   6   2  -2    0   0   0   0   0   0   0   0   0   0   0   0   0  61   9   0  12  19   0   0  0.95 0.18
  327 A     2  -2  -2  -1  -2   0   2  -2  -2  -1   1  -1  -1   2  -2   1  -1  -2  -1  -1   32   0   0   0   0   0  27   0   0   0  19   0   0  13   0   9   0   0   0   0  0.20 0.09
  328 G     0  -1  -1  -1   3   1   1   0  -2   0  -1  -1  -1  -2  -2   2   1  -3  -2   0    4   0   0   0  12  10  10   7   0   7   0   0   0   0   0  26  13   0   0  11  0.18 0.07
  329 N    -1   3   1  -1  -3   3   1  -2   0  -3  -3   2  -2  -2  -2   1  -1  -2   1  -3    0  28  10   0   0  18  10   0   0   0   0  13   0   0   0  12   0   0   9   0  0.39 0.09
  330 P    -1  -2  -1  -2  -3  -1  -1  -2  -2  -3  -3   1  -3  -4   6   3   0  -4  -3  -3    0   0   0   0   0   0   0   0   0   0   0   9   0   0  51  41   0   0   0   0  1.08 0.17
  331 R    -1   2  -1  -2  -2  -1  -1  -2   3   1   1  -1   2  -1  -2   1   1  -3  -1   0    0  17   0   0   0   0   0   0  11  10  19   0   9   0   0  21  13   0   0   0  0.15 0.08
  332 A     2  -2   3   1  -2  -1  -1  -1  -2   1   1  -1   0  -2  -2   0  -1  -3  -2   1   30   0  23   9   0   0   0   0   0   7  22   0   0   0   0   0   0   0   0   9  0.16 0.08
  333 A     1   2  -1  -1  -2   0  -1  -1  -1   0  -1   2  -1  -2  -2   1   1  -3  -2  -1   17  12   0   0   0   0   0   0   0  14   0  25   0   0   0  15  16   0   0   0  0.19 0.06
  334 S     1   2   0   2  -2   0   1  -1  -1  -2  -1   1  -1  -3  -1   2   0  -3  -2  -2   14  17   0  14   0   0  12   0   0   0   8  12   0   0   0  22   0   0   0   0  0.23 0.05
  335 T     1  -2  -2  -2  -1   0  -1  -2  -2   1   1  -1   0  -2  -2   0   2  -3  -2   2   23   0   0   0   0   8   0   0   0   8  12   0   0   0   0   0  26   0   0  24  0.18 0.06
  336 A     3  -2  -2  -3  -2  -1  -2  -1   3  -1  -2  -2  -1  -1  -2  -1  -1   7   0   0   48   0   0   0   0   0   0   0  14   0   0   0   0   0   0   0   0  25   0  12  0.63 0.12
  337 K    -1   3  -1  -2  -2   2   0  -3  -1   1   1   1   0  -2  -2   0  -1  -3  -2   1    0  29   0   0   0  14   0   0   0  11  14  11   0   0   0   8   0   0   0  12  0.20 0.06
  338 A     3  -1   1   2  -2  -1   1  -1  -1  -2  -2  -1  -2  -3  -1   1   0  -3  -2   0   50   0  11  14   0   0  12   0   0   0   0   0   0   0   0   6   0   0   0   6  0.30 0.08
  339 M     1  -1  -2  -3  -1  -1  -2  -2  -2   1   2   0   2  -1  -2  -1  -1  -2  -2   2   22   0   0   0   0   0   0   0   0   0  31  12  11   0   0   0   0   0   0  24  0.19 0.06
  340 R    -2   6  -1  -2  -4   2  -1  -3  -1   0  -2   1  -1  -3  -3  -1  -2  -3  -2  -2    0  73   0   0   0  14   0   0   0  12   0   0   0   0   0   0   0   0   0   0  0.75 0.14
  341 D    -1   1   0   2  -3   0   2  -2  -1  -2  -1   0   2   1  -2   1  -1  -2  -1  -2    0  11   0  17   0   0  22   0   0   0   0   0  14  12   0  24   0   0   0   0  0.22 0.07
  342 C     2   1  -1  -1   3   2   1  -1  -1  -1   0   0   1  -2  -1   0  -1  -2  -2  -1   27   8   1   1  12  15  12   1   0   1  11   1   7   1   1   1   1   0   0   1  0.14 0.04
  343 V     2  -2  -2  -2  -1  -2  -2  -2  -2   1   0  -2   0  -1  -2  -1   0  -2   2   3   26   1   1   1   0   1   1   1   0   1   1   1   0   1   1   1   1   0  10  52  0.22 0.07
  344 L    -2  -3  -3  -4  -2  -2  -3  -4  -2   3   3  -3   2   0  -3  -3  -1  -1   2   1    0   0   0   0   0   0   0   0   0  33  49   0   6   0   0   0   0   0  12   0  0.44 0.09
  345 R     0   4   2  -1  -3   2   0  -2  -1  -2  -1   1  -1  -3  -2   0   1  -3  -2  -2   11  47  12   0   0  14   0   0   0   0   6   0   0   0   0   0   9   0   0   0  0.40 0.09
  346 Q     0  -1   5   0  -3   1  -1   2  -1  -3  -3  -1  -2  -3  -2   0  -1  -3  -3  -3   12   0  55   0   0  11   0  21   0   0   0   0   0   0   0   0   0   0   0   0  0.59 0.11
  347 E     2  -1  -1   0   3   0   3   1  -1  -3  -3  -1  -2  -3   2   0  -1  -3  -3  -2   25   0   0   0   9   0  39  14   0   0   0   0   0   0  12   0   0   0   0   0  0.40 0.08
  348 N     0  -1   3   0  -3   0   1   3  -1  -3  -3  -1  -2  -3  -2   2   0  -3  -3  -3    0   0  30   0   0   0  14  31   0   0   0   0   0   0   0  24   0   0   0   0  0.49 0.09
  349 F    -2  -3  -4  -4  -2  -3  -3  -4  -3   1   3  -3   1   4  -3  -3  -2  -1   1   1    0   0   0   0   0   0   0   0   0   0  51   0   0  35   0   0   0   0   0  14  0.51 0.10
  350 I    -1  -2  -2   0   4  -2  -2  -3   2   2   0  -2   0  -2   2  -1   0  -3  -1   1    0   0   0   9  14   0   0   0  12  27   6   0   0   0  14   0   6   0   0  11  0.24 0.06
  351 E     0  -1   1   0  -2   0   3  -2  -1  -2   0   0  -1  -2  -2   0   2  -3  -2  -1    8   0  11   0   0   0  41   0   0   0  14   0   0   0   0   0  27   0   0   0  0.30 0.08
  352 A     3  -2  -2  -3  -1  -2  -2  -1  -2   0   3  -2   0  -1  -2   0  -1  -2  -2   0   47   0   0   0   0   0   0   0   0   0  47   0   0   0   0   6   0   0   0   0  0.31 0.09
  353 L    -1  -3  -4  -4   3  -3  -3  -4  -3   2   3  -3   1   0  -3  -2  -1  -2  -2   2    0   0   0   0  11   0   0   0   0  14  60   0   0   0   0   0   0   0   0  14  0.46 0.09
  354 A     4  -2  -2  -1  -1  -1   2   1  -2  -2  -2  -1  -2  -3  -1   0  -1  -3  -2  -1   76   0   0   0   0   0  17   8   0   0   0   0   0   0   0   0   0   0   0   0  0.50 0.12
  355 S     2  -2  -1  -2  -1  -1  -1  -1  -2   1  -1  -1   2   1  -2   3   0  -2  -1   0   24   0   0   0   0   0   0   0   0  12   0   0  14  11   0  39   0   0   0   0  0.21 0.08
  356 A     3  -2  -2  -2   3  -2  -2   1  -2   1   1  -2   0  -2  -2   0  -1  -3  -2   0   50   0   0   0   9   0   0  14   0  12  14   0   0   0   0   0   0   0   0   0  0.26 0.08
  357 D     1  -2   0   5  -3   0   3  -2  -1  -3  -4  -1  -3  -4  -2   0  -1  -4  -3  -3   14   0   0  64   0   0  22   0   0   0   0   0   0   0   0   0   0   0   0   0  0.80 0.12
  358 E    -2  -1   2   1  -4   1   5  -2  -1  -4  -4   0  -3  -4  -2  -1  -1  -4  -3  -3    0   0  14   0   0   0  86   0   0   0   0   0   0   0   0   0   0   0   0   0  0.94 0.16
  359 T    -1  -2  -1  -2  -2  -1  -2  -3  -2   0   1  -2   2  -2  -2   0   5  -3  -2   0    0   0   0   0   0   0   0   0   0   0  22   0  11   0   0   0  67   0   0   0  0.49 0.13
  360 L    -2  -3  -4  -4  -2  -2  -3  -4  -3   2   4  -3   3   0  -3  -3  -1  -2  -2   1    0   0   0   0   0   0   0   0   0  14  75   0  11   0   0   0   0   0   0   0  0.58 0.11
  361 A     1  -2  -1  -2  -1  -1  -1  -1  -2  -1  -1  -1   2   2  -2   2   3  -2  -1  -1   14   0   0   0   0   0   0   0   0   0   0   0  12  15   0  30  28   0   0   0  0.25 0.07
  362 W    -3  -3  -4  -5  -3  -3  -4  -3  -2  -3  -2  -4  -2   0  -4  -3  -3  11   4  -3    0   0   0   0   0   0   0   0   0   0   0   0   0   0   0   0   0  87  13   0  2.72 0.22
  363 C    -1  -3  -3  -4   5  -2  -3  -3  -3   2   3  -3   4  -1  -3  -2  -1  -2  -2   1    0   0   0   0  21   0   0   0   0   9  37   0  25   0   0   0   0   0   0   7  0.46 0.08
  364 K    -1   1  -1  -1  -3   3   0  -2  -1  -2   0   4  -1  -3  -2  -1  -1  -3  -2  -2    0   0   0   0   0  27   0   0   0   0  12  61   0   0   0   0   0   0   0   0  0.53 0.11
  365 M    -2  -2  -3  -2  -2  -1   1  -3  -1   0   2  -2   4   0  -3  -2  -2   5   2   0    0   0   0   0   0   0  15   0   0   0  29   0  31   0   0   0   0  12  13   0  0.39 0.09
  366 C    -2  -2   1  -2   4  -1  -2  -3   5   2   0  -2   0  -1  -3  -1  -1  -3   0   0    0   0  12   0  14   0   0   0  35  30   9   0   0   0   0   0   0   0   0   0  0.37 0.09
  367 I     1  -1  -1  -2  -1   1  -1  -2   3   1   1  -1   0  -1  -2   0   1  -2  -1   1   19   0   0   0   0  12   0   0  13  14  20   0   0   0   0   0  15   0   0   7  0.12 0.04
  368 H     0  -2   1  -2  -2  -1  -2  -2   3   0   0  -2   0   2  -2  -1   1  -1   3   0    9   0  12   0   0   0   0   0  14   0  13   0   0  12   0   0  15   0  15  10  0.16 0.05
  369 H    -2   0   2  -1  -3   0   1  -2   6  -3  -1   2  -1  -2  -2  -1  -1  -3   0  -3    0   0  12   0   0   0  12   0  42   0  10  24   0   0   0   0   0   0   0   0  0.49 0.09
  370 N    -1  -1   4   3  -3  -1   0   2  -1  -3  -4   1  -3  -3  -2   1  -1  -4  -3  -3    0   0  31  27   0   0   0  21   0   0   0  10   0   0   0  12   0   0   0   0  0.48 0.07
  371 L    -2  -2  -3  -3  -2  -2   0  -4  -3   0   4  -2   1   0  -3  -3  -2   5  -1   0    0   0   0   0   0   0  12   0   0   0  76   0   0   0   0   0   0  12   0   0  0.54 0.10
  372 P    -1   2  -2  -2  -3  -1  -1  -3  -2  -3  -3   1  -2  -4   6  -1   0  -4  -3  -3    0  21   0   0   0   0   0   0   0   0   0  12   0   0  59   0   7   0   0   0  1.18 0.11
  373 L     0  -2  -3  -3  -1  -2  -3  -3  -3   2   3  -2   2   0  -3  -2  -1  -2  -1   2   12   0   0   0   0   0   0   0   0   9  58   0   7   0   0   0   0   0   0  13  0.36 0.06
  374 R     1   3   1  -2   5  -1  -1  -2  -1  -1  -2   0  -1  -2  -2  -1  -1  -2   1   0   15  29  13   0  24   0   0   0   0   0   0   0   0   0   0   0   0   0   9  10  0.30 0.07
  375 P    -1   1   1  -1  -3  -1  -1  -2  -2  -3  -3  -1  -2  -3   6   0   2  -4  -3  -2    0  12  10   0   0   0   0   0   0   0   0   0   0   0  54   0  24   0   0   0  1.03 0.11
  376 Q    -2   1   1   0  -3   2   3  -2   5  -3  -1   0  -1  -2  -2  -1  -1  -3   0  -3    0   7   9   0   0  14  27   0  35   0   7   0   0   0   0   0   0   0   0   0  0.49 0.09
  377 D    -2  -2   2   6  -4  -1   1  -2  -2  -4  -4  -1  -4  -4  -2  -1  -2  -5  -4  -4    0   0   9  91   0   0   0   0   0   0   0   0   0   0   0   0   0   0   0   0  1.21 0.15
  378 P    -2  -3  -3  -2  -3  -2  -2  -3  -3   2  -1  -2  -2  -3   7  -2  -2  -4  -3  -1    0   0   0   0   0   0   0   0   0  27   0   0   0   0  73   0   0   0   0   0  1.47 0.14
  379 I    -2  -3  -3  -4  -2  -3  -3  -4  -2   4   2  -3   1   0  -3  -3  -1  -2   2   2    0   0   0   0   0   0   0   0   0  72  15   0   0   0   0   0   0   0  13   0  0.52 0.10
  380 I    -2  -3  -3  -4  -2  -3  -3  -4  -3   2   3  -3   1   3  -3  -3  -1  -1   0   2    0   0   0   0   0   0   0   0   0  21  41   0   0  21   0   0   0   0   0  17  0.40 0.06
  381 G     2  -1  -1  -1  -2   0   1   1  -1  -2  -2   1  -2  -3  -1   2   1  -3  -2  -1   32   0   0   0   0   0  13  14   0   0   0  10   0   0   0  19  12   0   0   0  0.27 0.05
  382 T     0  -2   2  -1   4  -1  -2   1  -2  -2  -2  -1  -2  -3  -2   1   4  -3  -2  -1    0   0  12   0  15   0   0  12   0   0   0   0   0   0   0   7  53   0   0   0  0.44 0.09
  383 T     3  -2  -1  -2  -1  -1  -1  -1  -2   1  -1  -1  -1  -2  -1   2   1  -3  -2   1   50   0   0   0   0   0   0   0   0  12   0   0   0   0   0  17   9   0   0  13  0.27 0.07
  384 A     1  -1  -1  -2  -2  -1  -2   3  -1  -1  -1   0   2  -1   2  -1  -1  -2   2   0   14   0   0   0   0   0   0  30   0   0   0   9  15   0  12   0   0   0  12   7  0.25 0.06
  385 A     3  -2  -1   1  -1  -1  -1   2  -2  -2  -2  -1  -2  -3  -1   2   0  -3  -2  -1   50   0   0  12   0   0   0  13   0   0   0   0   0   0   0  24   0   0   0   0  0.38 0.08
  386 V    -1  -2  -3  -4  -2  -2  -3  -4  -3   1   3  -2   4   0  -3  -2  -1  -2  -1   2    0   0   0   0   0   0   0   0   0   0  43   0  26   0   0   0   0   0   0  31  0.45 0.09
  387 L    -1   1  -2  -3   3  -1  -2  -3  -2   0   3  -1   1  -1  -3   0  -1  -2  -2   1    0  13   0   0  12   0   0   0   0   0  48   0   0   0   0  15   0   0   0  12  0.23 0.06
  388 D    -2   0   0   3  -3   3   2  -2  -1  -3  -2   2  -2   1  -2  -1  -1  -2  -1  -3    0   0   0  26   0  32  14   0   0   0   0  15   0  12   0   0   0   0   0   0  0.44 0.08
  389 N    -1  -1   4   0  -2  -1  -1   1   3  -1   0  -1  -1  -2  -3  -1  -1  -3  -1   0    0   0  48   0   0   0   0  12  12   0  13   0   0   0   0   0   0   0   0  15  0.33 0.08
  390 L     0  -3  -3  -4  -2  -2  -3  -3  -3   2   4  -3   1   0  -3  -2  -1  -2  -2   1   12   0   0   0   0   0   0   0   0  15  73   0   0   0   0   0   0   0   0   0  0.45 0.08
  391 A     0   2  -2  -3  -2  -1  -1  -2  -2   0   2   1   0   2  -2  -1  -1  -2  -1   1   14  25   0   0   0   0   0   0   0   0  27   9   0  13   0   0   0   0   0  12  0.15 0.05
  392 T    -1  -1   2  -1  -2   1  -1  -2  -2   0   2  -1   0  -1  -2   0   3  -3  -2   0    0   0  13   0   0  12   0   0   0   0  34   0   0   0   0   0  41   0   0   0  0.26 0.08
  393 R    -1   4  -1  -1  -4   1   0  -2  -1  -3  -3   5  -2  -4  -2  -1  -1  -3  -2  -3    0  26   0   0   0   0   0   0   0   0   0  74   0   0   0   0   0   0   0   0  0.78 0.12
  394 L    -2  -3  -4  -4  -2  -3  -3  -4  -3   1   4  -3   1   0  -3  -3  -1  -2  -2   1    0   0   0   0   0   0   0   0   0   0  88   0   0   0   0   0   0   0   0  12  0.62 0.10
  395 R     0   3   2  -1  -3   0   0   3  -1  -3  -3   2  -2  -3  -2   0  -1  -3  -2  -3   10  26  13   0   0   0   7  28   0   0   0  15   0   0   0   0   0   0   0   0  0.37 0.06
  396 P     2  -2   1  -1  -2  -1   1  -2  -2  -3  -3  -1  -2  -3   6   0  -1  -4  -3  -2   24   0  13   0   0   0  15   0   0   0   0   0   0   0  48   0   0   0   0   0  0.88 0.09
  397 F    -2  -3  -3  -4  -2  -3  -3  -4  -2   1   2  -3   1   5  -3  -3  -2  -1   1   1    0   0   0   0   0   0   0   0   0  10  28   0   0  50   0   0   0   0   0  12  0.54 0.08
  398 L     1  -2  -3  -3  -1  -2  -3  -3  -3   2   3  -2   3   0  -3  -2  -1  -2  -1   1   15   0   0   0   0   0   0   0   0  12  46   0  17   0   0   0   0   0   0   9  0.32 0.06
  399 Q    -1   3  -1  -2  -3   2   0   1   3  -2  -2   1   1  -3   3  -1  -1  -3  -1  -2    0  24   0   0   0  14   0  13  12   0   0  12  10   0  15   0   0   0   0   0  0.35 0.06
  400 C    -1  -4  -3  -4  10  -4  -4  -3  -4  -2  -2  -4  -2  -3  -4  -2  -2  -3  -3  -2    0   0   0   0 100   0   0   0   0   0   0   0   0   0   0   0   0   0   0   0  2.08 0.21
  401 Y    -2  -2  -2  -3  -3  -2  -2  -3   3   1   0   0   0   4  -3  -2  -2   0   4  -1    0   0   0   0   0   0   0   0  12  13   9  10   0  27   0   0   0   0  29   0  0.41 0.07
  402 L    -2  -3  -4  -4  -2  -3  -3  -4  -2   1   4  -3   1   0  -3  -3  -2  -1   2   0    0   0   0   0   0   0   0   0   0   0  90   0   0   0   0   0   0   0  10   0  0.63 0.11
  403 K     0   2   2   2  -2   0   0   1  -1  -2  -1   1  -1  -3  -2   0  -1  -3  -2  -2   12  20  15  13   0   0   0  10   0   0   9  14   0   0   0   7   0   0   0   0  0.20 0.04
  404 A     2  -1   1   1  -2   0   1  -1   3  -2  -2  -1  -2  -3  -1   1   2  -3  -1  -1   26   0   9   7   0   0  12   0  13   0   0   0   0   0   0   7  25   0   0   0  0.26 0.06
  405 R    -1   4   0  -1  -2   2   1  -2   0  -2  -2   1  -1  -2  -1   0  -1  -2  -2  -2    1  52   1   1   0  14  11   1   0   1   2   1   0   1   1   9   1   0   1   1  0.45 0.06
  406 G    -1  -1   0   3  -2   0   0   3   3  -3  -3   1  -2  -2  -1   0  -1  -2  -1  -2    1   1   1  29   0   1   1  32  13   1   2  11   0   1   1   1   1   0   1   1  0.36 0.05
  407 L     0   1  -1  -1  -2   1  -1   1   0  -1   0   0   0   0  -1   1   0  -1   2  -1    1  11   1   1   0  13   1  15   0   1  16   1   0   1   1  18   1   0  16   1  0.10 0.03
  408 C    -1   2   2  -1   4  -1  -1  -2  -1  -2  -2   0  -2  -2   1   1   0   5  -1  -2    1  22  16   1  14   0   1   1   0   1   1   1   0   0   8  11   8  13   0   1  0.33 0.05
  409 G     1  -2  -1  -2  -2  -1  -2   3  -2  -1  -1  -1   1   2   1   1   1  -2  -1  -1   12   0   0   0   0   0   0  27   0   0   0   0  10  15   7  12  17   0   0   0  0.23 0.05
  410 L    -1   1  -2  -3  -2  -1  -2   0  -2   1   2   1   1  -1  -3  -2  -1  -2  -2   2    0  13   0   0   0   0   0  10   0   0  43  12   0   0   0   0   0   0   0  23  0.17 0.05
  411 D     0  -1   2   4  -3   0   0  -1  -1  -3  -3   1  -2  -3   2   1  -1  -4  -3  -3    7   0  12  44   0   0   0   0   0   0   0  15   0   0   9  12   0   0   0   0  0.50 0.07
  412 E     0  -1  -1   2  -3   2   3  -2  -1  -2  -2   0   1  -3   2   0  -1  -3  -2  -2   12   0   0  18   0  15  33   0   0   0   0   0  10   0  12   0   0   0   0   0  0.41 0.07
  413 L    -2  -3  -4  -4  -2  -3  -3  -4  -3   1   4  -3   1   0  -3  -3  -1  -2  -2   2    0   0   0   0   0   0   0   0   0   0  87   0   0   0   0   0   0   0   0  13  0.62 0.10
  414 C     1  -3  -3  -3   8  -2  -3  -2  -3  -1   0  -3  -1  -2  -2  -1  -1  -2  -2   0   12   0   0   1  62   0   1   1   0   0  10   1   0   0   1   1   1   0   0   8  0.90 0.11
  415 S     1   3   0   3  -3   0   0  -1   3  -3  -3   0  -2  -3  -2   1  -1  -3  -2  -2   15  26   0  32   0   0   0   0  12   0   0   0   0   0   0  14   0   0   0   0  0.38 0.07
  416 R    -1   3  -1  -2  -2   1  -1  -3   2   0   0   0   0  -2   2  -1   1  -3  -1  -1    0  31   0   0   0   9   0   0   7  12  13   0   0   0  12   0  15   0   0   0  0.23 0.06
  417 R     1   2  -1  -1  -2   3   0  -2  -1   0  -1   0  -1  -2  -2   1   1  -3  -2  -1   15  21   0   0   0  30   0   0   0  12   0   0   0   0   0  10  12   0   0   0  0.25 0.07
  418 R     0   5  -1  -2   3   0  -1  -2  -1  -3  -2   2  -2  -3  -2  -1  -1  -3  -2  -2   10  65   0   0  12   0   0   0   0   0   0  13   0   0   0   0   0   0   0   0  0.66 0.11
  419 L    -2  -2  -2  -3  -2   1  -1  -3  -2   0   2  -2   0   4   1  -1   1  -1   1  -1    0   0   0   0   0  15   0   0   0   0  29   0   0  35  10   0  12   0   0   0  0.29 0.07
  420 A     1   1   2   0  -2   0   1   1  -1  -3  -3   0  -2  -3  -2   3   0  -3  -2  -2    9   7  15   0   0   0  10  12   0   0   0   0   0   0   0  46   0   0   0   0  0.35 0.07
  421 D    -1  -1   0   4  -4   2   2   1  -1  -3  -3   1  -2  -4  -2  -1  -1  -4  -3  -3    0   0   0  48   0  13  12  12   0   0   0  15   0   0   0   0   0   0   0   0  0.57 0.08
  422 I    -1  -3  -3  -3  -2  -3  -3  -4  -3   4   1  -3   1  -1   2  -2  -1  -3  -2   3    0   0   0   0   0   0   0   0   0  45  12   0   0   0  13   0   0   0   0  30  0.43 0.07
  423 K     0   1   1  -2  -2   0  -1  -2  -1   0   1   2   2  -2  -2  -1   1  -3  -2   1    7   7  10   0   0   0   0   0   0   0  12  26  13   0   0   0   9   0   0  15  0.11 0.04
  424 D    -1  -1   0   3   5   3   2  -2   3  -3  -3  -1  -2  -3  -2  -1  -1  -3  -2  -2    0   0   0  24  24  24  15   0  13   0   0   0   0   0   0   0   0   0   0   0  0.52 0.09
  425 I     1   1  -1  -2  -1  -1  -1  -2  -2   2   0  -1   0  -2  -2   1   1  -3  -2   1   12  13   0   0   0   0   0   0   0  31   0   0   0   0   0  21  15   0   0   7  0.15 0.05
  426 A     3  -2  -2  -2  -1  -1  -2  -1  -2   0   1  -1   0  -2   1   0   1  -3  -2   1   51   0   0   0   0   0   0   0   0   0  25   0   0   0   7   0   9   0   0   7  0.26 0.07
  427 S     0  -2  -1  -1  -1  -1  -1  -2  -2  -1  -1  -1   2  -2  -2   3   4  -3  -2  -1    0   0   0   0   0   0   0   0   0   0   0   0  13   0   0  29  58   0   0   0  0.49 0.11
  428 F     0  -2  -3  -3   3  -2  -3  -3  -1   0   2  -2   0   3  -3  -2  -1   0   3   0   13   0   0   0  12   0   0   0   0   0  37   0   0  21   0   0   0   0  17   0  0.33 0.07
  429 V    -1  -3  -3  -3   6  -2  -3  -3  -2   0  -1  -2   3  -1   2  -1   0  -2   2   1    0   0   0   0  37   0   0   0   0   0   0   0  17   0  12   0   7   0  13  14  0.52 0.09
  430 F    -2  -3  -4  -4  -2  -3  -3  -4  -3   1   3  -3   1   3  -3  -3  -2  -1   0   1    0   0   0   0   0   0   0   0   0   0  61   0   0  26   0   0   0   0   0  13  0.49 0.08
  431 V    -1  -2  -3  -3   4  -2  -3  -3  -3   2   1  -2   2  -1  -3  -1   1  -3  -2   3    0   0   0   0  13   0   0   0   0  10  15   0  12   0   0   0  12   0   0  38  0.31 0.06
  432 I     1  -2  -2  -3  -1  -1  -2  -2  -2   2   2  -2   3  -1  -2   0   0  -2  -2   1   15   0   0   0   0   0   0   0   0  14  21   0  24   0   0  13   0   0   0  12  0.21 0.06
  433 L     0  -3  -3  -3  -2  -2  -3  -3  -2   1   3  -3   1   3  -3  -2  -1  -1   0   0   15   0   0   0   0   0   0   0   0   9  51   0   0  25   0   0   0   0   0   0  0.35 0.07
  434 A     2  -2  -1  -2  -1  -1  -1  -1  -1  -1   0  -1  -1   0  -2   2   0  -1   4  -1   38   0   0   0   0   0   0   0   0   0  12   0   0   0   0  23   0   0  27   0  0.30 0.08
  435 R     1   5  -1  -2  -3   0  -1  -2  -1  -2  -2   1  -1   1  -2  -1   1  -2  -1  -2   15  61   0   0   0   0   0   0   0   0   0   0   0  12   0   0  12   0   0   0  0.49 0.10
  436 L     1  -3  -3  -3  -1  -2  -3  -3  -3   3   2  -2   1   2  -3  -2  -1  -2  -1   2   15   0   0   0   0   0   0   0   0  34  26   0   0  12   0   0   0   0   0  13  0.27 0.05
  437 A     4  -2  -2  -2  -1  -1  -1  -1  -2   0  -1  -1  -1  -2  -1   0   1  -2  -2   1   64   0   0   1   0   0   1   1   0   0   1   1   0   0   1   1  13   0   0  16  0.33 0.07
  438 N     1   4   3   1  -3   0   0  -2  -1  -3  -3   0  -2  -3   2   0  -1  -3  -2  -2   15  38  23  12   0   0   0   0   0   0   0   0   0   0  12   0   0   0   0   0  0.43 0.08
  439 R     0   4  -2  -2  -3   0  -1  -3  -1   0  -2   0  -1  -1   3  -1  -1  -2   2   0    7  49   0   0   0   0   0   0   0   9   0   0   0   0  15   0   0   0  12   7  0.40 0.08
  440 V     2   1  -2  -3  -1  -2  -2  -2  -2   1   0  -1   0   1  -2  -1  -1  -2  -1   3   27  13   0   0   0   0   0   0   0   0   0   0   0  12   0   0   0   0   0  48  0.21 0.07
  441 E     1  -2  -2  -1  -2  -1   2   0  -1  -1  -1  -1   1   2  -2  -1  -1  -1   3   0   25   0   0   0   0   0  21   7   0   0   0   0  10  12   0   0   0   0  15   9  0.15 0.05
  442 R    -1   4  -1  -2  -2   0  -1  -3   2   1   1   0   0  -1  -3   0  -1  -3  -1   0    0  42   0   0   0   0   0   0  10  15  26   0   0   0   0   7   0   0   0   0  0.28 0.07
  443 G    -1   1   2  -1  -3   1  -1   3  -1  -2  -2  -1  -2  -1  -2  -1  -1  -2   2   0    0  10  15   0   0  13   0  38   0   0   0   0   0   0   0   0   0   0  12  12  0.30 0.06
  444 V     2  -2  -1  -2  -1  -1  -1  -1  -2   0  -1  -1   2  -2  -2   2   1  -3  -2   2   23   0   0   0   0   0   0   0   0   0   0   0  12   0   0  29  10   0   0  27  0.21 0.06
  445 A     0  -1   2   0  -2   0   1  -1   4  -3  -3   1  -2  -2  -2   2   1  -3  -1  -2    9   0  15   0   0   0   7   0  24   0   0   9   0   0   0  22  13   0   0   0  0.32 0.06
  446 E    -1  -2  -1  -1   5  -1   1   3  -2  -2  -2  -2  -2   1  -2   0   1  -2  -2  -2    0   0   0   0  23   0  14  35   0   0   0   0   0   9   0   0  20   0   0   0  0.39 0.08
  447 I    -1   1  -1  -2  -2  -1  -2  -3   2   2   0  -1   0  -1  -2   0   1  -3  -1   2    0  15   0   0   0   0   0   0  12  26   0   0   0   0   0  10  13   0   0  24  0.16 0.06
  448 D    -1   2  -1   2  -3   0   1  -2  -2  -2  -1   1  -2  -3   5   0  -1  -3  -3  -2    0  15   0  14   0   0   9   0   0   0   7  10   0   0  37   7   0   0   0   0  0.62 0.07
  449 Y    -2   3  -1  -2  -3   3   0  -3   3  -3  -2   0  -1   0   1  -1  -2   0   4  -2    0  23   0   0   0  26   0   0  12   0   0   0   0   0   7   0   0   0  33   0  0.50 0.10
  450 A     0  -2  -1   2   3  -1   0  -2   3  -1  -1  -1  -1   1  -2   0   0  -2   0   0    9   0   0  17  12   0   7   0  15   0   0   0   0  13   0  10   5   0   0  12  0.15 0.05
  451 T     0  -2   2   3  -2  -1   0  -2  -1  -2  -2  -1  -2   2  -2   0   2  -2   2  -2    7   0  12  32   0   0   0   0   0   0   0   0   0  13   0   0  26   0  10   0  0.30 0.07
  452 L    -2  -2  -2   1  -2  -1   1  -3  -2   1   2  -2   2   2  -3  -2  -1  -2  -1   0    0   0   0  13   0   0  15   0   0   9  35   0  10  12   0   0   0   0   0   5  0.18 0.05
  453 G     0  -1  -1  -1  -2   1  -1   4  -2   0  -1  -1  -1  -2  -2   0  -1  -2  -2   1    1   1   1   1   0  14   1  42   0  10   1   1   0   0   1  10   1   0   0  16  0.27 0.05
  454 V    -1  -2  -1   2   3  -1   1   1  -1  -1  -1  -1  -1   1   1  -1  -1  -2  -1   0    1   1   1  18   9   0  16  13   0   1   1   1   0  14   8   1   1   0   0  15  0.13 0.03
  455 G    -1  -2   1   2  -2  -1  -1   1  -1  -2  -2  -1  -2   2   2   0  -1  -1   2  -2    1   1  10  21   0   0   1  15   0   1   1   1   0  16  10   8   1   0  13   1  0.23 0.04
  456 V     0   1  -2  -2  -1  -1  -2  -2  -2   1   1  -1   0   2  -2  -1   1  -1   0   2    6  10   1   1   0   1   1   1   0   1  17   1   0  13   1   1  14   0   0  31  0.10 0.03
  457 G     0  -2   2  -1  -2  -1  -1   4  -1  -3  -3  -1  -2  -3   1   1  -1  -3  -3  -3    1   0  14   0   0   0   1  59   0   0   1   1   0   0   8  13   1   0   0   1  0.63 0.07
  458 E    -1   1   2   0  -3   2   2  -2   5  -2  -2   1  -1  -2  -2  -1  -1  -2   0  -1    1   8  14   1   0  10  15   1  27   0   1  13   0   0   1   1   1   0   0   8  0.31 0.05
  459 K     1  -1  -2  -2   5  -1  -1  -2  -1  -1  -1   1  -1  -1   1  -1   0  -2   2   1   13   0   0   0  22   0   0   0   0   0   0  21   0   0   7   0   5   0  15  17  0.24 0.06
  460 M    -1  -2  -3  -4  -2  -2  -3  -4  -3   3   2  -2   5   0  -3  -2  -1  -2  -2   2    0   0   0   0   0   0   0   0   0  27  24   0  37   0   0   0   0   0   0  12  0.45 0.09
  461 H     1   0  -1  -1  -2   1   1   1   3   0  -1   1  -1  -2  -2   0  -1  -3  -1   0   20   0   0   0   0   9   7  13  14  10   0  15   0   0   0   0   0   0   0  12  0.12 0.04
  462 F    -1  -1   2   3  -3   2   2  -2  -1  -2  -2   0  -2   1  -2   0   1  -2  -1  -2    0   0  15  29   0  12  17   0   0   0   0   0   0  14   0   0  13   0   0   0  0.35 0.06
  463 Y    -3  -2  -3  -4  -3  -2  -3  -4   1  -2  -2  -3  -2   2  -4  -2  -2   1   8  -2    0   0   0   0   0   0   0   0   0   0   0   0   0   0   0   0   0   0 100   0  1.52 0.19
  464 L    -1   1   2  -2  -2  -1  -2  -2  -2   1   1  -1   0  -1  -2  -1   2  -3  -2   2    0  13  15   0   0   0   0   0   0   5  21   0   0   0   0   0  21   0   0  25  0.15 0.05
  465 P    -1  -3  -3  -2   4  -2  -2  -3  -3  -3  -3  -2  -3  -4   7  -1  -2  -4  -4  -3    0   0   0   0  13   0   0   0   0   0   0   0   0   0  87   0   0   0   0   0  1.99 0.16
  466 G     0  -3  -1  -2  -3  -2  -3   6  -3  -4  -4  -2  -3  -4  -3  -1  -2  -3  -4  -4    0   0   0   0   0   0   0 100   0   0   0   0   0   0   0   0   0   0   0   0  1.38 0.14
  467 A     3  -1  -1  -1  -1  -1   1  -1  -2  -1  -1  -1   2  -2  -1   1   2  -3  -2  -1   54   0   0   0   0   0  10   0   0   0   0   0  12   0   0   9  15   0   0   0  0.31 0.08
  468 C    -1  -3  -3  -4   8  -3  -4  -3  -4   0   1  -3  -1  -2  -3  -2  -1  -3  -2   2    0   0   0   0  59   0   0   0   0   0  15   0   0   0   0   0   0   0   0  26  0.95 0.13
  469 M     1  -2  -1  -2  -1  -1  -2  -2  -2   0   2  -1   3  -1  -2   2   1  -2  -2   0   12   0   0   0   0   0   0   0   0   0  24   0  24   0   0  28  12   0   0   0  0.22 0.07
  470 A     2   1   0   1  -2  -1  -1   2  -2  -2  -2   0  -2  -3  -1   1   1  -3  -2  -2   31  12   0  13   0   0   0  20   0   0   0   0   0   0   0  15  10   0   0   0  0.27 0.05
  471 G    -1  -1   1  -2  -2  -1  -2   3  -2  -1   2   0   0  -1  -3  -1  -1  -3  -2  -1    0   0  10   0   0   0   0  38   0   0  41  12   0   0   0   0   0   0   0   0  0.29 0.07
  472 L    -1  -3  -3  -3  -1  -3  -3  -4  -3   3   3  -3   1   0  -3  -2   0  -2  -2   2    0   0   0   0   0   0   0   0   0  42  41   0   0   0   0   0   7   0   0   9  0.41 0.07
  473 I    -1  -2   1  -2  -2  -2  -2  -3  -2   1   2  -2   2  -1   2  -1   1  -2  -2   0    0   0  12   0   0   0   0   0   0  14  40   0   7   0  12   0  15   0   0   0  0.23 0.05
  474 E    -1   1  -1   1  -3   0   3   1  -1  -2  -2   0  -2  -3  -2   1  -1  -3  -2   0    0  10   0   7   0   0  46  13   0   0   0   0   0   0   0  12   0   0   0  12  0.33 0.07
  475 I     4  -2  -2  -3  -1  -2  -2  -1  -2   1  -1  -2  -1  -1  -2   0  -1  -2   1   1   65   0   0   0   0   0   0   0   0  14   0   0   0   0   0   0   0   0  10  12  0.33 0.09
  476 L    -1  -3  -4  -4  -1  -3  -3  -4  -3   3   3  -3   1   0  -3  -3  -1  -2  -1   2    0   0   0   0   0   0   0   0   0  20  55   0   0   0   0   0   0   0   0  25  0.46 0.07
  477 D    -2  -1   0   5  -4   2   3  -2  -1  -1  -3   0  -2  -3  -2  -1  -1  -4  -3  -2    0   0   0  50   0  13  27   0   0   9   0   0   0   0   0   0   0   0   0   0  0.64 0.09
  478 T     1  -1  -1   1   4   1   0  -1  -2  -2  -2  -1  -1  -3  -2   1   3  -3  -2  -1   17   0   0  12  13  12   0   0   0   0   0   0   0   0   0   7  38   0   0   0  0.32 0.07
  479 H    -2  -1   0  -2  -4   0  -1  -3   9  -4  -4  -2  -2  -2  -3  -2  -3  -3   1  -4    0   0   0   0   0   0   0   0 100   0   0   0   0   0   0   0   0   0   0   0  1.68 0.21
  480 R     1   2  -1  -1  -2   1   0  -1   0  -2  -2   2  -1  -1  -1   0   2  -1   2  -1   13  15   1   1   0  10   1   1   0   1   1  16   0   1   1   1  26   0  13   1  0.19 0.04
  481 Q    -1   4   2  -1  -3   2   0  -2   0  -2  -2   2  -1  -3  -2   0   0  -2  -2  -2    1  42  12   1   0  15   1   1   0   1   1  13   0   1   1   1   8   0   0   1  0.41 0.06
  482 E    -1   2   0   3  -3   0   3   0  -1  -2  -2   0  -2  -3  -2  -1  -1  -3  -2   0    0  17   0  27   0   0  36   7   0   0   0   0   0   0   0   0   0   0   0  12  0.40 0.07
  483 C    -1  -4  -3  -4  10  -4  -4  -3  -4  -2  -2  -4  -2  -3  -4  -2  -2  -3  -3  -2    0   0   0   0 100   0   0   0   0   0   0   0   0   0   0   0   0   0   0   0  2.08 0.21
  484 S     0   3   0   1  -2   2   0   1  -1  -3  -3   1  -2  -3  -2   2   1  -3  -2  -2    0  27   0   7   0  13   0   9   0   0   0   7   0   0   0  24  12   0   0   0  0.31 0.06
  485 S     1   1   2   1  -2   0   0  -1  -1  -3  -3   1  -2  -3  -1   3   0  -3  -2  -2   15   9  13  10   0   0   0   0   0   0   0  12   0   0   0  41   0   0   0   0  0.32 0.06
  486 R     1   2  -1   1  -3   2   2  -2  -1  -2  -2   0  -2  -3   3   0  -1  -3  -2   0   15  14   0   7   0  12  25   0   0   0   0   0   0   0  17   0   0   0   0   9  0.35 0.05
  487 V     1  -1  -1   2  -2   0   2  -2  -1  -1  -1  -1   2  -2  -2   1   1  -3  -2   1   10   0   0  12   0   0  21   0   0   0   0   0  13   0   0  15  15   0   0  14  0.17 0.05
  488 C    -1  -4  -3  -4  10  -4  -4  -3  -4  -2  -2  -4  -2  -3  -4  -2  -2  -3  -3  -2    0   0   0   0 100   0   0   0   0   0   0   0   0   0   0   0   0   0   0   0  2.08 0.21
  489 E    -1   2   1   0  -2   0   2  -2  -1  -3  -3   0  -2  -3  -2   2   2  -3  -2  -2    0  19  10   0   0   0  27   0   0   0   0   0   0   0   0  23  21   0   0   0  0.35 0.07
  490 L    -2   1   1  -2  -2  -1  -2  -3  -2   0   4  -1   1  -1  -3  -2  -1  -2  -2   0    0  15  12   0   0   0   0   0   0   0  73   0   0   0   0   0   0   0   0   0  0.37 0.09
  491 T    -1   1  -2  -2  -2  -1  -2  -3  -1   0   2  -1   0   0  -2   0   2  -2   1   0    0  13   0   0   0   0   0   0   0   0  39   0   0   0   0   9  21   0  10   7  0.17 0.05
  492 A     1  -3  -2  -3   5  -2  -2  -2  -3   3   0  -2   0  -1  -2   0  -1  -3  -2   2   23   0   0   0  19   0   0   0   0  35   0   0   0   0   0   7   0   0   0  15  0.30 0.07
  493 S     1   2   0  -1  -2   2   0   1  -1  -2  -2   0  -1  -3  -1   2   1  -3  -2  -2   19  15   0   0   0  13   0   9   0   0   0   0   0   0   0  31  12   0   0   0  0.28 0.06
  494 H     2   1  -1  -2   3   1  -1  -2   4  -2  -2   0  -1  -1  -2   0  -1  -1   3  -2   27  13   0   0  10  12   0   0  23   0   0   0   0   0   0   0   0   0  15   0  0.32 0.08
  495 I     1  -2  -2  -3  -1  -2  -2  -2  -3   3   2  -2   0  -1  -2  -1   2  -3  -2   1   13   0   0   0   0   0   0   0   0  37  21   0   0   0   0   0  29   0   0   0  0.25 0.07
  496 V    -1  -2  -3  -3  -1  -2  -3  -3  -3   2   3  -2   1   0  -3  -1  -1  -2  -1   2    0   0   0   0   0   0   0   0   0   5  65   0   0   0   0   9   0   0   0  21  0.39 0.08
  497 A     3  -2  -1  -2  -1  -1  -1   1  -2  -1  -1  -1   1  -2  -2   2   0  -3  -2   1   36   0   0   0   0   0   0  12   0   0   0   0  10   0   0  27   0   0   0  15  0.24 0.06
  498 P    -1   1  -2  -2  -3  -1  -1  -3  -2  -3  -3   1  -3  -4   7  -1  -2  -4  -3  -3    0   9   0   0   0   0   0   0   0   0   0  12   0   0  79   0   0   0   0   0  1.70 0.14
  499 P    -1  -1  -2  -2  -2   2  -1  -3  -2   1   0  -1   0  -2   4  -1  -1  -3  -2   2    0   0   0   0   0  20   0   0   0  16   8   0   0   0  30   0   0   0   0  25  0.42 0.03
  500 Y    -2  -2  -2  -3  -3  -2  -2  -3   1  -2  -1  -2  -1   3  -3  -2  -2   2   7  -2    0   0   0   0   0   0   0   0   0   0   0   0   0   0   0   0   0   0 100   0  1.16 0.08
  501 V    -1  -2  -2  -2  -1  -1  -2  -2  -2   2   1  -1   2  -1  -2  -1   2  -2  -1   2    1   1   1   1   0   1   1   1   0  17  14   1  13   1   1   1  21   0   0  25  0.15 0.01
  502 H    -1  -1   0  -1  -2   0  -1  -2   7  -1  -1  -1  -1  -1  -2  -1  -1  -2   1   1    1   1   1   1   0   1   1   1  65   1   1   1   0   1   1   1   1   0   0  21  0.53 0.04
  503 G     0  -3  -1  -2  -3  -2  -2   6  -2  -4  -4  -2  -3  -3  -2  -1  -2  -3  -3  -3    0   0   0   0   0   0   0 100   0   0   0   0   0   0   0   0   0   0   0   0  1.19 0.06
  504 K    -1   3   0  -1  -3   1   0  -2  -1  -3  -3   5  -2  -3  -1  -1  -1  -3  -2  -3    0  16   0   0   0   0   0   0   0   0   0  84   0   0   0   0   0   0   0   0  0.63 0.05
  505 Y    -2  -2  -3  -3  -3  -2  -3  -3   1  -1  -1  -2  -1   4  -3  -2  -2   2   7  -1    0   0   0   0   0   0   0   0   0   0   0   0   0  20   0   0   0   0  80   0  0.97 0.06
  506 F    -2  -3  -3  -4  -2  -3  -3  -3  -2   0   2  -3   0   6  -4  -3  -2   0   2  -1    0   0   0   0   0   0   0   0   0   0  20   0   0  80   0   0   0   0   0   0  0.73 0.05
  507 Y    -2  -1  -2  -3   5  -1  -2  -3   1  -2  -2   1  -1   2  -3  -1  -2   1   6  -1    0   0   0   0  20   0   0   0   0   0   0  15   0   0   0   0   0   0  65   0  0.65 0.06
  508 C    -1  -4  -3  -4   9  -3  -4  -3  -3  -2  -2  -3  -2  -3  -3  -1  -1  -3  -3  -1    0   0   0   0 100   0   0   0   0   0   0   0   0   0   0   0   0   0   0   0  1.62 0.09
  509 N    -1  -1   5   3  -3   0   0  -1   0  -3  -3   0  -2  -3  -2   1   0  -4  -2  -3    0   0  65  20   0   0   0   0   0   0   0   0   0   0   0  15   0   0   0   0  0.65 0.05
  510 S     0  -1   0  -1  -1   2   0  -1   3  -2  -2   0  -1  -2  -1   2   3  -3  -1  -1    0   0   0   0   0  15   0   0  16   0   0   0   0   0   0  30  40   0   0   0  0.32 0.02
  511 L    -2  -2  -3  -4  -2  -2  -3  -4  -3   2   3  -3   1   3  -3  -3  -1  -1   0   1    0   0   0   0   0   0   0   0   0  15  65   0   0  20   0   0   0   0   0   0  0.40 0.02
  512 F    -2  -3  -3  -4  -3  -3  -3  -3  -1   0   0  -3   0   6  -4  -3  -2   1   3  -1    0   0   0   0   0   0   0   0   0   0   0   0   0 100   0   0   0   0   0   0  0.86 0.03

                      K         Lambda
Standard Ungapped    0.1360     0.3171
Standard Gapped      0.0394     0.2670
PSI Ungapped         0.1279     0.2979
PSI Gapped           0.0394     0.2670
