
Last position-specific scoring matrix computed, weighted observed percentages rounded down, information per position, and relative weight of gapless real matches to pseudocounts
            A   R   N   D   C   Q   E   G   H   I   L   K   M   F   P   S   T   W   Y   V   A   R   N   D   C   Q   E   G   H   I   L   K   M   F   P   S   T   W   Y   V
    1 M    -1  -1  -2  -3  -1   0  -2  -3  -2   1   2  -1   5   0  -2  -1  -1  -1  -1   1    0   0   0   0   0   0   0   0   0   0   0   0   0   0   0   0   0   0   0   0  0.00     0.00
    2 V     0  -2  -3  -3  -1  -2  -2  -3  -3   2   1  -2   1  -1  -2  -2   0  -3  -1   4    0   0   0   0   0   0   0   0   0   0   0   0   0   0   0   0   0   0   0   0  0.00     0.00
    3 A     4  -1  -1  -2   0  -1  -1   0  -2  -1  -1  -1  -1  -2  -1   1   0  -2  -2   0    0   0   0   0   0   0   0   0   0   0   0   0   0   0   0   0   0   0   0   0  0.00     0.00
    4 M    -1  -1  -2  -3  -1   0  -2  -3  -2   1   2  -1   5   0  -2  -1  -1  -1  -1   1    0   0   0   0   0   0   0   0   0   0   0   0   0   0   0   0   0   0   0   0  0.00     0.00
    5 A     4  -2  -2  -2   0  -1  -1   0  -2  -1  -2  -1  -1  -2  -1   1   0  -3  -2   0  100   0   0   0   0   0   0   0   0   0   0   0   0   0   0   0   0   0   0   0  0.40 0.00
    6 M    -1  -1  -2  -3  -2   0  -2  -3  -2   1   2  -1   6   0  -3  -2  -1  -2  -1   1    0   0   0   0   0   0   0   0   0   0   0   0 100   0   0   0   0   0   0   0  0.36 0.01
    7 A     4  -2  -2  -2   0  -1  -1   0  -2  -1  -2  -1  -1  -2  -1   1   0  -3  -2   0  100   0   0   0   0   0   0   0   0   0   0   0   0   0   0   0   0   0   0   0  0.41 0.00
    8 S     4  -1  -1  -1  -1  -1  -1   0  -1  -2  -2  -1  -1  -2  -1   2   1  -3  -2  -1   68   0   0   0   0   0   0   0   0   0   0   0   0   0   0  32   0   0   0   0  0.35 0.00
    9 L    -2  -2  -4  -4  -1  -2  -3  -4  -3   2   4  -3   2   0  -3  -3  -1  -2  -1   1    0   0   0   0   0   0   0   0   0   0 100   0   0   0   0   0   0   0   0   0  0.46 0.00
   10 Q    -1   1   0   0  -3   6   2  -2   0  -3  -2   1   0  -3  -1   0  -1  -2  -2  -2    0   0   0   0   0 100   0   0   0   0   0   0   0   0   0   0   0   0   0   0  0.66 0.00
   11 S     1  -1   1   0  -1   0   0   0  -1  -3  -3   0  -2  -3  -1   4   1  -3  -2  -2    0   0   0   0   0   0   0   0   0   0   0   0   0   0   0 100   0   0   0   0  0.46 0.00
   12 S     1  -1   1   0  -1   0   0   0  -1  -3  -3   0  -2  -3  -1   4   1  -3  -2  -2    0   0   0   0   0   0   0   0   0   0   0   0   0   0   0 100   0   0   0   0  0.46 0.00
   13 M    -2  -2  -3  -4  -2  -2  -3  -3  -1   0   1  -3   3   5  -3  -2  -2   0   2   0    0   0   0   0   0   0   0   0   0   0   0   0  32  68   0   0   0   0   0   0  0.47 0.00
   14 S     2  -1   0  -1  -1  -1  -1  -1  -1  -1  -2  -1  -1  -2  -1   3   3  -3  -2  -1   33   0   0   0   0   0   0   0   0   0   0   0   0   0   0  32  34   0   0   0  0.31 0.00
   15 S     1  -1   0  -1  -1  -1  -1   3  -1  -3  -3  -1  -2  -3  -1   3   1  -3  -2  -2    0   0   0   0   0   0   0  33   0   0   0   0   0   0   0  67   0   0   0   0  0.44 0.00
   16 L    -2  -2  -4  -4  -1  -2  -3  -4  -3   2   4  -3   2   0  -3  -3  -1  -2  -1   1    0   0   0   0   0   0   0   0   0   0 100   0   0   0   0   0   0   0   0   0  0.46 0.00
   17 S     1  -1   1   0  -1   0   0   0  -1  -3  -3   0  -2  -3  -1   4   1  -3  -2  -2    0   0   0   0   0   0   0   0   0   0   0   0   0   0   0 100   0   0   0   0  0.46 0.00
   18 L    -1  -1  -2  -2  -1  -1  -2  -2  -2   1   3  -1   2   0  -1  -1  -1  -1  -1   1    3   2   1   2   1   1   2   2   1   2  70   2   1   1   2   2   2   0   1   2  0.18 0.00
   19 S     1  -1   0   0  -1   0   0   0  -1  -2  -2   0  -1  -2   0   3   1  -2  -1  -1    3   2   1   2   1   1   2   2   1   2   3   2   1   1   2  69   2   0   1   2  0.25 0.00
   20 S     1  -1   0   0  -1   0   0   0  -1  -2  -2   0  -1  -2   0   3   1  -2  -1  -1    3   2   1   2   1   1   2   2   1   2   3   2   1   1   2  69   2   0   1   2  0.25 0.00
   21 N    -1  -1   5   1  -2   0   0  -1   0  -2  -3   0  -2  -3  -2   1   3  -3  -2  -2    0   0  67   0   0   0   0   0   0   0   0   0   0   0   0   0  33   0   0   0  0.48 0.00
   22 S     1  -1   1   0  -1   0   0   0  -1  -3  -3   0  -2  -3  -1   4   1  -3  -2  -2    0   0   0   0   0   0   0   0   0   0   0   0   0   0   0 100   0   0   0   0  0.46 0.00
   23 F    -2  -3  -3  -4  -3  -3  -3  -3  -1   0   0  -3   0   7  -4  -3  -2   1   3  -1    0   0   0   0   0   0   0   0   0   0   0   0   0 100   0   0   0   0   0   0  0.75 0.00
   24 L    -2  -3  -3  -4  -2  -3  -3  -4  -2   1   3  -3   2   4  -3  -3  -2  -1   1   0    0   0   0   0   0   0   0   0   0   0  67   0   0  33   0   0   0   0   0   0  0.40 0.00
   25 G     0  -2   0  -1  -3  -2  -2   6  -2  -4  -4  -2  -3  -3  -2   0  -2  -3  -3  -3    0   0   0   0   0   0   0 100   0   0   0   0   0   0   0   0   0   0   0   0  1.05 0.01
   26 Q    -1   1   0   0  -3   6   2  -2   0  -3  -2   1  -1  -3  -1   0  -1  -2  -2  -2    0   0   0   0   0 100   0   0   0   0   0   0   0   0   0   0   0   0   0   0  0.71 0.02
   27 P    -1   5  -1  -2  -4   1   0  -3  -1  -3  -2   2  -2  -3   3  -1  -1  -3  -2  -3    0  84   0   0   0   0   0   0   0   0   0   0   0   0  16   0   0   0   0   0  0.71 0.02
   28 L    -2  -2  -4  -4  -2  -2  -3  -4  -3   1   4  -3   2   3  -3  -3  -1  -1   0   1    0   0   0   0   0   0   0   0   0   0  83   0   0  17   0   0   0   0   0   0  0.42 0.01
   29 S     1  -1   1   0  -1   0   0   0  -1  -3  -3   0  -2  -3  -1   4   1  -3  -2  -2    0   0   0   0   0   0   0   0   0   0   0   0   0   0   0 100   0   0   0   0  0.49 0.02
   30 P    -1  -2  -3  -2  -2  -2  -2  -3  -3  -1   1  -2   0  -2   7  -1  -1  -3  -2  -1    0   0   0   0   0   0   0   0   0   0  34   0   0   0  66   0   0   0   0   0  1.13 0.01
   31 I    -1  -2  -2  -3  -2  -2  -2  -3   0   2   1  -2   0   1  -3  -1   1   0   4   1    0   0   0   0   0   0   0   0   0  32  17   0   0   0   0   0  17   0  34   0  0.25 0.01
   32 T     0  -1   0  -1  -1  -1  -1  -1  -2  -1  -2  -1  -1  -2  -1   3   4  -3  -2  -1    0   0   0   0   0   0   0   0   0   0   0   0   0   0   0  32  68   0   0   0  0.42 0.01
   33 L     2  -2  -3  -3  -1  -2  -2  -2  -3   1   3  -2   1   0  -2  -1  -1  -2  -1   0   34   0   0   0   0   0   0   0   0   0  66   0   0   0   0   0   0   0   0   0  0.24 0.01
   34 S     0  -1  -1  -1  -2   2   0  -2  -1  -3  -3   0  -2  -3   6   2   0  -3  -2  -2    0   0   0   0   0  17   0   0   0   0   0   0   0   0  51  32   0   0   0   0  0.90 0.01
   35 P    -1  -2  -3  -3  -2  -2  -2  -3  -3   1   2  -2   1  -1   5  -2  -1  -3  -2   2    0   0   0   0   0   0   0   0   0   0  34   0   0   0  32   0   0   0   0  33  0.49 0.01
   36 F    -1   0  -1  -2  -2   0  -1  -2   5  -1   0   1   0   2  -2  -1   1  -2   1  -1    0   0   0   0   0   0   0   0  34   0  17  17   0  16   0   0  16   0   0   0  0.19 0.01
   37 L     0  -2  -2  -2  -1  -2  -2  -3  -2   1   3  -2   1   0  -2   1   1  -2  -1   1    0   0   0   0   0   0   0   0   0   0  50   0   0   0   0  16  17   0   0  17  0.19 0.01
   38 Q    -1   3   0   0  -3   2   2  -2   0  -2  -2   1  -1  -3   3   0  -1  -2  -2  -2    1  35   1   1   0  17  18   1   0   1   1   1   0   1  17   1   1   0   1   1  0.40 0.00
   39 G     2  -1  -1  -1  -2  -1  -1   3   4  -1  -2  -1  -1  -2  -1   0  -1  -2   0   0   25   1   1   1   0   1   1  28  24   1   1   1   0   0   1   1   1   0   0  13  0.22 0.01
   40 K    -1   2   0  -1  -3   1   1  -1  -1  -2  -2   5  -1  -3  -1   0  -1  -3  -2  -2    1   1   1   1   0   1   1   1   0   1   1  87   0   1   1   1   1   0   0   1  0.45 0.02
   41 P     0  -1  -1  -1  -1  -1  -1  -1  -1  -1   1  -1   0  -1   4   2   0  -2  -1  -1    2   2   1   2   1   1   2   2   1   2  22   2   1   1  23  31   2   0   1   2  0.27 0.01
   42 T     1  -1   0  -1  -1   0   0  -1   4  -1  -1   0  -1  -1  -1   2   2  -2   0  -1   13   2   1   2   1   1   2   2  19   2   3   2   1   1   2  21  23   0   1   2  0.17 0.01
   43 E    -1   0   0   1  -3   1   5  -2   3  -3  -2   0  -2  -2  -1   0  -1  -2  -1  -2    1   1   1   1   0   1  71   1  13   1   2   1   0   1   1   1   1   0   1   1  0.51 0.03
   44 K    -1   4   2  -1  -2   0   0   1   0  -2  -2   2  -1  -2  -1   1   0  -2  -2  -2    1  38  12   1   0   1   1  12   0   1   2  12   0   1   1  14   1   0   1   1  0.27 0.01
   45 K    -1   2  -1  -1  -3   0   0  -2   4  -2  -2   1  -2  -2   5  -1  -1  -2  -1  -2    1  20   1   1   0   1   1   1  19   1   2  12   0   1  35   1   1   0   1   1  0.57 0.02
   46 C     0  -1  -2  -2   7  -1  -1  -2  -2   0  -1   1  -1  -2  -2  -1  -1  -2  -2   1    1   1   1   1  45   1   1   1   0   1   2  20   0   1   1   1   1   0   1  20  0.39 0.02
   47 L    -2  -3  -4  -4  -2  -3  -3  -4  -3   2   4  -3   3   0  -3  -3  -1  -2  -2   2    0   0   0   0   0   0   0   0   0   3  77   0   7   0   0   0   0   0   0  13  0.52 0.07
   48 I    -2  -3  -3  -4  -2  -2  -3  -4  -3   3   3  -3   5   1  -3  -2  -1  -2  -1   2    0   0   0   0   0   0   0   0   0  18  23   0  41   3   0   0   0   0   0  14  0.44 0.08
   49 V     1   0   1  -1  -2   0  -1  -1   1  -1  -1  -1  -1  -2  -2   3   1  -3  -2   0    8   6   6   0   0   5   0   0   5   0   6   0   0   0   0  40  11   0   0  13  0.19 0.05
   50 M     5  -2  -2  -3  -1  -1  -2  -1  -2  -2  -1  -1   2  -3  -2   0  -1  -3  -2  -1   88   0   0   0   0   0   0   0   0   0   0   0  12   0   0   0   0   0   0   0  0.60 0.12
   51 K    -1   3   0  -2  -3   0  -1  -2   1  -2  -2   2   2  -3   4  -1   1  -3  -2  -2    0  22   3   0   0   0   0   0   5   0   0  20  14   0  25   0  11   0   0   0  0.45 0.07
   52 L    -2  -3  -4  -4  -2  -3  -4  -4  -3   2   5  -3   3   0  -4  -3  -2  -2  -2   0    0   0   0   0   0   0   0   0   0   5  86   0   8   0   0   0   0   0   0   0  0.68 0.11
   53 K     1  -1   0  -1  -2   0  -1  -1  -2  -3  -3   2  -2  -3  -2   5   0  -4  -3  -2    3   0   0   0   0   0   0   0   0   0   0  18   0   0   0  79   0   0   0   0  0.62 0.13
   54 R    -2   4  -1  -1  -4   1   2  -3  -1  -4  -3   4  -2  -4   2  -1  -1  -4  -3  -3    0  32   0   0   0   0  19   0   0   0   0  40   0   0   9   0   0   0   0   0  0.60 0.09
   55 W     0  -1  -1   3  -3   0   4  -2  -1  -3  -3   1  -3  -2  -2  -1  -2   7  -1  -3   11   0   0  22   0   0  40   0   0   0   0   8   0   0   0   0   0  18   0   0  0.64 0.10
   56 E    -2  -2  -3  -2  -2  -1   1  -4  -3   0   4   0   1  -1  -3  -2  -2  -3  -2   0    0   0   0   0   0   0  18   0   0   0  73   8   0   0   0   0   0   0   0   0  0.41 0.10
   57 R    -2   6  -1  -2  -4   2   1  -3  -1  -4  -3   3  -2  -4  -3   0  -1  -4  -3  -3    0  64   0   0   0   7   5   0   0   0   0  17   0   0   0   4   3   0   0   0  0.82 0.14
   58 K     0   1  -1  -1  -4   1   4  -2  -1  -4  -3   4  -2  -4   1   0  -1  -4  -3  -3    6   2   0   0   0   0  35   0   0   0   0  46   0   0   5   5   0   0   0   0  0.60 0.15
   59 E    -2   1  -1   1  -4   3   3  -3  -1  -3  -2   4  -2  -4  -2  -1  -2  -4  -3  -3    0   5   0   6   0  20  28   0   0   0   4  37   0   0   0   0   0   0   0   0  0.57 0.14
   60 C     0  -3  -3  -4   3  -2  -3  -3  -1   0   0  -3   0   1  -3  -1   0   0   6  -1   10   0   0   0   9   0   0   0   0   8   6   0   3   3   0   5   8   0  49   0  0.60 0.18
   61 K    -1   0   1  -2  -4  -1   0   4  -2  -4  -4   4  -3  -4  -3  -1  -2  -4  -3  -4    1   2   7   0   0   0   5  41   0   0   0  42   0   0   0   2   0   0   0   0  0.66 0.17
   62 P    -1   0  -2  -2  -3   1  -1  -3  -2   2  -1   3  -1  -3   3   0   0  -4  -3   1    3   3   0   0   0   8   0   0   0  21   0  27   0   0  16   5   6   0   0  10  0.29 0.12
   63 N    -2   5   2   0  -4   1  -1  -2  -1  -4  -2   4  -2  -4  -3  -1  -2  -4  -3  -3    1  38  15   6   0   3   0   2   0   0   4  29   0   0   0   1   0   0   0   0  0.60 0.17
   64 S     1   1   2  -1  -2  -1  -1  -1  -2  -1  -2   1  -2  -3  -1   3   1  -3  -2  -2   10  11  12   0   0   0   0   2   0   3   4   9   0   0   2  40   5   0   0   0  0.30 0.13
   65 L     0   0   0  -2  -2  -1  -2  -2  -2   0   2   1   2   1  -1  -1   1  -2  -1   0    8   6   4   1   0   0   1   1   0   4  31  11   9   6   2   3   9   0   0   2  0.10 0.06
   66 P     0  -1  -3  -2  -3  -2   0  -3  -3  -2  -3  -1  -3   0   7  -1  -1  -3  -3  -3    6   3   1   1   0   0   6   1   0   3   1   2   0   5  65   2   2   0   0   1  1.31 0.21
   67 V    -1   0  -1  -1  -2   2   0  -1   0   0  -1   2  -1  -2   0   0   0  -2  -1   1    3   3   2   2   1  13   2   3   2   5   3  24   1   1   4   6   4   0   1  20  0.11 0.05
   68 L    -1   2  -1  -3  -2  -1  -2  -1  -2   0   1   0   7   0  -2  -2  -2  -2  -2  -1    3  12   2   1   0   2   1   4   0   4   7   7  45   3   2   2   1   0   1   1  0.56 0.22
   69 H     1   0   0  -1  -2   1   0  -1   1   0  -1   2   0  -2  -1   1   0  -2   0   0   16   4   5   2   0   7   2   3   5   7   3  18   3   1   2  10   3   0   4   5  0.09 0.06
   70 K     0   2  -1  -2  -3   0  -1  -2  -2  -2  -2   5   0  -3  -2   0  -1  -3  -3  -2    7   9   1   1   0   2   1   2   0   3   3  57   2   1   1   4   3   0   1   1  0.63 0.23
   71 L    -1  -2  -1  -3  -2  -1  -2  -3  -3   2   2  -2   6   1  -3  -1   0  -2   0   1    4   1   3   1   0   2   2   1   0  10  16   2  29   6   1   4   6   0   2  11  0.37 0.19
   72 H    -3   3   0  -2  -4  -1  -1  -3   5  -4  -4   5  -3  -1  -2  -1  -1  -4  -2  -4    1  18   3   1   0   1   1   1  18   0   1  43   0   2   1   3   2   0   1   1  0.85 0.35
   73 V    -3  -5  -5  -5  -3  -5  -5  -6  -5   6   1  -5  -1  -1  -5  -4  -3  -5  -3   4    0   0   0   0   0   0   0   0   0  55  11   0   0   2   0   0   0   0   0  30  1.24 0.43
   74 K    -3   5  -2  -4  -3  -1  -2  -4   0  -2  -3   6  -3  -2  -4  -3  -3  -5  -4  -2    1  33   1   0   1   0   1   0   2   3   2  51   0   2   0   0   0   0   0   3  1.16 0.45
   75 V    -2   3  -2  -3   1   0  -2  -4  -3  -2  -3   6  -3  -4  -4  -1   0  -5  -4   0    2  12   0   0   3   2   0   0   0   1   1  60   0   0   0   3   6   0   0   8  0.99 0.44
   76 G    -3  -5   2   1  -6  -3  -2   7  -3  -7  -7  -3  -6  -6  -5  -2  -3  -6  -6  -6    0   0   9   8   0   1   2  77   1   0   0   1   0   0   0   1   1   0   0   0  1.65 0.54
   77 D    -4  -5  -1   8  -7  -4  -1  -5  -5  -7  -6  -4  -7  -7  -5  -4  -5  -8  -7  -7    1   0   1  96   0   0   2   0   0   0   1   0   0   0   0   0   0   0   0   0  2.58 0.77
   78 T    -2   0  -1   0  -4   2   2  -4  -3  -2  -1   2   0  -3  -2   0   4  -4  -3  -1    0   5   3   3   0   8  16   0   0   2   7  16   3   0   1   4  30   0   0   3  0.38 0.26
   79 V    -4  -6  -6  -7  -4  -6  -6  -7  -7   2  -2  -6  -3  -4  -6  -5  -3  -6  -5   7    0   0   0   0   0   0   0   0   0   6   0   0   0   0   0   0   0   0   0  94  2.06 0.69
   80 K    -2   1  -3  -3  -4   2   0  -4  -3   3   0   2   1  -2  -4  -2  -2  -4  -1   2    2   6   0   0   0  11   6   0   0  23   7  19   4   1   0   1   1   0   2  19  0.37 0.25
   81 V    -3  -6  -6  -6  -2  -5  -6  -6  -6   4  -1  -5  -1  -4  -6  -5  -3  -6  -4   7    1   0   0   0   1   0   0   0   0  18   2   0   1   0   0   0   0   0   0  78  1.67 0.60
   82 I    -3  -4  -1  -5  -4  -5  -5  -6  -5   6   3  -5   3  -2  -5  -4  -2  -5  -4   1    1   1   4   0   0   0   0   0   0  49  32   0   9   0   0   0   1   0   0   4  1.07 0.43
   83 S     4   3  -2  -4  -1  -3  -2  -3  -2  -3  -4  -2  -3  -5  -4   3   3  -5  -4  -2   35  16   1   0   1   0   1   0   1   1   0   0   0   0   0  22  20   0   0   2  0.72 0.41
   84 G    -3  -6  -4  -5  -6  -6  -6   8  -6  -8  -8  -5  -6  -7  -6  -4  -5  -6  -7  -7    0   0   0   0   0   0   0 100   0   0   0   0   0   0   0   0   0   0   0   0  2.61 0.80
   85 H    -2   2   0   2  -5  -1  -1  -3  -2  -5  -5   6  -4  -4  -3   1  -3  -6  -5  -5    2   9   4  12   0   1   2   1   1   0   0  57   0   1   1   9   1   0   0   0  1.02 0.47
   86 E    -4  -3   0   7  -6  -2   1  -5   2  -6  -6  -2  -5   2  -5  -2  -4  -2   0  -6    0   1   4  65   0   1   6   0   5   0   0   1   0   9   0   2   0   0   4   0  1.43 0.55
   87 K     0   2  -4  -4  -6  -2  -2  -5  -4  -5  -5   7  -5  -6  -4  -3  -3  -6  -3  -4    8   9   0   0   0   0   0   0   0   1   0  78   0   0   0   1   1   0   1   1  1.66 0.65
   88 G    -3  -5  -1  -4  -6  -4  -5   7  -5  -7  -7  -2  -6  -5  -6  -3  -4  -6  -6  -5    1   0   3   1   0   0   0  91   0   0   0   2   0   1   0   1   0   0   0   0  2.13 0.69
   89 Q    -2   2  -2  -3  -4   0   0  -3   2  -2  -4   6  -3  -4  -4  -2   0  -5  -2  -3    2   8   1   1   0   3   5   1   5   2   1  61   0   1   0   1   5   0   1   2  0.99 0.46
   90 I    -2   3  -2  -2  -4   3   3  -3  -2   1  -3   1  -1  -4  -3   0   2  -5  -4   0    0  15   0   1   0  17  19   1   0   9   1   9   1   0   0   4  15   0   0   6  0.43 0.29
   91 G    -1  -6  -4  -5  -6  -5  -5   7  -6  -7  -7  -5  -6  -7  -6  -1  -3  -6  -7  -6    3   0   0   0   0   0   0  92   0   0   0   0   0   0   0   3   2   0   0   0  2.24 0.71
   92 E    -2   1  -2  -2  -3   0   3  -4  -3  -1  -3   5  -3  -5  -1  -2   1  -5  -4  -1    2   5   0   0   0   2  23   0   0   4   2  43   0   0   2   1  10   0   0   5  0.73 0.39
   93 I    -4  -6  -6  -6  -4  -5  -6  -6  -6   4  -2  -6  -2  -4  -6  -5  -3  -6  -4   7    0   0   0   0   0   0   0   0   0  19   0   0   0   0   0   0   0   0   0  80  1.81 0.65
   94 T    -1  -1  -3  -2  -3  -1  -2  -4  -4   2   3   0   0  -1  -4  -1   1  -4  -3   2    3   2   1   2   0   2   2   0   0  14  37   7   1   1   0   5  11   0   0  12  0.34 0.22
   95 K     1   3  -1  -2  -3   3   1  -2  -2  -4  -4   4  -3  -3  -3   1  -1  -1  -2  -2   11  16   1   1   0  15  10   2   0   0   1  26   0   1   0  10   2   1   1   2  0.48 0.29
   96 I     0  -4  -4  -5  -2  -5  -5  -5  -5   3  -1  -5  -1  -2  -5  -3  -1  -5  -4   6    7   1   0   0   1   0   0   0   0  16   3   0   0   1   0   1   4   0   0  65  1.15 0.48
   97 F    -3   0   0   3  -2  -2  -2  -4  -2   2   3  -3   1   2  -4  -1  -2  -3   1  -1    1   6   4  18   1   0   1   0   1  12  30   0   3  11   0   3   1   0   6   2  0.33 0.22
   98 K    -1   3  -2  -3  -3  -1  -2  -2   0  -2  -1   1  -1  -3   5  -2  -1  -4   0   0    6  16   1   1   0   1   1   3   2   1   8   7   1   0  34   2   3   0   4   7  0.58 0.26
   99 H     0   1   0   2  -4   1   1  -1   0  -3  -3   5  -2  -4  -2   0  -1  -2  -2  -3    6   5   3  12   0   5   8   4   2   1   1  39   1   0   1   7   2   1   1   1  0.49 0.28
  100 N    -1   2   1   2  -4   0   2  -1  -1  -4  -3   3  -3  -5  -2   0   1  -5  -4  -2    4  13   7  14   0   2  13   4   1   0   2  25   0   0   1   7   8   0   0   2  0.41 0.25
  101 S    -1  -2   4   2  -1   0   0   3  -1  -3  -3  -1  -1  -2  -3   1  -1   0   0  -1    2   1  21  13   1   3   5  22   1   0   2   3   1   2   0  11   2   1   4   6  0.34 0.23
  102 S    -1   5  -3  -3   0   0  -1  -3   0  -4  -3   4  -2  -3  -4  -2   0   3  -2  -1    4  35   0   1   2   3   1   1   2   0   2  31   0   1   0   2   5   5   1   5  0.75 0.40
  103 V     1  -5  -6  -6  -4  -5  -5  -5  -6   3   1  -5  -2  -3  -5  -4  -3  -5  -1   6   12   0   0   0   0   0   0   0   0  16   9   0   0   0   0   0   0   0   2  61  1.17 0.51
  104 I    -2  -2  -4  -4  -3  -2  -2  -5   0   4   2  -1  -1  -1  -4  -2  -1  -1   1   3    1   1   0   0   0   2   2   0   3  32  17   4   0   2   0   2   4   1   4  24  0.50 0.28
  105 V    -3  -5  -6  -6  -4  -5  -5  -6  -6   2  -1  -5  -2  -4  -5  -5  -3  -6  -4   7    0   0   0   0   0   0   0   0   0  10   3   0   0   0   0   0   0   0   0  84  1.76 0.66
  106 K    -1   0  -2   1  -5   1   6  -3   0  -5  -5   2  -4  -5  -4   0  -2  -5  -4  -2    4   4   1   7   0   6  54   1   2   0   0  10   0   0   0   7   1   0   0   2  0.93 0.45
  107 D    -3  -3   0   0  -6  -4  -3   7  -1  -6  -6   0  -5  -6  -5  -2  -4  -6  -6  -3    0   1   5   5   0   0   1  76   1   0   0   6   0   0   0   2   0   0   0   2  1.56 0.59
  108 I    -1  -5  -5  -5   1  -4  -2  -4  -5   4   1  -5  -1  -2  -5  -4  -2  -5  -4   5    5   0   0   0   3   0   2   1   0  22  11   0   1   1   0   0   1   0   0  53  0.96 0.43
  109 N    -2  -2   7  -2  -5  -2  -3  -1  -1  -5  -5  -1  -1  -5  -4  -1   1  -5  -2  -5    3   2  68   0   0   1   0   4   1   0   1   4   2   0   0   3   9   0   1   0  1.44 0.57
  110 L    -3   0  -3  -4  -3  -2  -3  -4  -4   4   2  -1   4  -1  -4  -2   0   0  -3   2    0   6   1   0   0   2   0   0   0  24  18   4  16   2   0   1   5   1   0  18  0.48 0.27
  111 K     0   1  -2  -3   0  -2  -1  -4   1   2  -1   1  -1  -3  -3  -1  -1  -4  -2   4    7   7   2   0   2   1   3   0   4  14   3   8   1   0   0   3   2   0   1  41  0.39 0.26
  112 T    -2   0  -1  -3  -4  -1  -2  -4  -2  -2  -4   6  -3  -2  -3  -1   2  -1   0  -3    1   3   2   1   0   1   1   1   1   2   1  61   0   2   1   3  14   1   4   2  0.98 0.45
  113 K    -2   5  -1  -3  -4  -1  -1  -3  -1  -3  -4   6  -3  -3  -3  -2  -3  -4  -2  -3    2  32   2   1   0   1   1   1   1   1   1  49   0   1   1   2   1   0   1   2  1.03 0.42
  114 H    -1  -2  -1  -1  -4  -2  -3  -4  10  -4  -4  -2  -4  -2  -4  -1  -3  -4   1  -2    6   2   1   3   0   0   1   1  68   1   1   2   0   1   1   4   2   0   4   3  1.88 0.61
  115 V    -1  -1  -2  -1  -3   3  -1  -2  -2   1  -1   0   1  -3  -3  -1   2  -3  -3   3    3   3   1   3   0  18   3   2   1   8   3   4   4   0   1   3  18   0   0  26  0.30 0.25
  116 K    -2   4  -1  -3  -5  -2  -2   0  -3  -5  -4   6  -4  -5  -2  -2  -2  -5  -4  -4    3  19   2   0   0   0   1   7   0   0   1  60   0   0   1   1   2   0   0   1  1.15 0.51
  117 S     1   0  -2  -2  -4   0   0  -2  -4  -3  -3   1  -4  -5   6  -1  -1  -5  -4  -2   13   4   1   1   0   5   5   2   0   1   2   8   0   0  48   2   3   0   0   3  1.01 0.47
  118 N    -2   0   4   0  -3  -1  -1  -1  -2  -1  -3   0  -3  -4  -2   2   3  -4  -3  -1    1   5  23   4   0   2   3   4   0   3   2   5   0   0   1  20  20   0   0   5  0.41 0.31
  119 Q     0   2   0  -2  -4   4   1  -1  -2  -4  -3   1   1  -4   2   0  -1  -4  -1  -2   10  10   4   1   0  27   6   4   0   0   0  10   4   0  11   5   4   0   2   2  0.42 0.31
  120 E     0   1   0   2  -3   1   2   0  -2  -2  -2   1   0  -2  -1   0   1  -3  -3  -2    7   9   3  12   0   8  15   8   0   1   3   9   3   1   3   4  10   0   0   2  0.19 0.16
  121 G    -1  -1   4  -1  -4   2  -1   3   0  -3  -3  -1   0  -1  -3   0  -1   0   0  -2    4   2  24   2   0   9   3  26   2   1   2   3   3   3   0   7   2   1   3   3  0.39 0.27
  122 E    -1   2  -2   0  -4   2   3  -3  -2  -2  -3   1  -1  -4   3  -1   1  -4  -3  -1    3  12   1   4   0  10  22   1   0   2   1   6   1   0  17   4   9   0   0   6  0.43 0.29
  123 P     0  -1   0   0  -3   4   2   0  -1  -2  -3   1  -1  -3   2   1   0  -3  -2  -2    6   2   5   4   0  22  11   7   1   2   2   8   1   1  10  10   6   0   1   2  0.29 0.21
  124 G    -1  -1  -3  -4  -4  -4  -4   7  -4  -5  -5  -4  -4  -5  -4  -1  -1  -5  -5  -2    3   4   0   0   0   0   1  77   0   0   1   0   0   0   0   5   4   0   0   3  1.54 0.62
  125 Q    -1  -1   0  -3  -4   0  -1   5  -3  -3  -4  -1  -3  -1  -3  -1   0  -4   0  -4    3   3   3   1   0   5   3  56   0   2   1   4   0   2   1   3   7   0   4   1  0.81 0.40
  126 I    -2  -2  -4  -4  -3  -3  -4  -5  -1   6   0  -2   0   0  -2  -4  -1  -4   1   1    2   3   0   1   0   1   1   1   2  60   5   2   2   3   3   1   3   0   5   6  0.90 0.45
  127 N    -2  -3  -2  -2  -3  -1  -1  -4  -2   4   1  -1  -1  -1  -3  -2   0   0  -1   4    2   0   2   3   0   2   6   1   1  30   9   4   1   1   0   1   4   1   2  30  0.40 0.24
  128 K    -1   0   0   1  -4   1   4  -3   0  -3  -4   2  -3  -3   0   0   2  -4  -1  -3    4   3   5   5   0   5  35   0   2   1   1  11   0   1   4   7  13   0   2   1  0.45 0.27
  129 V    -2   1  -2  -2  -3   2  -1  -3  -2   0  -2   4   0   0  -3   0   0  -3  -1   1    1   7   1   0   0  11   2   1   1   6   3  35   2   5   0   9   4   0   1  11  0.37 0.25
  130 E    -1  -3  -2  -1  -5  -1   7  -4  -3  -5  -4  -2  -4  -2   1  -2  -2  -5  -3  -4    4   0   1   1   0   0  74   1   0   0   2   0   0   2   8   2   2   0   1   1  1.40 0.57
  131 A     5   0  -3  -4  -3  -1  -3   0  -3  -3  -1  -2   3  -1  -3  -1  -2  -3   1  -2   54   5   1   0   0   2   0   6   0   0   5   2  10   3   0   3   1   0   6   2  0.62 0.37
  132 P     0  -5  -5  -5  -5  -4  -4  -4  -5  -5  -6  -3  -5  -2   8   0  -2  -6  -4  -4    6   0   0   0   0   0   0   1   0   0   0   1   0   2  78   6   2   0   1   1  2.21 0.73
  133 I    -4  -6  -6  -6  -4  -5  -6  -7  -6   7   3  -6   2  -3  -6  -5  -4  -5  -4   1    0   0   0   0   0   0   0   0   0  66  22   0   4   0   0   0   0   0   0   8  1.50 0.57
  134 H    -2  -3   0   2  -6   0  -2  -5   9  -5  -1  -4  -4  -2  -2  -2  -4  -2   1  -4    4   1   5  13   0   4   1   0  57   0   6   0   0   1   2   2   0   0   3   1  1.55 0.61
  135 S     1  -2  -4  -4  -2  -2  -3  -4   1   3   1  -3   0  -2   2   0  -1  -2  -2   2   14   2   0   0   0   1   0   0   4  23  13   0   1   0  12   8   1   0   1  19  0.36 0.25
  136 S    -2  -3   0  -3   1  -3  -4  -4  -2  -6  -5  -2  -5  -6  -4   7  -1  -6  -5  -5    1   1   3   1   3   0   0   0   1   0   1   2   0   0   0  87   1   0   0   0  1.71 0.75
  137 N    -5  -3   8  -1  -6   0  -3  -4  -3  -7  -7   4  -5  -7  -5  -2  -3  -7  -5  -6    0   0  70   2   0   4   0   0   0   0   0  23   0   0   0   1   0   0   0   0  1.87 0.72
  138 V    -3  -6  -6  -6  -4  -5  -6  -6  -6   2   1  -5  -2  -4  -6  -5  -3  -6  -4   7    0   0   0   0   0   0   0   0   0  10  13   0   0   0   0   0   0   0   0  77  1.59 0.63
  139 M     4   0  -3  -5  -4  -1  -2  -4  -4  -1  -2   1   7  -4  -4  -2  -2  -5  -4  -1   34   5   1   0   0   3   1   0   0   3   1   9  38   0   0   2   1   0   0   2  0.97 0.51
  140 L    -3  -4  -5  -5  -3  -3  -5  -6  -2   4   4  -4   0  -1  -2  -4  -3  -4  -1   2    1   0   0   0   0   1   0   0   1  30  48   1   0   2   2   0   0   0   2  12  0.86 0.39
  141 Y    -1  -4  -4  -4  -3  -2  -3  -4  -2   3   1  -3   0   3  -4  -3   0   0   3   3    4   0   0   0   0   1   1   1   1  15  10   1   2  14   0   0   6   1  12  30  0.50 0.28
  142 S    -2  -3   3   6   5  -2   0  -2  -2  -4  -5   0  -4  -5  -4   1  -2  -5  -4  -3    1   0  14  45  15   0   4   2   1   0   0   5   0   0   0   9   1   0   0   2  0.97 0.42
  143 K     0  -2  -1  -2  -4   0  -1  -2  -3  -2   0   1  -2  -4   6   1   0  -5  -4  -2    9   1   2   2   0   3   3   3   0   1   9  10   1   0  37  12   6   0   0   2  0.65 0.31
  144 E     1   0   2   2  -4   0   1  -2  -1  -2  -3   4   0  -4  -3   0   0  -4  -3  -2   12   2  13  10   0   1  10   1   1   2   1  32   2   0   0   7   4   0   1   2  0.38 0.26
  145 K     0  -3   0   3   5  -1  -1  -1  -3  -3   0   0  -1  -3  -3   0   3  -4  -2  -2    6   0   4  19  15   2   2   3   0   1   8   6   1   1   0   4  25   0   1   0  0.42 0.28
  146 D    -2   1   2   1  -4   0   0   4  -2  -4  -3   2  -4  -5  -3   0  -1  -5  -4  -3    1   6  13   7   0   4   4  36   1   1   2  16   0   0   0   7   2   0   0   1  0.54 0.30
  147 V    -2   0  -1   2  -4   1   1  -3  -3  -1  -3   5  -3  -3  -2  -1  -1  -5  -4   0    1   3   2  12   0   6   6   1   0   4   2  47   0   1   1   2   3   0   0   7  0.60 0.36
  148 T     3  -2  -3  -2  -4  -1  -1   0  -4  -3  -4  -1  -4  -5   6  -1  -1  -5  -4   0   26   2   0   2   0   3   4   7   0   1   0   4   0   0  40   2   4   0   0   6  0.88 0.40
  149 S    -1   0  -2   3  -1  -3  -2  -3  -4  -3  -4  -2  -1  -5  -4   2   5  -5  -4   0    4   6   0  15   1   0   2   1   0   0   0   2   2   0   0  13  48   0   0   6  0.74 0.44
  150 R    -4   7  -3  -3  -7  -2   1  -5  -3  -4  -5   3  -5  -6  -5  -4  -3  -6  -5  -6    0  76   0   1   0   0   8   0   0   1   0  13   0   0   0   0   1   0   0   0  1.82 0.69
  151 V    -1  -4  -4  -5  -3  -4  -3  -3  -5   4   0  -4  -1   0  -3  -3  -1  -4  -2   5    3   1   0   0   0   0   2   2   0  23   4   0   0   4   1   2   2   0   1  55  0.86 0.41
  152 G    -1   1  -2  -3  -1  -1   1   5  -2  -5  -4   1  -4  -4  -3   0  -2  -4  -4  -4    4   7   1   0   1   3   9  53   1   0   0  11   0   1   0   5   1   0   0   0  0.79 0.35
  153 H    -3   0  -3  -5  -4  -1  -4  -5   2   2  -2  -1   0   5  -5  -3  -3   5   5  -1    1   5   1   0   0   3   0   0   6  12   1   4   3  27   0   1   1   8  22   4  0.76 0.36
  154 K    -3   5  -1  -1  -5   1   0  -3  -2  -2  -3   5  -2  -3  -4  -2   0  -5  -4  -3    1  32   1   3   0   7   3   1   1   3   1  39   1   1   0   1   5   0   0   2  0.81 0.41
  155 V    -1  -2  -3  -3  -2  -2  -2  -4  -3   3   0  -1  -1   4  -4  -3   0  -2   2   3    4   1   1   1   0   1   3   0   0  24   5   5   1  20   0   0   6   0   7  21  0.39 0.25
  156 L    -1  -1   0   1  -2  -1   0  -2  -2   1   2  -1   0  -2  -2  -1   1  -1  -2   1    2   2   6  11   0   2   5   2   0  11  26   3   2   0   1   3  13   1   0   9  0.13 0.13
  157 E    -1  -1  -1   2  -5   0   6  -2  -1  -4  -4   2  -1  -5  -3  -1  -2  -5  -4  -3    5   2   1  11   0   2  55   3   1   0   1  12   2   0   0   3   1   0   0   1  0.88 0.42
  158 N    -1   0   3   6  -5  -1   2  -1  -2  -5  -4   0  -4  -5  -3   0  -2  -6  -5  -4    5   6  12  49   0   1  10   3   0   0   1   4   0   0   1   5   2   0   0   1  0.85 0.40
  159 G    -2  -1   1  -1  -5  -4  -3   6  -4  -6  -6   0  -5  -6  -4  -2  -1  -5  -5  -5    1   3   5   3   0   0   1  75   0   0   0   7   0   0   0   1   3   0   0   0  1.44 0.55
  160 K    -2   3   0  -2  -4   0   2  -3  -1  -4  -4   5  -3  -5  -3  -1   0  -5  -4  -2    2  18   4   1   0   3  12   1   1   1   0  45   0   0   0   3   6   0   0   2  0.77 0.40
  161 R    -4   3  -3  -4  -6  -2  -2  -5  -4  -6  -4   7  -3  -6  -4  -2  -3  -2  -2  -5    0  13   0   0   0   0   0   0   0   0   1  81   0   0   0   1   1   1   2   0  1.74 0.70
  162 V    -1  -4  -5  -5  -3  -1  -3  -5  -5   2  -1   0   0  -3  -4  -3   0  -5  -2   6    4   0   0   0   0   3   1   0   0   8   2   6   2   0   0   1   5   0   1  67  0.93 0.45
  163 R    -5   8  -4  -5  -7  -2  -4  -6  -4  -7  -6  -1  -5  -6  -6  -4  -5  -6  -5  -6    0 100   0   0   0   0   0   0   0   0   0   0   0   0   0   0   0   0   0   0  2.67 0.87
  164 Y    -3  -1  -5  -5  -2  -4  -2  -5  -3   3  -1  -2   0   4  -5  -4  -2  -3   4   4    1   3   0   0   1   0   2   0   0  16   3   2   2  18   0   0   0   0  14  39  0.70 0.35
  165 L     3  -4  -2  -4   6  -2  -3  -3  -3  -3   0  -3  -1   3  -4   2  -2  -3   0  -2   26   0   1   0  20   2   0   0   0   0  12   0   1  16   0  19   1   0   2   1  0.61 0.35
  166 I    -2   3  -3  -4  -5  -2  -2  -4  -4  -3  -4   7  -2  -5  -4  -3  -1  -6  -4  -1    2  12   0   0   0   0   0   1   0   1   1  73   1   0   0   0   4   0   0   5  1.32 0.57
  167 K    -1   4  -2  -3  -5  -1  -2  -3  -2  -4  -4   5  -4  -5  -2   2   0  -5  -4  -3    3  20   0   0   0   1   0   1   1   1   0  47   0   0   1  20   4   0   0   1  0.87 0.43
  168 T    -2  -4   3  -2   6  -3  -2  -3  -4  -4  -4  -3  -4  -5  -4   4   4  -5  -4  -4    0   0  13   1  20   0   1   0   0   0   0   0   0   0   0  39  25   0   0   0  1.06 0.49
  169 G    -2  -4   3  -1  -5  -2  -3   6  -4  -6  -6  -1  -5  -6  -5  -2  -4  -5  -5  -6    1   0  13   3   0   1   1  77   0   0   0   3   0   0   0   2   0   0   0   0  1.56 0.52
  170 E    -1   1   0   1  -5   1   5  -3  -2  -5  -5   3  -4  -5  -3  -1  -2  -5  -2  -4    5   7   4   5   0   3  51   1   0   0   0  17   0   0   0   3   2   0   2   0  0.81 0.37
  171 I     0  -2  -1   0  -3  -1   1  -3  -3   2   0  -2  -1  -1  -3   0   1  -4  -3   2    7   1   2   6   0   2  14   0   0  19  10   1   0   2   0   5  11   0   0  21  0.20 0.17
  172 I    -3  -5  -6  -6  -4  -5  -5  -6  -5   6   3  -5   0  -1  -5  -5  -3  -5  -3   2    0   0   0   0   0   0   0   0   0  61  23   0   0   2   0   0   0   0   0  13  1.22 0.44
  173 D    -3  -3   1   7  -5  -2   1   0  -3  -5  -6  -1  -5  -6   2  -2  -2  -6  -5  -5    0   0   4  67   0   1   7   6   0   0   0   2   0   0  11   1   1   0   0   0  1.29 0.41
  174 S     2  -1   0   0  -3  -1  -1   3  -2   0  -2   3  -2  -3  -2   0  -1  -4  -3  -1   23   0   3   4   0   0   0  22   0   7   2  28   0   0   0   7   2   0   0   2  0.30 0.16
  175 E     0  -1   0   0  -3   1   1  -2  -2  -1  -2   2  -2  -3   5  -1  -1  -3  -3   0    5   0   3   5   0   9  11   0   0   5   0  18   0   0  32   0   0   0   0   9  0.50 0.09
  176 E     0   0  -1   1  -3   0   3   2  -1  -3  -3   2  -2  -3  -2   1  -1  -3   0  -3    9   4   0   7   0   0  32  17   0   0   0  16   0   0   0  10   0   0   5   0  0.31 0.06
  177 N    -1   1   2  -1  -3   2   2  -2  -1  -1  -1   3  -1  -3  -2  -1  -1  -3  -2   0    0   5  16   0   0  14  13   0   0   0   7  29   0   0   0   0   0   0   0  17  0.22 0.05
  178 W     1  -1   0   0  -2  -1  -1  -2   2  -3  -2   0  -2  -1   1  -1  -1   8   0  -2   26   0   7   6   0   0   0   0   9   0   0   9   0   0   8   0   0  35   0   0  0.68 0.06
  179 K     0   2   1  -1  -3   1   1  -2  -1  -2  -2   4  -1  -3  -2   0  -1  -3  -2   0    8   9   9   0   0   0  10   0   0   0   0  51   0   0   0   0   0   0   0  13  0.30 0.05
  180 K    -1   3  -1  -1  -3   1   1  -2  -1  -2  -1   5  -1  -3  -2  -1  -1  -3  -2  -2    0  11   0   0   0   0   8   0   0   0   8  73   0   0   0   0   0   0   0   0  0.49 0.05
  181 L    -1  -2  -2  -3  -1  -2  -2  -3  -3   3   2  -2   1  -1  -2  -1   2  -3  -2   3    0   0   0   0   0   0   0   0   0  30  17   0   0   0   0   0  24   0   0  30  0.26 0.03
  182 K    -1   2   0  -1  -3   2   1  -2  -1  -3  -3   5  -2  -4  -1   0  -1  -3  -2  -3    0   0   0   0   0  10   0   0   0   0   0  90   0   0   0   0   0   0   0   0  0.61 0.05
  183 E     1   2   1   0  -3   1   3  -1   0  -3  -3   2  -2  -3  -1   0  -1  -3  -2  -2   18  19  12   0   0   0  33   0   0   0   0  18   0   0   0   0   0   0   0   0  0.34 0.01
  184 A     2   1  -1   0  -2   1   3  -1  -1  -2  -2   3  -2  -3  -1   0  -1  -3  -2  -2   34   0   0   0   0   0  30   0   0   0   0  36   0   0   0   0   0   0   0   0  0.31 0.01
  185 N    -1   1   2   2  -3   1   2  -1   0  -3  -3   3  -2  -3  -1   0  -1  -3  -2  -3    0   0  17  17   0   0  17   0   0   0   0  49   0   0   0   0   0   0   0   0  0.41 0.01
  186 K    -1   1  -1  -1  -2   1   2  -2  -1   0  -1   3  -1  -2  -2  -1  -1  -3  -2   1    0   0   0   0   0   0  18   0   0   0   0  51   0   0   0   0   0   0   0  30  0.22 0.01
  187 K     0   0   0   1  -2   1   4  -2  -1  -3  -3   2  -2  -3  -1   1   2  -3  -2  -2    0   0   0   0   0   0  47   0   0   0   0  17   0   0   0  18  17   0   0   0  0.38 0.01
  188 T     0   0   0   0  -2   1   2  -2  -1  -2  -2   2  -1  -3  -1   1   3  -3  -2  -1    0   0   0   0   0   0  18   0   0   0   0  30   0   0   0   0  51   0   0   0  0.31 0.01
  189 A     3  -1  -1  -1  -1   0   1  -1  -1  -1  -2   0  -1  -3  -1   1   3  -3  -2   0   48   0   0   0   0   0  17   0   0   0   0   0   0   0   0   0  35   0   0   0  0.27 0.01
  190 E     3  -1  -1  -1  -1   2   2   0  -1  -2  -2   0  -1  -3  -1   1   0  -3  -2  -1   66   0   0   0   0  17  17   0   0   0   0   0   0   0   0   0   0   0   0   0  0.31 0.01
  191 V     0  -2  -2  -3  -1  -2  -2  -3  -3   2   0  -2   0  -1  -2   0   2  -3  -1   3    0   0   0   0   0   0   0   0   0   0   0   0   0   0   0   0  30   0   0  70  0.27 0.01
  192 A     4  -1  -1  -1  -1  -1  -1   0  -2  -2  -2  -1  -1  -2  -1   2   0  -3  -2  -1   70   0   0   0   0   0   0   0   0   0   0   0   0   0   0  30   0   0   0   0  0.37 0.01
  193 A     2  -2  -1  -2  -1  -1  -1  -1  -2   1  -1  -1   0  -2  -1   2   0  -3  -2   2   34   0   0   0   0   0   0   0   0   0   0   0   0   0   0  30   0   0   0  35  0.19 0.01
  194 T     2  -1  -1  -1  -1  -1  -1  -1  -2  -1  -1  -1  -1  -2  -1   1   4  -3  -2   0   36   0   0   0   0   0   0   0   0   0   0   0   0   0   0   0  64   0   0   0  0.35 0.01

                      K         Lambda
Standard Ungapped    0.1273     0.3111
Standard Gapped      0.0503     0.2670
PSI Ungapped         0.1643     0.3143
PSI Gapped           0.0503     0.2670
