
Last position-specific scoring matrix computed, weighted observed percentages rounded down, information per position, and relative weight of gapless real matches to pseudocounts
            A   R   N   D   C   Q   E   G   H   I   L   K   M   F   P   S   T   W   Y   V   A   R   N   D   C   Q   E   G   H   I   L   K   M   F   P   S   T   W   Y   V
    1 M    -2  -3  -4  -5  -3  -2  -4  -4  -3   1   1  -3   9  -1  -4  -3  -2  -3  -2   0    0   0   0   0   0   0   0   0   0   4   4   0  92   0   0   0   0   0   0   0  1.43 0.28
    2 M    -2   0  -3  -3  -3   0  -2  -4  -3  -1   0   3   7  -2  -3  -2   0  -3  -3  -1    0   4   0   0   0   3   0   0   0   0   2  29  55   0   0   0   7   0   0   0  0.78 0.24
    3 S     2   1  -1  -2  -2   1  -1  -2   0  -2   0   3  -1   0  -1   2  -1  -3  -2  -1   18   5   0   0   0   5   0   0   2   0   9  28   0   5   2  23   0   0   0   2  0.20 0.10
    4 F     2  -3  -3  -3  -2  -2  -3  -3  -2   0   1  -2   0   4  -1   0  -1  -1   1   0   22   0   0   0   0   0   0   0   0   3  20   2   0  31   2   9   2   0   2   7  0.27 0.11
    5 V     0  -3  -3  -4  -2  -3  -3  -1  -3   2   3  -3   0   1  -3  -1  -1  -3  -1   3    6   0   0   0   0   0   0   6   0   8  34   0   0   6   0   5   0   0   0  35  0.31 0.11
    6 S    -1  -3  -1  -3  -2  -2  -2  -1  -3   2   1  -2   0   1   2   1   0  -3  -1   2    2   0   2   0   0   0   0   4   0  13  18   0   0   9  13  15   4   0   0  19  0.18 0.08
    7 L    -1  -3  -4  -4  -2  -3  -4  -4  -4   4   4  -3   1   1  -4  -3  -1  -3  -2   2    4   0   0   0   0   0   0   0   0  32  47   0   0   4   0   0   4   0   0   9  0.52 0.14
    8 L    -1  -3  -3  -3   3  -3  -3  -1  -3   1   3  -3   0   2  -3   0   0  -2   1   0    4   0   0   0   8   0   0   6   0   4  44   0   0  12   0   9   4   0   4   5  0.25 0.10
    9 L     1  -3  -3  -4  -2  -3  -3   1  -3   0   3  -3   0   1  -3  -2  -2  -3  -2   1   18   0   0   0   0   0   0  13   0   0  49   0   0   6   0   0   0   0   0  14  0.33 0.13
   10 V     1  -3  -4  -4  -2  -3  -3  -3  -3   2   3  -3   1   1  -3  -2  -1  -3  -1   2   17   0   0   0   0   0   0   0   0  13  41   0   2   7   0   0   0   0   0  20  0.37 0.12
   11 G     1  -3  -2  -3   3  -2  -2   3  -3   1   0  -2  -1  -2  -3   1   0  -3  -3   1   13   0   0   0   9   0   0  26   0   8  11   0   0   0   0  13   4   0   0  16  0.23 0.09
   12 I     1  -3  -3  -4   4  -3  -3  -3  -3   3   2  -3   1   1  -3  -1  -1  -2   1   1   16   0   0   0  14   0   0   0   0  24  24   0   2   7   0   4   0   0   5   4  0.29 0.10
   13 L     0  -3  -4  -4   0  -3  -3  -4  -3   1   4  -3   2   1  -3  -2  -1  -2  -1   1   11   0   0   0   2   0   0   0   0   6  55   0   6   7   0   2   2   0   0   9  0.41 0.13
   14 F     1  -3  -3  -3   3  -2  -3  -3  -3   1   1  -2   0   2   0   1   0  -2  -1   2   13   0   0   0   9   0   0   0   0   8  19   0   0  14   5  13   2   0   0  18  0.19 0.08
   15 H     1  -3  -3  -3   0  -2  -2  -3   0   1   0  -2   0  -2   5  -1   1  -4  -1   2   17   0   0   0   2   0   0   0   3   6   6   0   2   0  30   0  12   0   2  22  0.47 0.14
   16 A     3  -2  -1  -2  -2  -2  -2   1   1  -1  -1  -1  -1  -3   2   1   1  -3  -2   0   40   0   2   0   0   0   0   8   4   1   7   2   1   0  13   9   7   0   0   7  0.28 0.11
   17 T     1  -3   0  -3   2  -2  -2  -2  -3   1   0  -2  -1   0  -1   1   1  -3  -2   3   17   0   4   0   6   0   0   0   0  10   5   0   0   3   1  14  12   0   0  28  0.19 0.10
   18 Q    -1  -1  -1   2  -4   5   3   0   0  -3  -2   1  -1  -1  -2  -1  -2   1  -2  -3    2   0   0  10   0  42  18   7   2   0   4   7   1   3   1   0   0   2   0   0  0.50 0.18
   19 A     5  -3  -2  -3  -2  -2  -2   4  -3  -3  -3  -2  -3  -4  -1   0  -1  -4  -3  -2   60   0   0   0   0   0   0  32   0   0   1   0   0   0   2   3   2   0   0   0  0.76 0.22
   20 E    -2   2  -1   0  -4   0   0  -3  -2  -2  -4   6  -3  -4  -3   0   0  -4  -2  -3    1   9   1   4   0   1   4   0   0   4   0  66   0   0   0   4   5   0   1   0  0.75 0.27
   21 Q    -2   0  -2   1  -2   1  -1  -3  -2   2   0  -1  -1  -2  -3  -1   2  -3   0   3    0   6   0   8   0  11   3   0   0  20   2   2   0   0   0   0  19   0   4  26  0.21 0.14
   22 L    -3  -4  -4  -5  -3  -3  -4  -5  -2   1   2  -4   2   5  -5  -3  -3   1   6  -1    0   0   0   0   0   0   0   0   0   6  21   0   7  35   0   0   0   1  30   0  0.87 0.25
   23 T    -1   0  -1   1  -3   0   2   2  -1  -3  -3   1  -2  -4   0   0   4  -4  -3  -2    0   5   1   7   0   3  19  16   1   0   0   7   0   0   3   4  35   0   0   0  0.36 0.16
   24 K    -3   6  -1  -3  -5   0  -1  -3   0  -3  -4   4  -3  -4  -3  -2  -2  -4  -3  -4    0  60   2   0   0   2   0   0   1   1   0  31   0   0   0   0   0   0   0   0  1.07 0.29
   25 C    -3  -5  -5  -6  11  -1  -6  -5  -5  -4  -4  -5  -4  -5  -5  -3  -3  -5  -5  -3    0   0   0   0  95   3   0   0   0   0   0   0   0   0   0   0   0   0   0   0  2.88 0.54
   26 E    -1  -1  -1   1  -4   2   5  -1  -2  -4  -4   1  -3  -4  -2   2  -1  -4  -3  -2    3   0   0   4   0   5  58   5   0   0   0   6   0   0   0  16   2   0   0   2  0.70 0.24
   27 V    -1  -3  -4  -5  -3  -1  -4  -4  -4   0   5  -3   1   2  -4  -3  -2   1  -1   1    6   0   0   0   0   3   0   0   0   0  71   0   0   9   0   0   0   2   0   9  0.67 0.23
   28 F     4  -3  -1  -3   1  -2  -2  -2  -3  -2  -2  -2   0  -1  -2   2   0  -4  -3   1   58   0   2   0   3   0   0   0   0   0   0   0   3   2   1  15   2   0   0  13  0.51 0.22
   29 Q    -1   5   0  -1  -4   4   0  -3   3  -4  -4   3  -2  -4  -3  -1  -2  -4  -2  -4    6  36   2   2   0  20   2   0   8   0   0  24   0   0   0   0   0   0   0   0  0.70 0.23
   30 E     1   0   0  -1  -2   0   2  -2  -2   2   0   1   0  -2  -2   0   1  -3  -2   1   12   3   5   0   0   0  25   0   0  17   6  10   2   0   0   4   8   0   0   8  0.15 0.10
   31 L    -2  -4  -5  -5  -3  -3  -4  -5  -4   1   5  -4   4   1  -4  -4  -2  -3  -2   0    1   0   0   0   0   0   0   0   0   4  73   0  16   3   0   0   0   0   0   2  0.87 0.27
   32 K     0   3  -1  -2  -4   1   1  -3   2  -4  -3   4  -2  -3  -2   0  -2  -3   2  -3   10  17   1   0   0   5   9   0   5   0   0  40   0   0   0   4   0   0   8   0  0.48 0.18
   33 D    -1   1   1   3  -4   0   2   3  -2  -4  -4   0  -3  -4  -2   0   0  -4  -3  -3    4   8   6  22   0   2  15  31   0   0   0   6   0   0   0   2   5   0   0   0  0.45 0.14
   34 L    -2   0  -3  -3  -2  -2  -3  -3   3   1   4  -2   5  -1  -3  -2  -2  -2  -1   0    1   6   1   1   0   0   1   1  10   4  49   1  22   0   1   1   1   0   0   1  0.49 0.18
   35 K    -1  -2   2   5  -3   1   0   3  -1  -4  -4  -1  -3  -3  -2   0  -2  -3   0  -3    5   0  11  39   0   7   2  22   0   0   1   3   0   0   0   4   0   0   4   1  0.52 0.16
   36 D    -1  -3   2   0  -4  -3  -3   6  -2  -3  -4  -3   1  -3  -4  -2  -2  -3   1  -1    0   0  12   4   0   0   0  64   0   0   0   0   5   0   0   0   0   0   7   8  0.86 0.25
   37 Y    -3  -4  -3   0  -4  -3  -3  -4   0  -1  -1  -4  -2   5   0  -2  -3   0   7  -1    0   0   0   6   0   0   0   0   2   2   4   0   0  32   5   2   0   0  43   5  0.93 0.27
   38 G    -1   4  -1   0  -4   1   1   0   2  -4  -3   2  -2  -3   1   0  -2   0  -1  -2    2  30   0   5   0   7  10   9   6   0   0  14   0   0   8   4   0   1   1   2  0.37 0.14
   39 G    -1   0  -1   1  -4  -1   1   5   1  -4  -4   0  -3  -4  -3  -1  -2  -4  -3  -1    0   5   0  10   0   2  10  57   3   0   0   7   0   0   0   0   0   0   0   6  0.68 0.21
   40 V    -1  -2   1  -1  -2  -2  -2  -3  -1   3  -1  -2  -1   1   0  -1   0  -1   4   2    3   0  10   3   0   0   0   0   0  27   1   2   0   3   4   4   3   0  21  16  0.24 0.14
   41 S     0  -2  -1   0  -2   1   0  -1  -2  -3  -2   0  -2  -3   0   4   2  -4  -3  -2    4   0   1   4   0   8   4   1   0   0   5   4   0   0   5  46  17   0   0   0  0.41 0.19
   42 L    -3  -4  -5  -5  -3  -3  -4  -5  -4   2   5  -4   4  -1  -4  -4  -2  -3  -2   1    0   0   0   0   0   0   0   0   0   6  79   0  10   0   0   0   0   0   0   4  0.94 0.28
   43 P     2   0  -2  -1  -3  -1   0   1  -2  -3  -2   0  -2  -4   4   0   0  -4  -3  -2   29   7   0   1   0   0   8  14   0   0   2   4   0   0  25   5   4   0   0   0  0.47 0.15
   44 E    -2   0   5   4  -4   1   3  -2   0  -4  -4   0  -3  -4  -3  -1   0  -5  -3  -4    0   5  38  23   0   3  22   0   1   0   0   4   0   0   0   0   4   0   0   0  0.71 0.20
   45 W    -5  -5  -6  -6  -4  -4  -5  -5  -5  -4   0  -5   1  -1  -6  -5  -4  12   0  -4    0   0   0   0   0   0   0   0   0   0   9   0   4   0   0   0   0  83   0   0  3.08 0.51
   46 V     0  -3  -4  -4  -2  -3  -3  -4  -4   3   2  -3   2  -2  -3  -2   1  -4  -2   4    5   0   0   0   0   0   0   0   0  14  15   0   6   0   0   0   9   0   0  51  0.50 0.17
   47 C    -3  -6  -5  -6  11  -5  -6  -5  -5  -3  -3  -5  -4  -5  -5  -3  -3  -5  -5  -3    0   0   0   0  96   0   0   0   0   0   0   0   0   0   0   0   0   0   0   0  2.86 0.50
   48 T     0  -2  -2  -3  -1  -2  -2  -3  -3   2   2  -2   2  -1  -3  -1   2  -3  -2   2   10   0   0   0   0   0   0   0   0  13  32   0   9   0   0   0  22   0   0  14  0.25 0.08
   49 A     3  -2  -2  -3  -1  -2  -2  -2  -2   1   1  -2   2  -2  -2   1   1  -3  -2   1   41   0   0   0   0   0   0   0   0  12  12   0  10   0   0   8   8   0   0   9  0.21 0.08
   50 F    -2   0  -1  -1  -4   2   2  -3   1  -3  -2   2  -2   4  -3  -2  -2  -1   4  -3    0   3   2   0   0  10  21   0   4   0   0  18   0  26   0   0   0   0  17   0  0.43 0.15
   51 H    -3  -2   2  -2  -4  -2  -2  -2   7  -3  -3  -1  -2   3  -4  -2  -2   6   4  -2    0   0  13   0   0   0   0   3  36   0   0   2   0  14   0   0   0  11  16   4  0.78 0.21
   52 T    -1  -2  -2   0  -4   0   6  -2  -2  -1  -3  -1  -1  -4  -2   0   1  -4  -3  -2    2   0   0   0   0   0  74   2   0   6   0   0   2   0   0   3  12   0   0   0  0.82 0.24
   53 S     0  -2  -1  -2  -2  -2  -2  -2  -2  -4  -4  -2  -3  -4  -2   6   0  -4  -3  -3    0   0   0   0   0   0   0   0   0   0   0   0   0   0   0 100   0   0   0   0  1.21 0.34
   54 G     0   0   3   1  -3  -1  -1   4   1  -4  -4   0  -3  -4  -3   1  -1  -4  -3  -3    4   4  16   7   0   1   0  45   4   0   0   6   0   0   0  11   2   0   0   0  0.52 0.13
   55 Y    -3   1  -3  -4  -4  -3  -3  -2  -1  -2   0  -3  -1   6  -4  -3  -3   0   7  -2    0   9   0   0   0   0   0   3   0   0   6   0   0  37   0   0   0   0  45   0  0.97 0.24
   56 D    -2   2   6   3  -4  -1  -1  -2  -1  -4  -4   0  -3  -2  -3   1  -1  -4  -1  -4    0  12  55  20   0   0   0   0   0   0   0   2   0   2   0   7   0   0   2   0  0.77 0.21
   57 T    -1  -2  -1  -2  -2  -2  -2  -3  -3  -1  -2  -1  -2  -4   1   1   6  -4  -3  -1    3   0   0   0   0   0   0   0   0   4   0   2   0   0   6   5  81   0   0   0  0.90 0.27
   58 Q     0   1   1   1  -3   3   1   0   0  -3  -3   1  -1  -3  -2   1   0   0  -2  -2    8   8   5  10   0  25   6   6   3   0   0   8   2   0   0  13   5   1   0   0  0.27 0.09
   59 A     4  -2  -2  -3  -2  -2  -2  -1  -3   0  -2   1  -1  -1  -2   0   1  -3  -2   1   61   0   0   0   0   0   0   0   0   5   0  13   0   4   0   1   7   0   0   9  0.40 0.17
   60 I    -1  -2  -2  -3  -2  -2   0  -3  -3   3   0  -2   0  -1  -3  -1   3  -3  -1   3    0   1   0   0   0   0   7   0   0  21   5   2   0   2   0   0  29   0   1  32  0.31 0.14
   61 V    -2  -2   5   1  -3  -1  -2   1  -1  -1  -2  -2  -2  -3  -3  -1  -1  -4   0   2    0   0  44   9   0   2   0  12   0   2   0   0   0   0   0   0   0   0   4  25  0.43 0.17
   62 Q    -2   1   4   0  -4   0   1  -2   3  -3  -2   0  -2  -1  -2  -1  -1  -2   4  -3    0   9  32   2   0   2  10   0  10   0   4   4   0   0   2   2   1   0  21   0  0.44 0.17
   63 N    -2  -1   7   1  -4  -1   1  -2  -1  -4  -5   1  -3  -4  -3   0  -1  -4   0  -4    3   0  65   4   0   0   8   0   0   0   0  10   0   0   0   6   1   0   4   0  0.92 0.27
   64 N    -2  -2   5   4  -4  -1  -1  -1   1  -4  -4  -1  -4  -4   2   0  -1  -5  -3  -3    1   1  39  33   0   0   0   2   4   0   0   1   0   0  12   4   2   0   0   1  0.78 0.22
   65 D    -1  -1   0  -1  -4  -1  -1   6  -3  -5  -5  -2  -4  -5  -1   0  -1  -4  -4  -4    0   2   3   3   0   2   2  77   0   0   0   2   0   0   2   4   3   0   0   0  1.09 0.25
   66 S     0  -2   1  -2  -2  -1  -1  -1   1  -4  -4  -1  -3  -3  -2   6   0  -4   0  -3    0   0   5   0   0   0   0   1   3   0   0   1   0   0   0  85   0   0   4   0  0.86 0.25
   67 T    -1   2   1  -2  -2  -1  -1  -2  -1  -1  -2   2  -2  -1  -2   1   5  -3  -2  -2    0  11   6   0   0   0   0   0   2   2   0  16   0   3   0   9  52   0   0   0  0.45 0.16
   68 E    -1  -2   1   6  -4  -1   3   0  -2  -4  -4  -1  -4  -4  -2   0  -2  -5  -4  -4    4   0   6  58   0   0  20   8   0   0   0   0   0   0   0   4   0   0   0   0  0.85 0.18
   69 Y    -1  -3   0  -4  -4  -3  -3  -4   2  -3  -3  -3  -2   3  -4  -2  -3   1   8  -3    4   0   4   0   0   0   0   0   4   0   0   0   0   7   0   2   0   0  79   0  1.42 0.28
   70 G    -1  -4  -2  -3  -4  -3  -4   7  -4  -5  -5  -3  -4  -5  -4  -2  -3  -4  -5  -5    0   0   0   0   0   0   0 100   0   0   0   0   0   0   0   0   0   0   0   0  1.71 0.27
   71 L    -2  -4  -5  -5  -2  -4  -4  -5  -4   5   3  -4   1  -1  -4  -4  -2  -3  -2   1    0   0   0   0   0   0   0   0   0  60  38   0   0   0   0   0   0   0   0   2  0.77 0.19
   72 F    -4  -4  -5  -5  -4  -4  -5  -5  -3  -1   1  -4   1   8  -5  -4  -3  -1   2  -2    0   0   0   0   0   0   0   0   0   0  11   0   3  86   0   0   0   0   0   0  1.44 0.27
   73 Q    -2  -1  -2  -2  -5   8   1  -4  -1  -5  -4   0  -2  -5  -3  -2  -2  -4  -3  -4    0   0   0   0   0  98   2   0   0   0   0   0   0   0   0   0   0   0   0   0  1.65 0.35
   74 I    -3  -4  -5  -5  -3  -4  -5  -5  -5   7   1  -4   2  -1  -4  -4  -2  -4  -3   1    0   0   0   0   0   0   0   0   0  91   5   0   4   0   0   0   0   0   0   0  1.07 0.25
   75 N    -2   1   7   0  -4  -1  -1  -2  -1  -4  -4  -1  -3  -4  -3   1  -1  -4  -3  -4    0   8  76   0   0   0   0   0   0   0   0   0   0   0   0  12   0   0   0   0  1.07 0.23
   76 N    -1  -1   3   3  -3   0   0   0  -1  -4  -4  -1  -3  -4  -2   4   0  -4  -3  -3    0   2  21  21   0   2   0   4   0   0   0   0   0   0   0  47   0   0   0   0  0.55 0.15
   77 K    -1   4   1  -1  -4   0  -1  -2   2  -3  -2   3  -1  -1  -1  -1  -2  -3   1  -3    5  32   6   3   0   2   0   0   6   0   2  29   1   2   2   3   0   0   6   0  0.43 0.15
   78 I    -2  -1  -2   0  -3  -2  -1  -1  -1  -1  -1  -2  -1   1  -4  -2  -2   8   6  -2    2   4   1   5   0   0   3   6   0   3   5   2   1   3   0   0   2  21  40   0  0.82 0.21
   79 W    -5  -5  -5  -6  -4  -4  -5  -5  -4  -5  -4  -5  -4   0  -5  -5  -4  13   0  -5    0   0   0   0   0   0   0   0   0   0   0   0   0   2   0   0   0  93   0   0  3.69 0.53
   80 C    -2  -5  -4  -5  11  -5  -5  -4  -5  -3  -3  -5  -3  -4  -5  -3  -3  -4  -4  -3    0   0   0   0  95   0   0   0   0   0   0   0   0   0   0   0   0   0   0   0  2.85 0.46
   81 K     0   1   4   2  -3   1   0   0   0  -3  -3   2  -2  -3  -2   1  -1  -3  -2  -2    8   8  28  11   0   5   2   5   2   0   0  13   0   0   0  11   0   0   1   2  0.32 0.11
   82 D    -1  -1   3   5  -3  -1   1  -2  -2  -3  -4   0  -3  -4   2   1  -1  -4  -3  -3    3   2  15  40   0   0   6   1   0   1   1   6   0   0  10  13   1   0   0   1  0.55 0.15
   83 D     0  -1   1   1  -2  -1  -1   4  -1  -3  -2   1  -2  -2   0   1   0  -2   0  -2    5   1   6   7   0   1   1  37   0   1   2   9   0   1   4  12   6   0   4   1  0.31 0.09
   84 Q    -1   2   1  -1  -2   3   1  -2  -1  -1  -1   3  -1  -3  -1   1   0  -3  -2  -2    3   9   5   2   0  18   5   1   0   3   6  27   0   1   1  12   4   0   1   2  0.25 0.09
   85 N    -1  -2   1  -1  -2  -1   0   1  -1  -1  -2  -1  -2  -1  -2   1   4  -3  -2  -1    2   1   8   1   0   1   7  12   1   3   2   1   0   3   1   7  47   0   1   2  0.34 0.13
   86 P    -1   1  -2   0  -3  -1   0  -2  -2  -2  -1   0  -2  -3   6   0  -1  -3  -3  -2    2  12   1   6   0   1   4   1   0   1   7   3   0   1  48   7   1   0   1   3  0.82 0.15
   87 H    -1   1   1  -1  -3   1   0   2   3  -2  -2   0  -2   1   0  -1  -1  -2   1  -1    1   6   7   1   0  10   4  21  12   1   1   6   0   9   5   3   2   0   4   6  0.16 0.07
   88 S     2  -2  -1  -2  -2  -1   0   1  -2  -2  -1   0  -2  -3  -2   4   1  -4  -3  -1   22   0   0   0   0   1   4  10   0   0   5   7   0   0   0  41   6   0   0   4  0.34 0.16
   89 R    -1   3   0   1  -3   0   1  -2   0  -2  -2   2  -2  -2   2  -1  -1  -3   1   1    2  18   5   7   0   1   7   2   3   0   0  21   0   0  11   2   0   0   8  15  0.24 0.11
   90 N    -3  -2   7   1  -4  -1   0  -2  -1  -4  -4  -1  -3  -4  -3   0  -1  -5  -3  -4    1   0  78   4   0   0   6   0   0   0   1   2   0   0   0   6   0   0   0   0  1.26 0.30
   91 I     1   0  -1  -1  -2  -1   0   0   2   1   1  -1   0  -1  -2  -1  -1  -3  -1   1   20   5   1   3   0   0   9   8   8  14  15   0   0   1   0   0   1   0   0  12  0.07 0.07
   92 C    -3  -6  -5  -6  11  -5  -6  -5  -6  -4  -4  -6  -4  -5  -5  -3  -3  -5  -5  -3    0   0   0   0 100   0   0   0   0   0   0   0   0   0   0   0   0   0   0   0  3.18 0.53
   93 N    -2  -1   3   2  -4   1  -1   3   5  -5  -4   0  -3  -4  -3  -1  -2  -4  -2  -4    0   2  21  10   0   7   0  28  22   0   0   6   0   0   0   2   0   0   0   0  0.60 0.18
   94 I    -2  -4  -4  -4  -2  -3  -1  -5  -4   5   1  -3   3  -2  -4  -3  -1  -4  -3   3    0   0   0   0   0   0   5   0   0  53   8   0  10   0   0   0   2   0   0  22  0.67 0.21
   95 S     0  -1   0   1  -2  -1  -1  -2  -2  -2   0  -1  -1  -2   3   3   1  -3   1  -2    5   2   3   7   0   1   1   0   0   0  11   3   2   0  14  36   8   0   7   0  0.29 0.14
   96 C    -3  -6  -5  -6  11  -5  -6  -5  -6  -4  -4  -6  -4  -5  -5  -3  -3  -5  -5  -3    0   0   0   0 100   0   0   0   0   0   0   0   0   0   0   0   0   0   0   0  3.18 0.53
   97 D     0  -1   2   3  -3   0   0  -2   0  -4  -4   0  -3  -4  -2   4   0  -4  -3  -3    4   1  11  16   0   3   2   1   2   0   0   3   0   0   0  55   4   0   0   0  0.60 0.21
   98 K     3  -1   0   3  -3   1   2  -2  -2  -3  -3   3  -2  -4  -2  -1  -1  -4  -3  -1   31   0   3  22   0   5  12   0   0   0   0  24   0   0   0   0   0   0   0   4  0.41 0.16
   99 F    -3  -4  -5  -5  -3  -4  -5  -5  -4   0   5  -4   2   3  -5  -4  -3  -3  -1  -1    0   0   0   0   0   0   0   0   0   0  82   0   2  16   0   0   0   0   0   0  1.00 0.26
  100 L    -3  -2  -5  -5  -3  -1  -4  -5  -4   0   5  -3   3  -1  -4  -4  -3  -3  -3   0    0   2   0   0   0   3   0   0   0   1  85   0   8   0   0   0   0   0   0   1  0.96 0.26
  101 D    -2  -1   3   4  -3   1   1  -1  -2  -3  -2   0  -2  -4  -2   1   2  -4  -3  -2    0   2  21  26   0   6   5   2   0   0   3   4   0   0   0   9  21   0   0   1  0.43 0.15
  102 D    -1  -1   1   6  -4  -2   0  -3  -3  -5  -5  -2  -4  -5   3   0  -2  -6  -4  -4    4   3   5  63   0   0   1   0   0   0   0   0   0   0  17   6   0   0   0   0  1.08 0.26
  103 D    -3  -3   4   7  -5  -2   0  -3   1  -5  -5  -2  -4  -5  -3  -1   0  -6  -4  -4    0   0  20  68   0   0   2   0   3   0   0   0   0   0   0   1   5   0   0   0  1.22 0.28
  104 L    -3  -4  -5  -5  -3  -4  -5  -5  -5   6   3  -4   0  -1  -4  -4  -2  -4  -3   1    0   0   0   0   0   0   0   0   0  65  32   0   0   0   0   0   1   0   0   2  0.95 0.25
  105 T     0  -2  -1   0  -2  -1   0  -2  -2  -1   0   1  -1  -3  -2   1   5  -3  -3  -1    6   0   0   4   0   0   7   1   0   3   8  10   0   0   0   7  52   0   0   1  0.41 0.17
  106 D     1  -1   1   5  -3   1   1  -2   0  -3  -3   1  -3  -4   0   0  -1  -4  -3  -1   13   0   5  43   0   6   4   0   2   0   0  12   0   0   4   3   0   0   0   7  0.46 0.15
  107 D     3  -2   1   4  -3  -2  -1  -1  -2  -2  -3  -2  -3  -4  -2   2   1  -4  -3  -2   34   0   5  32   0   0   0   1   0   1   0   0   0   0   0  15  11   0   0   0  0.51 0.18
  108 I    -1  -3  -4  -4  -2  -3  -4  -4  -4   5   0  -2   1  -2  -3  -1   0  -4  -2   4    3   0   0   0   0   0   0   0   0  44   3   1   2   0   0   6   5   0   0  35  0.57 0.19
  109 M     0   2   1  -1  -3   1   1  -2   0   0  -1   2   2  -2  -2  -1   0  -3  -1   0    9  10   9   0   0   5  12   0   2   9   1  19   9   0   0   1   6   0   1   5  0.15 0.09
  110 C    -3  -6  -5  -6  11  -5  -6  -5  -6  -4  -4  -6  -4  -5  -5  -3  -3  -5  -5  -3    0   0   0   0 100   0   0   0   0   0   0   0   0   0   0   0   0   0   0   0  3.16 0.51
  111 V     6  -3  -3  -4  -2  -3  -3  -2  -4  -3  -3  -3  -3  -4  -3  -1  -2  -4  -4   0   96   0   0   0   0   0   0   0   0   0   0   0   0   0   0   0   0   0   0   4  1.22 0.34
  112 K    -2   1  -2  -2  -5   1   0  -3  -2  -4  -3   7   2  -4  -3  -2  -2  -5  -3  -4    0   3   0   0   0   6   2   0   0   0   1  81   6   0   0   0   0   0   0   0  1.13 0.31
  113 K    -2   4  -1  -2  -4   1  -1  -3   1  -4  -3   6  -3  -4  -3   0   0  -4  -3  -3    0  20   0   0   0   2   0   0   3   0   3  61   0   0   0   5   6   0   0   0  0.82 0.24
  114 I    -3  -5  -5  -5  -3  -4  -5  -5  -5   6   0  -4   0  -2  -4  -4  -2  -4  -3   4    0   0   0   0   0   0   0   0   0  71   0   0   0   0   0   0   0   0   0  29  1.11 0.28
  115 L     0  -2  -4  -4  -2  -2  -3  -4  -1   1   2  -1   0   0  -3  -2   0  -3   1   4    5   2   0   0   0   1   0   0   1   0  29   4   0   1   0   0   4   0   7  46  0.39 0.16
  116 D    -1   1   1   4  -4   1   1  -1  -2  -4  -4   3  -3  -4  -2   2  -1  -4  -3  -4    2   6   5  36   0   6   3   3   0   0   0  21   0   0   0  17   0   0   0   0  0.53 0.16
  117 K    -1   1  -1  -2  -4   2   1   1  -2  -1  -3   1  -2  -4   5   0  -2  -4  -3  -3    1  10   1   0   0  12  10  12   0   6   0  12   0   0  28   8   0   0   0   0  0.50 0.14
  118 V    -2   0   2   0  -4   5   2  -2   4  -4  -3   2  -2  -4  -3  -1  -1  -4  -2  -3    1   2  13   2   0  36  13   1  12   0   2  13   0   0   0   0   2   0   0   2  0.56 0.19
  119 G    -2  -1   0  -3  -4  -3  -3   7  -3  -5  -5   0  -4  -5  -4  -2  -3  -4  -5  -5    0   3   3   0   0   0   0  89   0   0   0   5   0   0   0   0   0   0   0   0  1.51 0.30
  120 I    -3  -4  -4  -5  -3  -3  -4  -5  -3   4   2  -4   5   3  -4  -3  -2   5   0   0    0   0   0   0   0   0   0   0   0  30  15   0  26  15   0   0   0  10   2   1  0.71 0.21
  121 N    -1   1   2   3  -3   0  -1   2  -2  -3  -3   1  -1  -4  -2   1   2  -4  -3  -3    1  10  14  17   0   2   0  17   0   0   0  10   2   0   0  12  15   0   0   0  0.33 0.12
  122 Y     5  -3  -1  -3  -2  -2  -2  -2   1  -3  -3  -2  -3  -2   0   0  -2  -2   4  -2   66   0   4   0   0   0   0   0   3   0   0   0   0   0   4   2   0   0  21   0  0.73 0.25
  123 W    -5  -5  -7  -7  -5  -5  -6  -5  -5  -5  -4  -6  -4  -2  -7  -6  -5  13   0  -6    0   0   0   0   0   0   0   0   0   0   0   0   0   0   0   0   0 100   0   0  4.17 0.59
  124 L    -1  -2  -2  -1  -2   0   0  -3  -2   0   0   0  -1  -1   0   0   1  -2   2   3    1   0   0   2   0   3   7   0   0   1  10   8   0   0   5   9   8   0  10  35  0.15 0.11
  125 A     4  -3  -2  -3  -2  -2  -1   2  -3  -2  -3  -1  -2  -4  -2   1   2  -4  -3  -1   58   0   0   0   0   0   2  14   0   1   0   1   0   0   0   5  16   0   0   2  0.55 0.20
  126 H    -5  -4  -5  -6  -5  -4  -4  -5   5  -5  -4  -5  -4  -1  -6  -5  -5  12   3  -5    0   0   0   0   0   0   0   0  17   0   0   0   0   0   0   0   0  75   8   0  3.01 0.47
  127 K    -2   4   1  -1  -4   1   0  -2  -1  -3  -3   4  -2  -4  -2   0   0  -4  -3  -2    0  30   6   2   0   4   4   0   0   0   1  39   0   0   0   5   5   0   0   2  0.56 0.16
  128 A     0   1   3  -1  -3   0  -1  -2   2  -3  -1   2  -2  -3   2   1   0  -3  -2  -2    9   8  21   0   0   3   0   0   8   0   7  15   0   0  13   7   6   0   0   0  0.27 0.10
  129 L    -3   0   1  -3  -4  -1  -2  -4   7  -3   0   0   0   2  -4  -2  -3  -2   4  -3    0   5   7   0   0   1   0   0  42   0  12   8   3   8   0   0   0   0  15   0  0.73 0.21
  130 C    -3  -6  -5  -6  11  -5  -6  -5  -5  -4  -4  -6  -4  -5  -5  -3  -3  -5  -5  -3    0   0   0   0 100   0   0   0   0   0   0   0   0   0   0   0   0   0   0   0  3.13 0.49
  131 S    -1   1   1   0  -3   4   1  -2  -1  -2  -2   2  -2  -3  -2   2   0  -3  -2  -2    3   8   5   3   0  27   7   0   0   3   3  14   0   0   0  23   2   0   1   0  0.36 0.14
  132 E    -1  -2   2   2  -4  -1   2   5   1  -5  -5  -1  -4  -4  -3  -1  -2  -4  -3  -4    2   0  14  10   0   0  18  49   4   0   0   2   0   0   0   2   0   0   0   0  0.71 0.18
  133 K    -2   3   1   3  -4   0   0  -2  -2  -3  -3   3  -2  -3  -2   0   0   2  -1  -2    0  20   5  21   0   2   0   1   0   1   0  29   0   0   0   6   7   3   2   1  0.42 0.14
  134 L    -3  -4  -5  -5  -3  -4  -4  -5  -4   1   5  -4   1  -1  -4  -4  -2  -3  -2   2    0   0   0   0   0   0   0   0   0   0  82   0   2   0   0   0   0   0   0  17  0.90 0.23
  135 D     0  -2   0   3  -3   0   2  -2  -1  -4  -4  -1  -3  -2   4   3   0  -4  -3  -3    4   1   2  18   0   2  14   0   1   0   0   0   0   1  20  36   3   0   0   0  0.55 0.16
  136 Q    -1   1  -1   2  -4   5   2  -3  -1  -3  -3   1  -2  -3  -2   1  -1  -3   0  -2    3   8   0  13   0  39  10   0   0   0   0   6   0   0   1  14   1   0   4   2  0.49 0.16
  137 W    -4  -4  -5  -6  -4  -4  -5  -5  -3  -4  -3  -5  -3   1  -5  -4  -4  12   5  -4    0   0   0   0   0   0   0   0   0   0   0   0   0   2   0   0   0  77  21   0  2.88 0.35
  138 L    -2   1  -1  -3  -2  -1  -2  -4  -2   2   2   0   2  -1  -3  -2  -1  -3  -1   2    0  10   3   0   0   2   0   0   0  19  31   7   8   0   0   0   0   0   2  17  0.23 0.07
  139 C     2  -4  -3  -4   9  -3  -4  -2  -4  -2  -2  -3  -2  -3  -3  -1  -1  -3  -3  -1   25   0   0   0  75   0   0   0   0   0   0   0   0   0   0   0   0   0   0   0  1.39 0.15
  140 E    -1   0  -1   1  -4   2   6  -3  -1  -4  -3   1  -2  -4  -2  -1  -1  -3  -3  -3    0   0   0   0   0   0  93   0   0   0   0   7   0   0   0   0   0   0   0   0  0.85 0.07
  141 K    -1   2   0  -1  -3   1   2  -2  -1  -3  -3   5  -2  -3  -1   0  -1  -3  -2  -3    0   0   0   0   0   0   9   0   0   0   0  91   0   0   0   0   0   0   0   0  0.54 0.02
  142 L    -2  -2  -3  -4  -1  -2  -3  -4  -3   2   4  -2   3   0  -3  -2  -1  -2  -1   1    0   0   0   0   0   0   0   0   0   0  83   0  17   0   0   0   0   0   0   0  0.41 0.00

                      K         Lambda
Standard Ungapped    0.1371     0.3223
Standard Gapped      0.0500     0.2670
PSI Ungapped         0.1639     0.3183
PSI Gapped           0.0500     0.2670
